exonoodle/output_bb_noLD/Noodles_2021-02-26/SED_10.dat
# %ECSV 0.9
# ---
# datatype:
# - {name: wavelength, unit: micron, datatype: float64}
# - {name: flux, unit: microJansky, datatype: float64}
# schema: astropy-2.0
#
#
#  - - File generated by ExoNoodle - -
#         V1.0.0 - MML (CEA-Saclay)
#       2021-02-26 14:01:48.325215
wavelength flux 
[from data line 865]
8.19000E+00        1.13218584375E+04
8.19600E+00        1.13070705533E+04
8.20200E+00        1.12923114082E+04
8.20800E+00        1.12775809287E+04
8.21400E+00        1.12628790411E+04
8.22000E+00        1.12482056721E+04
8.22600E+00        1.12335607487E+04
8.23200E+00        1.12189441979E+04
8.23800E+00        1.12043559472E+04
8.24400E+00        1.11897959242E+04
8.25000E+00        1.11752640567E+04
8.25600E+00        1.11607602728E+04
8.26200E+00        1.11462845008E+04
8.26800E+00        1.11318366692E+04
8.27400E+00        1.11174167067E+04
8.28000E+00        1.11030245424E+04
8.28600E+00        1.10886601053E+04
8.29200E+00        1.10743233250E+04
8.29800E+00        1.10600141311E+04
8.30400E+00        1.10457324534E+04
8.31000E+00        1.10314782221E+04
8.31600E+00        1.10172513673E+04
8.32200E+00        1.10030518197E+04
8.32800E+00        1.09888795100E+04
8.33400E+00        1.09747343692E+04
8.34000E+00        1.09606163283E+04
8.34600E+00        1.09465253189E+04
8.35200E+00        1.09324612724E+04
8.35800E+00        1.09184241208E+04
8.36400E+00        1.09044137960E+04
8.37000E+00        1.08904302304E+04
8.37600E+00        1.08764733563E+04
8.38200E+00        1.08625431064E+04
8.38800E+00        1.08486394137E+04
8.39400E+00        1.08347622111E+04
8.40000E+00        1.08209114320E+04
8.40600E+00        1.08070870099E+04
8.41200E+00        1.07932888784E+04
8.41800E+00        1.07795169716E+04
8.42400E+00        1.07657712235E+04
8.43000E+00        1.07520515685E+04
8.43600E+00        1.07383579411E+04
8.44200E+00        1.07246902759E+04
8.44800E+00        1.07110485081E+04
8.45400E+00        1.06974325726E+04
8.46000E+00        1.06838424049E+04
8.46600E+00        1.06702779404E+04
8.47200E+00        1.06567391150E+04
8.47800E+00        1.06432258645E+04
8.48400E+00        1.06297381250E+04
8.49000E+00        1.06162758330E+04
8.49600E+00        1.06028389250E+04
8.50200E+00        1.05894273376E+04
8.50800E+00        1.05760410078E+04
8.51400E+00        1.05626798727E+04
8.52000E+00        1.05493438696E+04
8.52600E+00        1.05360329361E+04
8.53200E+00        1.05227470097E+04
8.53800E+00        1.05094860285E+04
8.54400E+00        1.04962499304E+04
8.55000E+00        1.04830386538E+04
8.55600E+00        1.04698521371E+04
8.56200E+00        1.04566903189E+04
8.56800E+00        1.04435531381E+04
8.57400E+00        1.04304405337E+04
8.58000E+00        1.04173524450E+04
8.58600E+00        1.04042888112E+04
8.59200E+00        1.03912495720E+04
8.59800E+00        1.03782346672E+04
8.60400E+00        1.03652440366E+04
8.61000E+00        1.03522776205E+04
8.61600E+00        1.03393353591E+04
8.62200E+00        1.03264171930E+04
8.62800E+00        1.03135230628E+04
8.63400E+00        1.03006529094E+04
8.64000E+00        1.02878066738E+04
8.64600E+00        1.02749842973E+04
8.65200E+00        1.02621857212E+04
8.65800E+00        1.02494108871E+04
8.66400E+00        1.02366597368E+04
8.67000E+00        1.02239322121E+04
8.67600E+00        1.02112282553E+04
8.68200E+00        1.01985478086E+04
8.68800E+00        1.01858908144E+04
8.69400E+00        1.01732572155E+04
8.70000E+00        1.01606469545E+04
8.70600E+00        1.01480599744E+04
8.71200E+00        1.01354962185E+04
8.71800E+00        1.01229556300E+04
8.72400E+00        1.01104381525E+04
8.73000E+00        1.00979437296E+04
8.73600E+00        1.00854723051E+04
8.74200E+00        1.00730238231E+04
8.74800E+00        1.00605982276E+04
8.75400E+00        1.00481954632E+04
8.76000E+00        1.00358154742E+04
8.76600E+00        1.00234582053E+04
8.77200E+00        1.00111236015E+04
8.77800E+00        9.99881160764E+03
8.78400E+00        9.98652216897E+03
8.79000E+00        9.97425523081E+03
8.79600E+00        9.96201073867E+03
8.80200E+00        9.94978863822E+03
8.80800E+00        9.93758887528E+03
8.81400E+00        9.92541139586E+03
8.82000E+00        9.91325614609E+03
8.82600E+00        9.90112307230E+03
8.83200E+00        9.88901212096E+03
8.83800E+00        9.87692323870E+03
8.84400E+00        9.86485637233E+03
8.85000E+00        9.85281146880E+03
8.85600E+00        9.84078847522E+03
8.86200E+00        9.82878733886E+03
8.86800E+00        9.81680800714E+03
8.87400E+00        9.80485042766E+03
8.88000E+00        9.79291454814E+03
8.88600E+00        9.78100031650E+03
8.89200E+00        9.76910768077E+03
8.89800E+00        9.75723658917E+03
8.90400E+00        9.74538699004E+03
8.91000E+00        9.73355883192E+03
8.91600E+00        9.72175206345E+03
8.92200E+00        9.70996663346E+03
8.92800E+00        9.69820249092E+03
8.93400E+00        9.68645958494E+03
8.94000E+00        9.67473786481E+03
8.94600E+00        9.66303727994E+03
8.95200E+00        9.65135777989E+03
8.95800E+00        9.63969931440E+03
8.96400E+00        9.62806183334E+03
8.97000E+00        9.61644528671E+03
8.97600E+00        9.60484962468E+03
8.98200E+00        9.59327479756E+03
8.98800E+00        9.58172075582E+03
8.99400E+00        9.57018745005E+03
9.00000E+00        9.55867483101E+03
9.00600E+00        9.54718284959E+03
9.01200E+00        9.53571145682E+03
9.01800E+00        9.52426060390E+03
9.02400E+00        9.51283024214E+03
9.03000E+00        9.50142032302E+03
9.03600E+00        9.49003079815E+03
9.04200E+00        9.47866161928E+03
9.04800E+00        9.46731273830E+03
9.05400E+00        9.45598410726E+03
9.06000E+00        9.44467567833E+03
9.06600E+00        9.43338740383E+03
9.07200E+00        9.42211923621E+03
9.07800E+00        9.41087112807E+03
9.08400E+00        9.39964303213E+03
9.09000E+00        9.38843490128E+03
9.09600E+00        9.37724668853E+03
9.10200E+00        9.36607834701E+03
9.10800E+00        9.35492983001E+03
9.11400E+00        9.34380109095E+03
9.12000E+00        9.33269208339E+03
9.12600E+00        9.32160276102E+03
9.13200E+00        9.31053307765E+03
9.13800E+00        9.29948298726E+03
9.14400E+00        9.28845244392E+03
9.15000E+00        9.27744140188E+03
9.15600E+00        9.26644981549E+03
9.16200E+00        9.25547763923E+03
9.16800E+00        9.24452482774E+03
9.17400E+00        9.23359133576E+03
9.18000E+00        9.22267711819E+03
9.18600E+00        9.21178213004E+03
9.19200E+00        9.20090632646E+03
9.19800E+00        9.19004966273E+03
9.20400E+00        9.17921209424E+03
9.21000E+00        9.16839357654E+03
9.21600E+00        9.15759406529E+03
9.22200E+00        9.14681351628E+03
9.22800E+00        9.13605188543E+03
9.23400E+00        9.12530912878E+03
9.24000E+00        9.11458520250E+03
9.24600E+00        9.10388006290E+03
9.25200E+00        9.09319366641E+03
9.25800E+00        9.08252596955E+03
9.26400E+00        9.07187692903E+03
9.27000E+00        9.06124650162E+03
9.27600E+00        9.05063464426E+03
9.28200E+00        9.04004131399E+03
9.28800E+00        9.02946646799E+03
9.29400E+00        9.01891006354E+03
9.30000E+00        9.00837205805E+03
9.30600E+00        8.99785240908E+03
9.31200E+00        8.98735107427E+03
9.31800E+00        8.97686801140E+03
9.32400E+00        8.96640317839E+03
9.33000E+00        8.95595653323E+03
9.33600E+00        8.94552803409E+03
9.34200E+00        8.93511763921E+03
9.34800E+00        8.92472530697E+03
9.35400E+00        8.91435099588E+03
9.36000E+00        8.90399466455E+03
9.36600E+00        8.89365627172E+03
9.37200E+00        8.88333577622E+03
9.37800E+00        8.87303313705E+03
9.38400E+00        8.86274831327E+03
9.39000E+00        8.85248126410E+03
9.39600E+00        8.84223194884E+03
9.40200E+00        8.83200032693E+03
9.40800E+00        8.82178635792E+03
9.41400E+00        8.81159000148E+03
9.42000E+00        8.80141121737E+03
9.42600E+00        8.79124996550E+03
9.43200E+00        8.78110620586E+03
9.43800E+00        8.77097989857E+03
9.44400E+00        8.76087100386E+03
9.45000E+00        8.75077948209E+03
9.45600E+00        8.74070529369E+03
9.46200E+00        8.73064839924E+03
9.46800E+00        8.72060875942E+03
9.47400E+00        8.71058633501E+03
9.48000E+00        8.70058108692E+03
9.48600E+00        8.69059297615E+03
9.49200E+00        8.68062196383E+03
9.49800E+00        8.67066801118E+03
9.50400E+00        8.66073107954E+03
9.51000E+00        8.65081113036E+03
9.51600E+00        8.64090812519E+03
9.52200E+00        8.63102202570E+03
9.52800E+00        8.62115279365E+03
9.53400E+00        8.61130039093E+03
9.54000E+00        8.60146477952E+03
9.54600E+00        8.59164592151E+03
9.55200E+00        8.58184377910E+03
9.55800E+00        8.57205831459E+03
9.56400E+00        8.56228949039E+03
9.57000E+00        8.55253726901E+03
9.57600E+00        8.54280161308E+03
9.58200E+00        8.53308248532E+03
9.58800E+00        8.52337984855E+03
9.59400E+00        8.51369366571E+03
9.60000E+00        8.50402389983E+03
9.60600E+00        8.49437051404E+03
9.61200E+00        8.48473347159E+03
9.61800E+00        8.47511273583E+03
9.62400E+00        8.46550827019E+03
9.63000E+00        8.45592003822E+03
9.63600E+00        8.44634800357E+03
9.64200E+00        8.43679212998E+03
9.64800E+00        8.42725238132E+03
9.65400E+00        8.41772872153E+03
9.66000E+00        8.40822111465E+03
9.66600E+00        8.39872952483E+03
9.67200E+00        8.38925391634E+03
9.67800E+00        8.37979425351E+03
9.68400E+00        8.37035050079E+03
9.69000E+00        8.36092262272E+03
9.69600E+00        8.35151058395E+03
9.70200E+00        8.34211434923E+03
9.70800E+00        8.33273388338E+03
9.71400E+00        8.32336915134E+03
9.72000E+00        8.31402011815E+03
9.72600E+00        8.30468674893E+03
9.73200E+00        8.29536900891E+03
9.73800E+00        8.28606686342E+03
9.74400E+00        8.27678027785E+03
9.75000E+00        8.26750921773E+03
9.75600E+00        8.25825364867E+03
9.76200E+00        8.24901353636E+03
9.76800E+00        8.23978884660E+03
9.77400E+00        8.23057954527E+03
9.78000E+00        8.22138559837E+03
9.78600E+00        8.21220697196E+03
9.79200E+00        8.20304363222E+03
9.79800E+00        8.19389554541E+03
9.80400E+00        8.18476267787E+03
9.81000E+00        8.17564499606E+03
9.81600E+00        8.16654246652E+03
9.82200E+00        8.15745505588E+03
9.82800E+00        8.14838273085E+03
9.83400E+00        8.13932545825E+03
9.84000E+00        8.13028320498E+03
9.84600E+00        8.12125593804E+03
9.85200E+00        8.11224362450E+03
9.85800E+00        8.10324623154E+03
9.86400E+00        8.09426372642E+03
9.87000E+00        8.08529607649E+03
9.87600E+00        8.07634324920E+03
9.88200E+00        8.06740521207E+03
9.88800E+00        8.05848193272E+03
9.89400E+00        8.04957337885E+03
9.90000E+00        8.04067951826E+03
9.90600E+00        8.03180031883E+03
9.91200E+00        8.02293574852E+03
9.91800E+00        8.01408577539E+03
9.92400E+00        8.00525036759E+03
9.93000E+00        7.99642949333E+03
9.93600E+00        7.98762312093E+03
9.94200E+00        7.97883121879E+03
9.94800E+00        7.97005375540E+03
9.95400E+00        7.96129069932E+03
9.96000E+00        7.95254201922E+03
9.96600E+00        7.94380768382E+03
9.97200E+00        7.93508766196E+03
9.97800E+00        7.92638192254E+03
9.98400E+00        7.91769043456E+03
9.99000E+00        7.90901316708E+03
9.99600E+00        7.90035008927E+03
1.00020E+01        7.89170117038E+03
1.00080E+01        7.88306637972E+03
1.00140E+01        7.87444568670E+03
1.00200E+01        7.86583906082E+03
1.00260E+01        7.85724647164E+03
1.00320E+01        7.84866788881E+03
1.00380E+01        7.84010328208E+03
1.00440E+01        7.83155262126E+03
1.00500E+01        7.82301587624E+03
1.00560E+01        7.81449301700E+03
1.00620E+01        7.80598401361E+03
1.00680E+01        7.79748883620E+03
1.00740E+01        7.78900745498E+03
1.00800E+01        7.78053984026E+03
1.00860E+01        7.77208596241E+03
1.00920E+01        7.76364579189E+03
1.00980E+01        7.75521929923E+03
1.01040E+01        7.74680645506E+03
1.01100E+01        7.73840723005E+03
1.01160E+01        7.73002159499E+03
1.01220E+01        7.72164952071E+03
1.01280E+01        7.71329097816E+03
1.01340E+01        7.70494593832E+03
1.01400E+01        7.69661437228E+03
1.01460E+01        7.68829625121E+03
1.01520E+01        7.67999154632E+03
1.01580E+01        7.67170022894E+03
1.01640E+01        7.66342227045E+03
1.01700E+01        7.65515764232E+03
1.01760E+01        7.64690631608E+03
1.01820E+01        7.63866826334E+03
1.01880E+01        7.63044345580E+03
1.01940E+01        7.62223186522E+03
1.02000E+01        7.61403346345E+03
1.02060E+01        7.60584822238E+03
1.02120E+01        7.59767611402E+03
1.02180E+01        7.58951711042E+03
1.02240E+01        7.58137118373E+03
1.02300E+01        7.57323830614E+03
1.02360E+01        7.56511844995E+03
1.02420E+01        7.55701158750E+03
1.02480E+01        7.54891769123E+03
1.02540E+01        7.54083673365E+03
1.02600E+01        7.53276868731E+03
1.02660E+01        7.52471352488E+03
1.02720E+01        7.51667121906E+03
1.02780E+01        7.50864174265E+03
1.02840E+01        7.50062506851E+03
1.02900E+01        7.49262116958E+03
1.02960E+01        7.48463001885E+03
1.03020E+01        7.47665158940E+03
1.03080E+01        7.46868585438E+03
1.03140E+01        7.46073278700E+03
1.03200E+01        7.45279236055E+03
1.03260E+01        7.44486454839E+03
1.03320E+01        7.43694932394E+03
1.03380E+01        7.42904666070E+03
1.03440E+01        7.42115653223E+03
1.03500E+01        7.41327891216E+03
1.03560E+01        7.40541377421E+03
1.03620E+01        7.39756109213E+03
1.03680E+01        7.38972083977E+03
1.03740E+01        7.38189299105E+03
1.03800E+01        7.37407751992E+03
1.03860E+01        7.36627440045E+03
1.03920E+01        7.35848360674E+03
1.03980E+01        7.35070511297E+03
1.04040E+01        7.34293889338E+03
1.04100E+01        7.33518492230E+03
1.04160E+01        7.32744317409E+03
1.04220E+01        7.31971362322E+03
1.04280E+01        7.31199624418E+03
1.04340E+01        7.30429101156E+03
1.04400E+01        7.29659790001E+03
1.04460E+01        7.28891688424E+03
1.04520E+01        7.28124793901E+03
1.04580E+01        7.27359103919E+03
1.04640E+01        7.26594615966E+03
1.04700E+01        7.25831327541E+03
1.04760E+01        7.25069236148E+03
1.04820E+01        7.24308339295E+03
1.04880E+01        7.23548634500E+03
1.04940E+01        7.22790119286E+03
1.05000E+01        7.22032791183E+03
1.05060E+01        7.21276647725E+03
1.05120E+01        7.20521686456E+03
1.05180E+01        7.19767904923E+03
1.05240E+01        7.19015300682E+03
1.05300E+01        7.18263871293E+03
1.05360E+01        7.17513614325E+03
1.05420E+01        7.16764527349E+03
1.05480E+01        7.16016607947E+03
1.05540E+01        7.15269853705E+03
1.05600E+01        7.14524262214E+03
1.05660E+01        7.13779831073E+03
1.05720E+01        7.13036557887E+03
1.05780E+01        7.12294440267E+03
1.05840E+01        7.11553475829E+03
1.05900E+01        7.10813662197E+03
1.05960E+01        7.10074996999E+03
1.06020E+01        7.09337477872E+03
1.06080E+01        7.08601102455E+03
1.06140E+01        7.07865868397E+03
1.06200E+01        7.07131773350E+03
1.06260E+01        7.06398814974E+03
1.06320E+01        7.05666990934E+03
1.06380E+01        7.04936298901E+03
1.06440E+01        7.04206736553E+03
1.06500E+01        7.03478301572E+03
1.06560E+01        7.02750991648E+03
1.06620E+01        7.02024804476E+03
1.06680E+01        7.01299737755E+03
1.06740E+01        7.00575789194E+03
1.06800E+01        6.99852956503E+03
1.06860E+01        6.99131237402E+03
1.06920E+01        6.98410629614E+03
1.06980E+01        6.97691130870E+03
1.07040E+01        6.96972738905E+03
1.07100E+01        6.96255451459E+03
1.07160E+01        6.95539266282E+03
1.07220E+01        6.94824181124E+03
1.07280E+01        6.94110193745E+03
1.07340E+01        6.93397301908E+03
1.07400E+01        6.92685503385E+03
1.07460E+01        6.91974795949E+03
1.07520E+01        6.91265177382E+03
1.07580E+01        6.90556645471E+03
1.07640E+01        6.89849198009E+03
1.07700E+01        6.89142832792E+03
1.07760E+01        6.88437547625E+03
