exonoodle/output_bb_noLD/Noodles_2021-02-26/SED_10.dat
# %ECSV 0.9
# ---
# datatype:
# - {name: wavelength, unit: micron, datatype: float64}
# - {name: flux, unit: microJansky, datatype: float64}
# schema: astropy-2.0
#
#
#  - - File generated by ExoNoodle - -
#         V1.0.0 - MML (CEA-Saclay)
#       2021-02-26 14:01:48.325215
wavelength flux 
[from data line 433]
5.59800E+00        2.19046413169E+04
5.60400E+00        2.18653313482E+04
5.61000E+00        2.18261251450E+04
5.61600E+00        2.17870223510E+04
5.62200E+00        2.17480226116E+04
5.62800E+00        2.17091255734E+04
5.63400E+00        2.16703308848E+04
5.64000E+00        2.16316381953E+04
5.64600E+00        2.15930471561E+04
5.65200E+00        2.15545574199E+04
5.65800E+00        2.15161686405E+04
5.66400E+00        2.14778804734E+04
5.67000E+00        2.14396925755E+04
5.67600E+00        2.14016046051E+04
5.68200E+00        2.13636162218E+04
5.68800E+00        2.13257270867E+04
5.69400E+00        2.12879368624E+04
5.70000E+00        2.12502452126E+04
5.70600E+00        2.12126518027E+04
5.71200E+00        2.11751562993E+04
5.71800E+00        2.11377583703E+04
5.72400E+00        2.11004576852E+04
5.73000E+00        2.10632539147E+04
5.73600E+00        2.10261467308E+04
5.74200E+00        2.09891358070E+04
5.74800E+00        2.09522208181E+04
5.75400E+00        2.09154014400E+04
5.76000E+00        2.08786773502E+04
5.76600E+00        2.08420482276E+04
5.77200E+00        2.08055137520E+04
5.77800E+00        2.07690736049E+04
5.78400E+00        2.07327274689E+04
5.79000E+00        2.06964750280E+04
5.79600E+00        2.06603159674E+04
5.80200E+00        2.06242499736E+04
5.80800E+00        2.05882767344E+04
5.81400E+00        2.05523959390E+04
5.82000E+00        2.05166072775E+04
5.82600E+00        2.04809104417E+04
5.83200E+00        2.04453051243E+04
5.83800E+00        2.04097910195E+04
5.84400E+00        2.03743678225E+04
5.85000E+00        2.03390352300E+04
5.85600E+00        2.03037929398E+04
5.86200E+00        2.02686406508E+04
5.86800E+00        2.02335780633E+04
5.87400E+00        2.01986048787E+04
5.88000E+00        2.01637207998E+04
5.88600E+00        2.01289255303E+04
5.89200E+00        2.00942187754E+04
5.89800E+00        2.00596002412E+04
5.90400E+00        2.00250696352E+04
5.91000E+00        1.99906266661E+04
5.91600E+00        1.99562710435E+04
5.92200E+00        1.99220024784E+04
5.92800E+00        1.98878206830E+04
5.93400E+00        1.98537253705E+04
5.94000E+00        1.98197162553E+04
5.94600E+00        1.97857930530E+04
5.95200E+00        1.97519554803E+04
5.95800E+00        1.97182032551E+04
5.96400E+00        1.96845360963E+04
5.97000E+00        1.96509537241E+04
5.97600E+00        1.96174558595E+04
5.98200E+00        1.95840422251E+04
5.98800E+00        1.95507125442E+04
5.99400E+00        1.95174665413E+04
6.00000E+00        1.94843039422E+04
6.00600E+00        1.94512244735E+04
6.01200E+00        1.94182278631E+04
6.01800E+00        1.93853138400E+04
6.02400E+00        1.93524821340E+04
6.03000E+00        1.93197324763E+04
6.03600E+00        1.92870645991E+04
6.04200E+00        1.92544782355E+04
6.04800E+00        1.92219731197E+04
6.05400E+00        1.91895489872E+04
6.06000E+00        1.91572055743E+04
6.06600E+00        1.91249426183E+04
6.07200E+00        1.90927598578E+04
6.07800E+00        1.90606570322E+04
6.08400E+00        1.90286338821E+04
6.09000E+00        1.89966901490E+04
6.09600E+00        1.89648255755E+04
6.10200E+00        1.89330399052E+04
6.10800E+00        1.89013328826E+04
6.11400E+00        1.88697042533E+04
6.12000E+00        1.88381537641E+04
6.12600E+00        1.88066811624E+04
6.13200E+00        1.87752861969E+04
6.13800E+00        1.87439686171E+04
6.14400E+00        1.87127281737E+04
6.15000E+00        1.86815646182E+04
6.15600E+00        1.86504777031E+04
6.16200E+00        1.86194671820E+04
6.16800E+00        1.85885328092E+04
6.17400E+00        1.85576743402E+04
6.18000E+00        1.85268915314E+04
6.18600E+00        1.84961841402E+04
6.19200E+00        1.84655519249E+04
6.19800E+00        1.84349946446E+04
6.20400E+00        1.84045120595E+04
6.21000E+00        1.83741039308E+04
6.21600E+00        1.83437700205E+04
6.22200E+00        1.83135100916E+04
6.22800E+00        1.82833239080E+04
6.23400E+00        1.82532112344E+04
6.24000E+00        1.82231718367E+04
6.24600E+00        1.81932054814E+04
6.25200E+00        1.81633119362E+04
6.25800E+00        1.81334909694E+04
6.26400E+00        1.81037423504E+04
6.27000E+00        1.80740658495E+04
6.27600E+00        1.80444612379E+04
6.28200E+00        1.80149282874E+04
6.28800E+00        1.79854667711E+04
6.29400E+00        1.79560764627E+04
6.30000E+00        1.79267571368E+04
6.30600E+00        1.78975085691E+04
6.31200E+00        1.78683305359E+04
6.31800E+00        1.78392228145E+04
6.32400E+00        1.78101851830E+04
6.33000E+00        1.77812174204E+04
6.33600E+00        1.77523193064E+04
6.34200E+00        1.77234906219E+04
6.34800E+00        1.76947311482E+04
6.35400E+00        1.76660406678E+04
6.36000E+00        1.76374189639E+04
6.36600E+00        1.76088658205E+04
6.37200E+00        1.75803810224E+04
6.37800E+00        1.75519643553E+04
6.38400E+00        1.75236156058E+04
6.39000E+00        1.74953345612E+04
6.39600E+00        1.74671210095E+04
6.40200E+00        1.74389747398E+04
6.40800E+00        1.74108955418E+04
6.41400E+00        1.73828832061E+04
6.42000E+00        1.73549375239E+04
6.42600E+00        1.73270582876E+04
6.43200E+00        1.72992452900E+04
6.43800E+00        1.72714983248E+04
6.44400E+00        1.72438171866E+04
6.45000E+00        1.72162016707E+04
6.45600E+00        1.71886515732E+04
6.46200E+00        1.71611666909E+04
6.46800E+00        1.71337468215E+04
6.47400E+00        1.71063917633E+04
6.48000E+00        1.70791013156E+04
6.48600E+00        1.70518752782E+04
6.49200E+00        1.70247134518E+04
6.49800E+00        1.69976156379E+04
6.50400E+00        1.69705816387E+04
6.51000E+00        1.69436112570E+04
6.51600E+00        1.69167042966E+04
6.52200E+00        1.68898605620E+04
6.52800E+00        1.68630798582E+04
6.53400E+00        1.68363619912E+04
6.54000E+00        1.68097067676E+04
6.54600E+00        1.67831139947E+04
6.55200E+00        1.67565834807E+04
6.55800E+00        1.67301150343E+04
6.56400E+00        1.67037084651E+04
6.57000E+00        1.66773635833E+04
6.57600E+00        1.66510801999E+04
6.58200E+00        1.66248581265E+04
6.58800E+00        1.65986971756E+04
6.59400E+00        1.65725971601E+04
6.60000E+00        1.65465578938E+04
6.60600E+00        1.65205791913E+04
6.61200E+00        1.64946608677E+04
6.61800E+00        1.64688027388E+04
6.62400E+00        1.64430046212E+04
6.63000E+00        1.64172663321E+04
6.63600E+00        1.63915876894E+04
6.64200E+00        1.63659685118E+04
6.64800E+00        1.63404086185E+04
6.65400E+00        1.63149078294E+04
6.66000E+00        1.62894659652E+04
6.66600E+00        1.62640828470E+04
6.67200E+00        1.62387582970E+04
6.67800E+00        1.62134921376E+04
6.68400E+00        1.61882841921E+04
6.69000E+00        1.61631342846E+04
6.69600E+00        1.61380422394E+04
6.70200E+00        1.61130078819E+04
6.70800E+00        1.60880310379E+04
6.71400E+00        1.60631115339E+04
6.72000E+00        1.60382491971E+04
6.72600E+00        1.60134438554E+04
6.73200E+00        1.59886953370E+04
6.73800E+00        1.59640034711E+04
6.74400E+00        1.59393680874E+04
6.75000E+00        1.59147890162E+04
6.75600E+00        1.58902660885E+04
6.76200E+00        1.58657991358E+04
6.76800E+00        1.58413879903E+04
6.77400E+00        1.58170324848E+04
6.78000E+00        1.57927324528E+04
6.78600E+00        1.57684877282E+04
6.79200E+00        1.57442981458E+04
6.79800E+00        1.57201635408E+04
6.80400E+00        1.56960837490E+04
6.81000E+00        1.56720586068E+04
6.81600E+00        1.56480879515E+04
6.82200E+00        1.56241716205E+04
6.82800E+00        1.56003094522E+04
6.83400E+00        1.55765012854E+04
6.84000E+00        1.55527469595E+04
6.84600E+00        1.55290463145E+04
6.85200E+00        1.55053991910E+04
6.85800E+00        1.54818054302E+04
6.86400E+00        1.54582648739E+04
6.87000E+00        1.54347773643E+04
6.87600E+00        1.54113427444E+04
6.88200E+00        1.53879608577E+04
6.88800E+00        1.53646315482E+04
6.89400E+00        1.53413546606E+04
6.90000E+00        1.53181300399E+04
6.90600E+00        1.52949575319E+04
6.91200E+00        1.52718369830E+04
6.91800E+00        1.52487682400E+04
6.92400E+00        1.52257511502E+04
6.93000E+00        1.52027855617E+04
6.93600E+00        1.51798713230E+04
6.94200E+00        1.51570082831E+04
6.94800E+00        1.51341962916E+04
6.95400E+00        1.51114351987E+04
6.96000E+00        1.50887248550E+04
6.96600E+00        1.50660651118E+04
6.97200E+00        1.50434558209E+04
6.97800E+00        1.50208968344E+04
6.98400E+00        1.49983880054E+04
6.99000E+00        1.49759291870E+04
6.99600E+00        1.49535202332E+04
7.00200E+00        1.49311609984E+04
7.00800E+00        1.49088513376E+04
7.01400E+00        1.48865911061E+04
7.02000E+00        1.48643801599E+04
7.02600E+00        1.48422183556E+04
7.03200E+00        1.48201055501E+04
7.03800E+00        1.47980416009E+04
7.04400E+00        1.47760263661E+04
7.05000E+00        1.47540597041E+04
7.05600E+00        1.47321414740E+04
7.06200E+00        1.47102715354E+04
7.06800E+00        1.46884497482E+04
7.07400E+00        1.46666759730E+04
7.08000E+00        1.46449500709E+04
7.08600E+00        1.46232719032E+04
7.09200E+00        1.46016413322E+04
7.09800E+00        1.45800582202E+04
7.10400E+00        1.45585224303E+04
7.11000E+00        1.45370338260E+04
7.11600E+00        1.45155922711E+04
7.12200E+00        1.44941976303E+04
7.12800E+00        1.44728497683E+04
7.13400E+00        1.44515485506E+04
7.14000E+00        1.44302938431E+04
7.14600E+00        1.44090855122E+04
7.15200E+00        1.43879234246E+04
7.15800E+00        1.43668074477E+04
7.16400E+00        1.43457374493E+04
7.17000E+00        1.43247132975E+04
7.17600E+00        1.43037348611E+04
7.18200E+00        1.42828020093E+04
7.18800E+00        1.42619146116E+04
7.19400E+00        1.42410725382E+04
7.20000E+00        1.42202756596E+04
7.20600E+00        1.41995238468E+04
7.21200E+00        1.41788169712E+04
7.21800E+00        1.41581549048E+04
7.22400E+00        1.41375375198E+04
7.23000E+00        1.41169646891E+04
7.23600E+00        1.40964362860E+04
7.24200E+00        1.40759521841E+04
7.24800E+00        1.40555122575E+04
7.25400E+00        1.40351163808E+04
7.26000E+00        1.40147644290E+04
7.26600E+00        1.39944562777E+04
7.27200E+00        1.39741918025E+04
7.27800E+00        1.39539708799E+04
7.28400E+00        1.39337933866E+04
7.29000E+00        1.39136591998E+04
7.29600E+00        1.38935681970E+04
7.30200E+00        1.38735202564E+04
7.30800E+00        1.38535152562E+04
7.31400E+00        1.38335530755E+04
7.32000E+00        1.38136335936E+04
7.32600E+00        1.37937566900E+04
7.33200E+00        1.37739222450E+04
7.33800E+00        1.37541301391E+04
7.34400E+00        1.37343802533E+04
7.35000E+00        1.37146724689E+04
7.35600E+00        1.36950066677E+04
7.36200E+00        1.36753827319E+04
7.36800E+00        1.36558005442E+04
7.37400E+00        1.36362599874E+04
7.38000E+00        1.36167609451E+04
7.38600E+00        1.35973033010E+04
7.39200E+00        1.35778869394E+04
7.39800E+00        1.35585117448E+04
7.40400E+00        1.35391776022E+04
7.41000E+00        1.35198843971E+04
7.41600E+00        1.35006320153E+04
7.42200E+00        1.34814203430E+04
7.42800E+00        1.34622492667E+04
7.43400E+00        1.34431186733E+04
7.44000E+00        1.34240284504E+04
7.44600E+00        1.34049784855E+04
7.45200E+00        1.33859686669E+04
7.45800E+00        1.33669988830E+04
7.46400E+00        1.33480690228E+04
7.47000E+00        1.33291789755E+04
7.47600E+00        1.33103286308E+04
7.48200E+00        1.32915178786E+04
7.48800E+00        1.32727466095E+04
7.49400E+00        1.32540147141E+04
7.50000E+00        1.32353220837E+04
7.50600E+00        1.32166686097E+04
7.51200E+00        1.31980541841E+04
7.51800E+00        1.31794786991E+04
7.52400E+00        1.31609420473E+04
7.53000E+00        1.31424441218E+04
7.53600E+00        1.31239848158E+04
7.54200E+00        1.31055640231E+04
7.54800E+00        1.30871816378E+04
7.55400E+00        1.30688375543E+04
7.56000E+00        1.30505316674E+04
7.56600E+00        1.30322638723E+04
7.57200E+00        1.30140340644E+04
7.57800E+00        1.29958421397E+04
7.58400E+00        1.29776879943E+04
7.59000E+00        1.29595715248E+04
7.59600E+00        1.29414926281E+04
7.60200E+00        1.29234512014E+04
7.60800E+00        1.29054471424E+04
7.61400E+00        1.28874803491E+04
7.62000E+00        1.28695507197E+04
7.62600E+00        1.28516581528E+04
7.63200E+00        1.28338025475E+04
7.63800E+00        1.28159838030E+04
7.64400E+00        1.27982018190E+04
7.65000E+00        1.27804564955E+04
7.65600E+00        1.27627477328E+04
7.66200E+00        1.27450754317E+04
7.66800E+00        1.27274394930E+04
7.67400E+00        1.27098398181E+04
7.68000E+00        1.26922763088E+04
7.68600E+00        1.26747488668E+04
7.69200E+00        1.26572573947E+04
7.69800E+00        1.26398017950E+04
7.70400E+00        1.26223819706E+04
7.71000E+00        1.26049978249E+04
7.71600E+00        1.25876492615E+04
7.72200E+00        1.25703361844E+04
7.72800E+00        1.25530584977E+04
7.73400E+00        1.25358161060E+04
7.74000E+00        1.25186089143E+04
7.74600E+00        1.25014368278E+04
7.75200E+00        1.24842997519E+04
7.75800E+00        1.24671975925E+04
7.76400E+00        1.24501302558E+04
7.77000E+00        1.24330976481E+04
7.77600E+00        1.24160996764E+04
7.78200E+00        1.23991362476E+04
7.78800E+00        1.23822072692E+04
7.79400E+00        1.23653126488E+04
7.80000E+00        1.23484522945E+04
7.80600E+00        1.23316261145E+04
7.81200E+00        1.23148340174E+04
7.81800E+00        1.22980759122E+04
7.82400E+00        1.22813517081E+04
7.83000E+00        1.22646613145E+04
7.83600E+00        1.22480046413E+04
7.84200E+00        1.22313815986E+04
7.84800E+00        1.22147920968E+04
7.85400E+00        1.21982360466E+04
7.86000E+00        1.21817133589E+04
7.86600E+00        1.21652239450E+04
7.87200E+00        1.21487677166E+04
7.87800E+00        1.21323445854E+04
7.88400E+00        1.21159544636E+04
7.89000E+00        1.20995972637E+04
7.89600E+00        1.20832728984E+04
7.90200E+00        1.20669812807E+04
7.90800E+00        1.20507223239E+04
7.91400E+00        1.20344959415E+04
7.92000E+00        1.20183020475E+04
7.92600E+00        1.20021405559E+04
7.93200E+00        1.19860113813E+04
7.93800E+00        1.19699144382E+04
7.94400E+00        1.19538496417E+04
7.95000E+00        1.19378169070E+04
7.95600E+00        1.19218161498E+04
7.96200E+00        1.19058472856E+04
7.96800E+00        1.18899102308E+04
7.97400E+00        1.18740049015E+04
7.98000E+00        1.18581312145E+04
7.98600E+00        1.18422890867E+04
7.99200E+00        1.18264784351E+04
7.99800E+00        1.18106991773E+04
8.00400E+00        1.17949512309E+04
8.01000E+00        1.17792345139E+04
8.01600E+00        1.17635489446E+04
8.02200E+00        1.17478944414E+04
8.02800E+00        1.17322709231E+04
8.03400E+00        1.17166783087E+04
8.04000E+00        1.17011165176E+04
8.04600E+00        1.16855854692E+04
8.05200E+00        1.16700850835E+04
8.05800E+00        1.16546152803E+04
8.06400E+00        1.16391759801E+04
8.07000E+00        1.16237671035E+04
8.07600E+00        1.16083885712E+04
8.08200E+00        1.15930403044E+04
8.08800E+00        1.15777222244E+04
8.09400E+00        1.15624342528E+04
8.10000E+00        1.15471763115E+04
8.10600E+00        1.15319483225E+04
8.11200E+00        1.15167502082E+04
8.11800E+00        1.15015818913E+04
8.12400E+00        1.14864432944E+04
8.13000E+00        1.14713343408E+04
8.13600E+00        1.14562549538E+04
8.14200E+00        1.14412050569E+04
8.14800E+00        1.14261845740E+04
8.15400E+00        1.14111934292E+04
8.16000E+00        1.13962315467E+04
8.16600E+00        1.13812988511E+04
8.17200E+00        1.13663952673E+04
8.17800E+00        1.13515207202E+04
