exonoodle/output_bb_noLD/Noodles_2021-02-26/SED_10.dat
# %ECSV 0.9
# ---
# datatype:
# - {name: wavelength, unit: micron, datatype: float64}
# - {name: flux, unit: microJansky, datatype: float64}
# schema: astropy-2.0
#
#
#  - - File generated by ExoNoodle - -
#         V1.0.0 - MML (CEA-Saclay)
#       2021-02-26 14:01:48.325215
wavelength flux 
[from data line 1730]
1.33800E+01        4.60739312370E+03
1.33860E+01        4.60352970613E+03
1.33920E+01        4.59967113394E+03
1.33980E+01        4.59581739905E+03
1.34040E+01        4.59196849339E+03
1.34100E+01        4.58812440894E+03
1.34160E+01        4.58428513764E+03
1.34220E+01        4.58045067151E+03
1.34280E+01        4.57662100254E+03
1.34340E+01        4.57279612275E+03
1.34400E+01        4.56897602419E+03
1.34460E+01        4.56516069891E+03
1.34520E+01        4.56135013898E+03
1.34580E+01        4.55754433649E+03
1.34640E+01        4.55374328354E+03
1.34700E+01        4.54994697226E+03
1.34760E+01        4.54615539478E+03
1.34820E+01        4.54236854326E+03
1.34880E+01        4.53858640987E+03
1.34940E+01        4.53480898679E+03
1.35000E+01        4.53103626622E+03
1.35060E+01        4.52726824039E+03
1.35120E+01        4.52350490153E+03
1.35180E+01        4.51974624188E+03
1.35240E+01        4.51599225371E+03
1.35300E+01        4.51224292931E+03
1.35360E+01        4.50849826098E+03
1.35420E+01        4.50475824102E+03
1.35480E+01        4.50102286176E+03
1.35540E+01        4.49729211557E+03
1.35600E+01        4.49356599478E+03
1.35660E+01        4.48984449178E+03
1.35720E+01        4.48612759897E+03
1.35780E+01        4.48241530875E+03
1.35840E+01        4.47870761354E+03
1.35900E+01        4.47500450579E+03
1.35960E+01        4.47130597795E+03
1.36020E+01        4.46761202248E+03
1.36080E+01        4.46392263188E+03
1.36140E+01        4.46023779865E+03
1.36200E+01        4.45655751529E+03
1.36260E+01        4.45288177435E+03
1.36320E+01        4.44921056837E+03
1.36380E+01        4.44554388992E+03
1.36440E+01        4.44188173156E+03
1.36500E+01        4.43822408590E+03
1.36560E+01        4.43457094553E+03
1.36620E+01        4.43092230309E+03
1.36680E+01        4.42727815121E+03
1.36740E+01        4.42363848255E+03
1.36800E+01        4.42000328976E+03
1.36860E+01        4.41637256554E+03
1.36920E+01        4.41274630258E+03
1.36980E+01        4.40912449359E+03
1.37040E+01        4.40550713131E+03
1.37100E+01        4.40189420847E+03
1.37160E+01        4.39828571783E+03
1.37220E+01        4.39468165216E+03
1.37280E+01        4.39108200425E+03
1.37340E+01        4.38748676691E+03
1.37400E+01        4.38389593293E+03
1.37460E+01        4.38030949516E+03
1.37520E+01        4.37672744644E+03
1.37580E+01        4.37314977963E+03
1.37640E+01        4.36957648761E+03
1.37700E+01        4.36600756325E+03
1.37760E+01        4.36244299947E+03
1.37820E+01        4.35888278918E+03
1.37880E+01        4.35532692531E+03
1.37940E+01        4.35177540081E+03
1.38000E+01        4.34822820863E+03
1.38060E+01        4.34468534176E+03
1.38120E+01        4.34114679317E+03
1.38180E+01        4.33761255588E+03
1.38240E+01        4.33408262290E+03
1.38300E+01        4.33055698725E+03
1.38360E+01        4.32703564199E+03
1.38420E+01        4.32351858018E+03
1.38480E+01        4.32000579487E+03
1.38540E+01        4.31649727917E+03
1.38600E+01        4.31299302617E+03
1.38660E+01        4.30949302899E+03
1.38720E+01        4.30599728076E+03
1.38780E+01        4.30250577461E+03
1.38840E+01        4.29901850371E+03
1.38900E+01        4.29553546122E+03
1.38960E+01        4.29205664032E+03
1.39020E+01        4.28858203422E+03
1.39080E+01        4.28511163613E+03
1.39140E+01        4.28164543927E+03
1.39200E+01        4.27818343687E+03
1.39260E+01        4.27472562219E+03
1.39320E+01        4.27127198850E+03
1.39380E+01        4.26782252906E+03
1.39440E+01        4.26437723719E+03
1.39500E+01        4.26093610617E+03
1.39560E+01        4.25749912934E+03
1.39620E+01        4.25406630001E+03
1.39680E+01        4.25063761155E+03
1.39740E+01        4.24721305730E+03
1.39800E+01        4.24379263063E+03
1.39860E+01        4.24037632495E+03
1.39920E+01        4.23696413363E+03
1.39980E+01        4.23355605010E+03
1.40040E+01        4.23015206778E+03
