exonoodle/output_bb_noLD/Noodles_2021-02-26/SED_10.dat
# %ECSV 0.9
# ---
# datatype:
# - {name: wavelength, unit: micron, datatype: float64}
# - {name: flux, unit: microJansky, datatype: float64}
# schema: astropy-2.0
#
#
#  - - File generated by ExoNoodle - -
#         V1.0.0 - MML (CEA-Saclay)
#       2021-02-26 14:01:48.325215
wavelength flux 
3.00000E+00        5.70785751745E+04
3.00600E+00        5.69242287936E+04
3.01200E+00        5.67704406843E+04
3.01800E+00        5.66172087491E+04
3.02400E+00        5.64645308933E+04
3.03000E+00        5.63124050247E+04
3.03600E+00        5.61608290541E+04
3.04200E+00        5.60098008952E+04
3.04800E+00        5.58593184650E+04
3.05400E+00        5.57093796834E+04
3.06000E+00        5.55599824739E+04
3.06600E+00        5.54111247633E+04
3.07200E+00        5.52628044822E+04
3.07800E+00        5.51150195645E+04
3.08400E+00        5.49677679482E+04
3.09000E+00        5.48210475750E+04
3.09600E+00        5.46748563906E+04
3.10200E+00        5.45291923447E+04
3.10800E+00        5.43840533913E+04
3.11400E+00        5.42394374886E+04
3.12000E+00        5.40953425989E+04
3.12600E+00        5.39517666894E+04
3.13200E+00        5.38087077313E+04
3.13800E+00        5.36661637006E+04
3.14400E+00        5.35241325781E+04
3.15000E+00        5.33826123490E+04
3.15600E+00        5.32416010036E+04
3.16200E+00        5.31010965369E+04
3.16800E+00        5.29610969489E+04
3.17400E+00        5.28216002447E+04
3.18000E+00        5.26826044342E+04
3.18600E+00        5.25441075328E+04
3.19200E+00        5.24061075608E+04
3.19800E+00        5.22686025439E+04
3.20400E+00        5.21315905131E+04
3.21000E+00        5.19950695047E+04
3.21600E+00        5.18590375606E+04
3.22200E+00        5.17234927279E+04
3.22800E+00        5.15884330594E+04
3.23400E+00        5.14538566135E+04
3.24000E+00        5.13197614541E+04
3.24600E+00        5.11861456508E+04
3.25200E+00        5.10530072789E+04
3.25800E+00        5.09203444195E+04
3.26400E+00        5.07881551593E+04
3.27000E+00        5.06564375911E+04
3.27600E+00        5.05251898134E+04
3.28200E+00        5.03944099305E+04
3.28800E+00        5.02640960528E+04
3.29400E+00        5.01342462966E+04
3.30000E+00        5.00048587842E+04
3.30600E+00        4.98759316438E+04
3.31200E+00        4.97474630099E+04
3.31800E+00        4.96194510228E+04
3.32400E+00        4.94918938291E+04
3.33000E+00        4.93647895814E+04
3.33600E+00        4.92381364386E+04
3.34200E+00        4.91119325656E+04
3.34800E+00        4.89861761336E+04
3.35400E+00        4.88608653201E+04
3.36000E+00        4.87359983086E+04
3.36600E+00        4.86115732891E+04
3.37200E+00        4.84875884577E+04
3.37800E+00        4.83640420168E+04
3.38400E+00        4.82409321752E+04
3.39000E+00        4.81182571480E+04
3.39600E+00        4.79960151565E+04
3.40200E+00        4.78742044285E+04
3.40800E+00        4.77528231981E+04
3.41400E+00        4.76318697058E+04
3.42000E+00        4.75113421983E+04
3.42600E+00        4.73912389289E+04
3.43200E+00        4.72715581572E+04
3.43800E+00        4.71522981491E+04
3.44400E+00        4.70334571772E+04
3.45000E+00        4.69150335202E+04
3.45600E+00        4.67970254634E+04
3.46200E+00        4.66794312983E+04
3.46800E+00        4.65622493232E+04
3.47400E+00        4.64454778425E+04
3.48000E+00        4.63291151671E+04
3.48600E+00        4.62131596143E+04
3.49200E+00        4.60976095081E+04
3.49800E+00        4.59824631786E+04
3.50400E+00        4.58677189625E+04
3.51000E+00        4.57533752028E+04
3.51600E+00        4.56394302491E+04
3.52200E+00        4.55258824574E+04
3.52800E+00        4.54127301899E+04
3.53400E+00        4.52999718155E+04
3.54000E+00        4.51876057093E+04
3.54600E+00        4.50756302531E+04
3.55200E+00        4.49640438347E+04
3.55800E+00        4.48528448487E+04
3.56400E+00        4.47420316958E+04
3.57000E+00        4.46316027833E+04
3.57600E+00        4.45215565247E+04
3.58200E+00        4.44118913400E+04
3.58800E+00        4.43026056556E+04
3.59400E+00        4.41936979040E+04
3.60000E+00        4.40851665245E+04
3.60600E+00        4.39770099623E+04
3.61200E+00        4.38692266691E+04
3.61800E+00        4.37618151031E+04
3.62400E+00        4.36547737286E+04
3.63000E+00        4.35481010161E+04
3.63600E+00        4.34417954428E+04
3.64200E+00        4.33358554917E+04
3.64800E+00        4.32302796525E+04
3.65400E+00        4.31250664207E+04
3.66000E+00        4.30202142986E+04
3.66600E+00        4.29157217942E+04
3.67200E+00        4.28115874221E+04
3.67800E+00        4.27078097029E+04
3.68400E+00        4.26043871634E+04
3.69000E+00        4.25013183367E+04
3.69600E+00        4.23986017621E+04
3.70200E+00        4.22962359847E+04
3.70800E+00        4.21942195562E+04
3.71400E+00        4.20925510341E+04
3.72000E+00        4.19912289822E+04
3.72600E+00        4.18902519703E+04
3.73200E+00        4.17896185742E+04
3.73800E+00        4.16893273760E+04
3.74400E+00        4.15893769636E+04
3.75000E+00        4.14897659311E+04
3.75600E+00        4.13904928784E+04
3.76200E+00        4.12915564117E+04
3.76800E+00        4.11929551430E+04
3.77400E+00        4.10946876902E+04
3.78000E+00        4.09967526773E+04
3.78600E+00        4.08991487342E+04
3.79200E+00        4.08018744966E+04
3.79800E+00        4.07049286063E+04
3.80400E+00        4.06083097107E+04
3.81000E+00        4.05120164633E+04
3.81600E+00        4.04160475233E+04
3.82200E+00        4.03204015559E+04
3.82800E+00        4.02250772319E+04
3.83400E+00        4.01300732280E+04
3.84000E+00        4.00353882267E+04
3.84600E+00        3.99410209161E+04
3.85200E+00        3.98469699902E+04
3.85800E+00        3.97532341486E+04
3.86400E+00        3.96598120968E+04
3.87000E+00        3.95667025456E+04
3.87600E+00        3.94739042118E+04
3.88200E+00        3.93814158177E+04
3.88800E+00        3.92892360912E+04
3.89400E+00        3.91973637660E+04
3.90000E+00        3.91057975810E+04
3.90600E+00        3.90145362810E+04
3.91200E+00        3.89235786162E+04
3.91800E+00        3.88329233423E+04
3.92400E+00        3.87425692207E+04
3.93000E+00        3.86525150179E+04
3.93600E+00        3.85627595063E+04
3.94200E+00        3.84733014635E+04
3.94800E+00        3.83841396725E+04
3.95400E+00        3.82952729217E+04
3.96000E+00        3.82067000052E+04
3.96600E+00        3.81184197219E+04
3.97200E+00        3.80304308766E+04
3.97800E+00        3.79427322791E+04
3.98400E+00        3.78553227446E+04
3.99000E+00        3.77682010936E+04
3.99600E+00        3.76813661518E+04
4.00200E+00        3.75948167501E+04
4.00800E+00        3.75085517248E+04
4.01400E+00        3.74225699173E+04
4.02000E+00        3.73368701742E+04
4.02600E+00        3.72514513471E+04
4.03200E+00        3.71663122931E+04
4.03800E+00        3.70814518742E+04
4.04400E+00        3.69968689573E+04
4.05000E+00        3.69125624149E+04
4.05600E+00        3.68285311240E+04
4.06200E+00        3.67447739670E+04
4.06800E+00        3.66612898313E+04
4.07400E+00        3.65780776091E+04
4.08000E+00        3.64951361978E+04
4.08600E+00        3.64124644995E+04
4.09200E+00        3.63300614216E+04
4.09800E+00        3.62479258761E+04
4.10400E+00        3.61660567801E+04
4.11000E+00        3.60844530554E+04
4.11600E+00        3.60031136288E+04
4.12200E+00        3.59220374319E+04
4.12800E+00        3.58412234011E+04
4.13400E+00        3.57606704777E+04
4.14000E+00        3.56803776075E+04
4.14600E+00        3.56003437414E+04
4.15200E+00        3.55205678348E+04
4.15800E+00        3.54410488480E+04
4.16400E+00        3.53617857458E+04
4.17000E+00        3.52827774978E+04
4.17600E+00        3.52040230783E+04
4.18200E+00        3.51255214661E+04
4.18800E+00        3.50472716446E+04
4.19400E+00        3.49692726021E+04
4.20000E+00        3.48915233310E+04
4.20600E+00        3.48140228288E+04
4.21200E+00        3.47367700970E+04
4.21800E+00        3.46597641421E+04
4.22400E+00        3.45830039747E+04
4.23000E+00        3.45064886102E+04
4.23600E+00        3.44302170681E+04
4.24200E+00        3.43541883728E+04
4.24800E+00        3.42784015527E+04
4.25400E+00        3.42028556408E+04
4.26000E+00        3.41275496746E+04
4.26600E+00        3.40524826956E+04
4.27200E+00        3.39776537499E+04
4.27800E+00        3.39030618880E+04
4.28400E+00        3.38287061645E+04
4.29000E+00        3.37545856384E+04
4.29600E+00        3.36806993729E+04
4.30200E+00        3.36070464354E+04
4.30800E+00        3.35336258978E+04
4.31400E+00        3.34604368358E+04
4.32000E+00        3.33874783297E+04
4.32600E+00        3.33147494636E+04
4.33200E+00        3.32422493260E+04
4.33800E+00        3.31699770095E+04
4.34400E+00        3.30979316107E+04
4.35000E+00        3.30261122303E+04
4.35600E+00        3.29545179733E+04
4.36200E+00        3.28831479485E+04
4.36800E+00        3.28120012688E+04
4.37400E+00        3.27410770513E+04
4.38000E+00        3.26703744167E+04
4.38600E+00        3.25998924902E+04
4.39200E+00        3.25296304006E+04
4.39800E+00        3.24595872807E+04
4.40400E+00        3.23897622674E+04
4.41000E+00        3.23201545012E+04
4.41600E+00        3.22507631269E+04
4.42200E+00        3.21815872929E+04
4.42800E+00        3.21126261514E+04
4.43400E+00        3.20438788586E+04
4.44000E+00        3.19753445746E+04
4.44600E+00        3.19070224630E+04
4.45200E+00        3.18389116915E+04
4.45800E+00        3.17710114313E+04
4.46400E+00        3.17033208576E+04
4.47000E+00        3.16358391492E+04
4.47600E+00        3.15685654885E+04
4.48200E+00        3.15014990619E+04
4.48800E+00        3.14346390592E+04
4.49400E+00        3.13679846739E+04
4.50000E+00        3.13015351034E+04
4.50600E+00        3.12352895484E+04
4.51200E+00        3.11692472134E+04
4.51800E+00        3.11034073065E+04
4.52400E+00        3.10377690392E+04
4.53000E+00        3.09723316268E+04
4.53600E+00        3.09070942880E+04
4.54200E+00        3.08420562451E+04
4.54800E+00        3.07772167237E+04
4.55400E+00        3.07125749533E+04
4.56000E+00        3.06481301664E+04
4.56600E+00        3.05838815994E+04
4.57200E+00        3.05198284918E+04
4.57800E+00        3.04559700868E+04
4.58400E+00        3.03923056308E+04
4.59000E+00        3.03288343737E+04
4.59600E+00        3.02655555687E+04
4.60200E+00        3.02024684726E+04
4.60800E+00        3.01395723452E+04
4.61400E+00        3.00768664498E+04
4.62000E+00        3.00143500531E+04
4.62600E+00        2.99520224250E+04
4.63200E+00        2.98898828387E+04
4.63800E+00        2.98279305706E+04
4.64400E+00        2.97661649005E+04
4.65000E+00        2.97045851113E+04
4.65600E+00        2.96431904892E+04
4.66200E+00        2.95819803235E+04
4.66800E+00        2.95209539070E+04
4.67400E+00        2.94601105352E+04
4.68000E+00        2.93994495071E+04
4.68600E+00        2.93389701248E+04
4.69200E+00        2.92786716935E+04
4.69800E+00        2.92185535213E+04
4.70400E+00        2.91586149198E+04
4.71000E+00        2.90988552035E+04
4.71600E+00        2.90392736898E+04
4.72200E+00        2.89798696993E+04
4.72800E+00        2.89206425558E+04
4.73400E+00        2.88615915859E+04
4.74000E+00        2.88027161192E+04
4.74600E+00        2.87440154885E+04
4.75200E+00        2.86854890294E+04
4.75800E+00        2.86271360805E+04
4.76400E+00        2.85689559834E+04
4.77000E+00        2.85109480827E+04
4.77600E+00        2.84531117257E+04
4.78200E+00        2.83954462629E+04
4.78800E+00        2.83379510475E+04
4.79400E+00        2.82806254355E+04
4.80000E+00        2.82234687862E+04
4.80600E+00        2.81664804611E+04
4.81200E+00        2.81096598252E+04
4.81800E+00        2.80530062459E+04
4.82400E+00        2.79965190935E+04
4.83000E+00        2.79401977412E+04
4.83600E+00        2.78840415649E+04
4.84200E+00        2.78280499434E+04
4.84800E+00        2.77722222580E+04
4.85400E+00        2.77165578929E+04
4.86000E+00        2.76610562352E+04
4.86600E+00        2.76057166744E+04
4.87200E+00        2.75505386029E+04
4.87800E+00        2.74955214158E+04
4.88400E+00        2.74406645108E+04
4.89000E+00        2.73859672883E+04
4.89600E+00        2.73314291514E+04
4.90200E+00        2.72770495058E+04
4.90800E+00        2.72228277597E+04
4.91400E+00        2.71687633241E+04
4.92000E+00        2.71148556127E+04
4.92600E+00        2.70611040414E+04
4.93200E+00        2.70075080290E+04
4.93800E+00        2.69540669968E+04
4.94400E+00        2.69007803686E+04
4.95000E+00        2.68476475708E+04
4.95600E+00        2.67946680323E+04
4.96200E+00        2.67418411844E+04
4.96800E+00        2.66891664612E+04
4.97400E+00        2.66366432989E+04
4.98000E+00        2.65842711366E+04
4.98600E+00        2.65320494155E+04
4.99200E+00        2.64799775795E+04
4.99800E+00        2.64280550747E+04
5.00400E+00        2.63762813500E+04
5.01000E+00        2.63246558563E+04
5.01600E+00        2.62731780472E+04
5.02200E+00        2.62218473786E+04
5.02800E+00        2.61706633088E+04
5.03400E+00        2.61196252985E+04
5.04000E+00        2.60687328106E+04
5.04600E+00        2.60179853106E+04
5.05200E+00        2.59673822661E+04
5.05800E+00        2.59169231472E+04
5.06400E+00        2.58666074262E+04
5.07000E+00        2.58164345779E+04
5.07600E+00        2.57664040791E+04
5.08200E+00        2.57165154090E+04
5.08800E+00        2.56667680493E+04
5.09400E+00        2.56171614836E+04
5.10000E+00        2.55676951980E+04
5.10600E+00        2.55183686806E+04
5.11200E+00        2.54691814221E+04
5.11800E+00        2.54201329151E+04
5.12400E+00        2.53712226544E+04
5.13000E+00        2.53224501372E+04
5.13600E+00        2.52738148627E+04
5.14200E+00        2.52253163325E+04
5.14800E+00        2.51769540501E+04
5.15400E+00        2.51287275212E+04
5.16000E+00        2.50806362539E+04
5.16600E+00        2.50326797581E+04
5.17200E+00        2.49848575460E+04
5.17800E+00        2.49371691318E+04
5.18400E+00        2.48896140321E+04
5.19000E+00        2.48421917651E+04
5.19600E+00        2.47949018514E+04
5.20200E+00        2.47477438138E+04
5.20800E+00        2.47007171768E+04
5.21400E+00        2.46538214672E+04
5.22000E+00        2.46070562137E+04
5.22600E+00        2.45604209471E+04
5.23200E+00        2.45139152003E+04
5.23800E+00        2.44675385081E+04
5.24400E+00        2.44212904073E+04
5.25000E+00        2.43751704368E+04
5.25600E+00        2.43291781372E+04
5.26200E+00        2.42833130516E+04
5.26800E+00        2.42375747244E+04
5.27400E+00        2.41919627026E+04
5.28000E+00        2.41464765346E+04
5.28600E+00        2.41011157710E+04
5.29200E+00        2.40558799645E+04
5.29800E+00        2.40107686693E+04
5.30400E+00        2.39657814417E+04
5.31000E+00        2.39209178401E+04
5.31600E+00        2.38761774245E+04
5.32200E+00        2.38315597569E+04
5.32800E+00        2.37870644011E+04
5.33400E+00        2.37426909229E+04
5.34000E+00        2.36984388898E+04
5.34600E+00        2.36543078712E+04
5.35200E+00        2.36102974384E+04
5.35800E+00        2.35664071645E+04
5.36400E+00        2.35226366242E+04
5.37000E+00        2.34789853944E+04
5.37600E+00        2.34354530536E+04
5.38200E+00        2.33920391819E+04
5.38800E+00        2.33487433614E+04
5.39400E+00        2.33055651761E+04
5.40000E+00        2.32625042115E+04
5.40600E+00        2.32195600549E+04
5.41200E+00        2.31767322955E+04
5.41800E+00        2.31340205242E+04
5.42400E+00        2.30914243334E+04
5.43000E+00        2.30489433175E+04
5.43600E+00        2.30065770725E+04
5.44200E+00        2.29643251962E+04
5.44800E+00        2.29221872879E+04
5.45400E+00        2.28801629487E+04
5.46000E+00        2.28382517815E+04
5.46600E+00        2.27964533907E+04
5.47200E+00        2.27547673825E+04
5.47800E+00        2.27131933646E+04
5.48400E+00        2.26717309464E+04
5.49000E+00        2.26303797391E+04
5.49600E+00        2.25891393554E+04
5.50200E+00        2.25480094096E+04
5.50800E+00        2.25069895176E+04
5.51400E+00        2.24660792971E+04
5.52000E+00        2.24252783671E+04
5.52600E+00        2.23845863486E+04
5.53200E+00        2.23440028637E+04
5.53800E+00        2.23035275365E+04
5.54400E+00        2.22631599925E+04
5.55000E+00        2.22228998588E+04
5.55600E+00        2.21827467639E+04
5.56200E+00        2.21427003380E+04
5.56800E+00        2.21027602130E+04
5.57400E+00        2.20629260220E+04
5.58000E+00        2.20231973998E+04
5.58600E+00        2.19835739828E+04
