output/Noodles_2021-02-26/SED_05.dat
# %ECSV 0.9
# ---
# datatype:
# - {name: wavelength, unit: micron, datatype: float64}
# - {name: flux, unit: microJansky, datatype: float64}
# schema: astropy-2.0
#
#
#  - - File generated by ExoNoodle - -
#         V1.0.0 - MML (CEA-Saclay)
#       2021-02-26 14:01:48.325215
wavelength flux 
[from data line 865]
8.19000E+00        1.13219063845E+04
8.19600E+00        1.13071184419E+04
8.20200E+00        1.12923592386E+04
8.20800E+00        1.12776287009E+04
8.21400E+00        1.12629267552E+04
8.22000E+00        1.12482533283E+04
8.22600E+00        1.12336083470E+04
8.23200E+00        1.12189917384E+04
8.23800E+00        1.12044034301E+04
8.24400E+00        1.11898433495E+04
8.25000E+00        1.11753114245E+04
8.25600E+00        1.11608075832E+04
8.26200E+00        1.11463317539E+04
8.26800E+00        1.11318838651E+04
8.27400E+00        1.11174638455E+04
8.28000E+00        1.11030716241E+04
8.28600E+00        1.10887071302E+04
8.29200E+00        1.10743702930E+04
8.29800E+00        1.10600610424E+04
8.30400E+00        1.10457793081E+04
8.31000E+00        1.10315250202E+04
8.31600E+00        1.10172981090E+04
8.32200E+00        1.10030985050E+04
8.32800E+00        1.09889261391E+04
8.33400E+00        1.09747809420E+04
8.34000E+00        1.09606628451E+04
8.34600E+00        1.09465717797E+04
8.35200E+00        1.09325076774E+04
8.35800E+00        1.09184704700E+04
8.36400E+00        1.09044600895E+04
8.37000E+00        1.08904764683E+04
8.37600E+00        1.08765195387E+04
8.38200E+00        1.08625892334E+04
8.38800E+00        1.08486854853E+04
8.39400E+00        1.08348082274E+04
8.40000E+00        1.08209573932E+04
8.40600E+00        1.08071329160E+04
8.41200E+00        1.07933347296E+04
8.41800E+00        1.07795627680E+04
8.42400E+00        1.07658169651E+04
8.43000E+00        1.07520972554E+04
8.43600E+00        1.07384035733E+04
8.44200E+00        1.07247358537E+04
8.44800E+00        1.07110940314E+04
8.45400E+00        1.06974780416E+04
8.46000E+00        1.06838878196E+04
8.46600E+00        1.06703233010E+04
8.47200E+00        1.06567844215E+04
8.47800E+00        1.06432711170E+04
8.48400E+00        1.06297833237E+04
8.49000E+00        1.06163209779E+04
8.49600E+00        1.06028840161E+04
8.50200E+00        1.05894723751E+04
8.50800E+00        1.05760859918E+04
8.51400E+00        1.05627248033E+04
8.52000E+00        1.05493887469E+04
8.52600E+00        1.05360777600E+04
8.53200E+00        1.05227917805E+04
8.53800E+00        1.05095307462E+04
8.54400E+00        1.04962945951E+04
8.55000E+00        1.04830832656E+04
8.55600E+00        1.04698966960E+04
8.56200E+00        1.04567348251E+04
8.56800E+00        1.04435975917E+04
8.57400E+00        1.04304849347E+04
8.58000E+00        1.04173967934E+04
8.58600E+00        1.04043331073E+04
8.59200E+00        1.03912938158E+04
8.59800E+00        1.03782788587E+04
8.60400E+00        1.03652881760E+04
8.61000E+00        1.03523217079E+04
8.61600E+00        1.03393793945E+04
8.62200E+00        1.03264611765E+04
8.62800E+00        1.03135669945E+04
8.63400E+00        1.03006967894E+04
8.64000E+00        1.02878505022E+04
8.64600E+00        1.02750280741E+04
8.65200E+00        1.02622294465E+04
8.65800E+00        1.02494545610E+04
8.66400E+00        1.02367033594E+04
8.67000E+00        1.02239757836E+04
8.67600E+00        1.02112717757E+04
8.68200E+00        1.01985912779E+04
8.68800E+00        1.01859342328E+04
8.69400E+00        1.01733005829E+04
8.70000E+00        1.01606902711E+04
8.70600E+00        1.01481032404E+04
8.71200E+00        1.01355394338E+04
8.71800E+00        1.01229987948E+04
8.72400E+00        1.01104812668E+04
8.73000E+00        1.00979867935E+04
8.73600E+00        1.00855153187E+04
8.74200E+00        1.00730667865E+04
8.74800E+00        1.00606411409E+04
8.75400E+00        1.00482383264E+04
8.76000E+00        1.00358582874E+04
8.76600E+00        1.00235009687E+04
8.77200E+00        1.00111663150E+04
8.77800E+00        9.99885427146E+03
8.78400E+00        9.98656478314E+03
8.79000E+00        9.97429779542E+03
8.79600E+00        9.96205325379E+03
8.80200E+00        9.94983110393E+03
8.80800E+00        9.93763129166E+03
8.81400E+00        9.92545376299E+03
8.82000E+00        9.91329846405E+03
8.82600E+00        9.90116534117E+03
8.83200E+00        9.88905434082E+03
8.83800E+00        9.87696540964E+03
8.84400E+00        9.86489849442E+03
8.85000E+00        9.85285354212E+03
8.85600E+00        9.84083049984E+03
8.86200E+00        9.82882931487E+03
8.86800E+00        9.81684993462E+03
8.87400E+00        9.80489230667E+03
8.88000E+00        9.79295637878E+03
8.88600E+00        9.78104209884E+03
8.89200E+00        9.76914941489E+03
8.89800E+00        9.75727827514E+03
8.90400E+00        9.74542862795E+03
8.91000E+00        9.73360042183E+03
8.91600E+00        9.72179360545E+03
8.92200E+00        9.71000812763E+03
8.92800E+00        9.69824393733E+03
8.93400E+00        9.68650098367E+03
8.94000E+00        9.67477921593E+03
8.94600E+00        9.66307858353E+03
8.95200E+00        9.65139903604E+03
8.95800E+00        9.63974052317E+03
8.96400E+00        9.62810299481E+03
8.97000E+00        9.61648640095E+03
8.97600E+00        9.60489069178E+03
8.98200E+00        9.59331581759E+03
8.98800E+00        9.58176172885E+03
8.99400E+00        9.57022837616E+03
9.00000E+00        9.55871571028E+03
9.00600E+00        9.54722368208E+03
9.01200E+00        9.53575224262E+03
9.01800E+00        9.52430134308E+03
9.02400E+00        9.51287093478E+03
9.03000E+00        9.50146096918E+03
9.03600E+00        9.49007139792E+03
9.04200E+00        9.47870217272E+03
9.04800E+00        9.46735324550E+03
9.05400E+00        9.45602456829E+03
9.06000E+00        9.44471609326E+03
9.06600E+00        9.43342777273E+03
9.07200E+00        9.42215955915E+03
9.07800E+00        9.41091140513E+03
9.08400E+00        9.39968326339E+03
9.09000E+00        9.38847508680E+03
9.09600E+00        9.37728682839E+03
9.10200E+00        9.36611844128E+03
9.10800E+00        9.35496987877E+03
9.11400E+00        9.34384109427E+03
9.12000E+00        9.33273204134E+03
9.12600E+00        9.32164267366E+03
9.13200E+00        9.31057294507E+03
9.13800E+00        9.29952280952E+03
9.14400E+00        9.28849222111E+03
9.15000E+00        9.27748113406E+03
9.15600E+00        9.26648950272E+03
9.16200E+00        9.25551728160E+03
9.16800E+00        9.24456442531E+03
9.17400E+00        9.23363088861E+03
9.18000E+00        9.22271662639E+03
9.18600E+00        9.21182159365E+03
9.19200E+00        9.20094574556E+03
9.19800E+00        9.19008903738E+03
9.20400E+00        9.17925142453E+03
9.21000E+00        9.16843286252E+03
9.21600E+00        9.15763330704E+03
9.22200E+00        9.14685271387E+03
9.22800E+00        9.13609103893E+03
9.23400E+00        9.12534823826E+03
9.24000E+00        9.11462426803E+03
9.24600E+00        9.10391908455E+03
9.25200E+00        9.09323264424E+03
9.25800E+00        9.08256490364E+03
9.26400E+00        9.07191581944E+03
9.27000E+00        9.06128534843E+03
9.27600E+00        9.05067344754E+03
9.28200E+00        9.04008007380E+03
9.28800E+00        9.02950518440E+03
9.29400E+00        9.01894873661E+03
9.30000E+00        9.00841068787E+03
9.30600E+00        8.99789099570E+03
9.31200E+00        8.98738961776E+03
9.31800E+00        8.97690651184E+03
9.32400E+00        8.96644163583E+03
9.33000E+00        8.95599494775E+03
9.33600E+00        8.94556640575E+03
9.34200E+00        8.93515596808E+03
9.34800E+00        8.92476359313E+03
9.35400E+00        8.91438923939E+03
9.36000E+00        8.90403286547E+03
9.36600E+00        8.89369443011E+03
9.37200E+00        8.88337389217E+03
9.37800E+00        8.87307121061E+03
9.38400E+00        8.86278634451E+03
9.39000E+00        8.85251925308E+03
9.39600E+00        8.84226989564E+03
9.40200E+00        8.83203823161E+03
9.40800E+00        8.82182422055E+03
9.41400E+00        8.81162782211E+03
9.42000E+00        8.80144899608E+03
9.42600E+00        8.79128770235E+03
9.43200E+00        8.78114390092E+03
9.43800E+00        8.77101755190E+03
9.44400E+00        8.76090861553E+03
9.45000E+00        8.75081705216E+03
9.45600E+00        8.74074282223E+03
9.46200E+00        8.73068588632E+03
9.46800E+00        8.72064620509E+03
9.47400E+00        8.71062373935E+03
9.48000E+00        8.70061844998E+03
9.48600E+00        8.69063029801E+03
9.49200E+00        8.68065924454E+03
9.49800E+00        8.67070525081E+03
9.50400E+00        8.66076827815E+03
9.51000E+00        8.65084828802E+03
9.51600E+00        8.64094524196E+03
9.52200E+00        8.63105910164E+03
9.52800E+00        8.62118982884E+03
9.53400E+00        8.61133738542E+03
9.54000E+00        8.60150173337E+03
9.54600E+00        8.59168283479E+03
9.55200E+00        8.58188065187E+03
9.55800E+00        8.57209514691E+03
9.56400E+00        8.56232628233E+03
9.57000E+00        8.55257402063E+03
9.57600E+00        8.54283832444E+03
9.58200E+00        8.53311915648E+03
9.58800E+00        8.52341647958E+03
9.59400E+00        8.51373025667E+03
9.60000E+00        8.50406045078E+03
9.60600E+00        8.49440702504E+03
9.61200E+00        8.48476994271E+03
9.61800E+00        8.47514916712E+03
9.62400E+00        8.46554466172E+03
9.63000E+00        8.45595639005E+03
9.63600E+00        8.44638431576E+03
9.64200E+00        8.43682840260E+03
9.64800E+00        8.42728861442E+03
9.65400E+00        8.41776491516E+03
9.66000E+00        8.40825726889E+03
9.66600E+00        8.39876563974E+03
9.67200E+00        8.38928999198E+03
9.67800E+00        8.37983028993E+03
9.68400E+00        8.37038649806E+03
9.69000E+00        8.36095858090E+03
9.69600E+00        8.35154650310E+03
9.70200E+00        8.34215022940E+03
9.70800E+00        8.33276972464E+03
9.71400E+00        8.32340495375E+03
9.72000E+00        8.31405588176E+03
9.72600E+00        8.30472247381E+03
9.73200E+00        8.29540469512E+03
9.73800E+00        8.28610251101E+03
9.74400E+00        8.27681588689E+03
9.75000E+00        8.26754478828E+03
9.75600E+00        8.25828918078E+03
9.76200E+00        8.24904903009E+03
9.76800E+00        8.23982430201E+03
9.77400E+00        8.23061496242E+03
9.78000E+00        8.22142097732E+03
9.78600E+00        8.21224231277E+03
9.79200E+00        8.20307893494E+03
9.79800E+00        8.19393081010E+03
9.80400E+00        8.18479790460E+03
9.81000E+00        8.17568018488E+03
9.81600E+00        8.16657761749E+03
9.82200E+00        8.15749016905E+03
9.82800E+00        8.14841780628E+03
9.83400E+00        8.13936049600E+03
9.84000E+00        8.13031820511E+03
9.84600E+00        8.12129090060E+03
9.85200E+00        8.11227854955E+03
9.85800E+00        8.10328111914E+03
9.86400E+00        8.09429857663E+03
9.87000E+00        8.08533088937E+03
9.87600E+00        8.07637802480E+03
9.88200E+00        8.06743995045E+03
9.88800E+00        8.05851663393E+03
9.89400E+00        8.04960804295E+03
9.90000E+00        8.04071414531E+03
9.90600E+00        8.03183490888E+03
9.91200E+00        8.02297030163E+03
9.91800E+00        8.01412029162E+03
9.92400E+00        8.00528484699E+03
9.93000E+00        7.99646393595E+03
9.93600E+00        7.98765752684E+03
9.94200E+00        7.97886558804E+03
9.94800E+00        7.97008808805E+03
9.95400E+00        7.96132499542E+03
9.96000E+00        7.95257627882E+03
9.96600E+00        7.94384190699E+03
9.97200E+00        7.93512184874E+03
9.97800E+00        7.92641607299E+03
9.98400E+00        7.91772454873E+03
9.99000E+00        7.90904724504E+03
9.99600E+00        7.90038413107E+03
1.00020E+01        7.89173517606E+03
1.00080E+01        7.88310034935E+03
1.00140E+01        7.87447962033E+03
1.00200E+01        7.86587295850E+03
1.00260E+01        7.85728033342E+03
1.00320E+01        7.84870171476E+03
1.00380E+01        7.84013707225E+03
1.00440E+01        7.83158637569E+03
1.00500E+01        7.82304959500E+03
1.00560E+01        7.81452670014E+03
1.00620E+01        7.80601766118E+03
1.00680E+01        7.79752244825E+03
1.00740E+01        7.78904103157E+03
1.00800E+01        7.78057338144E+03
1.00860E+01        7.77211946823E+03
1.00920E+01        7.76367926241E+03
1.00980E+01        7.75525273451E+03
1.01040E+01        7.74683985513E+03
1.01100E+01        7.73844059498E+03
1.01160E+01        7.73005492483E+03
1.01220E+01        7.72168281552E+03
1.01280E+01        7.71332423797E+03
1.01340E+01        7.70497916320E+03
1.01400E+01        7.69664756229E+03
1.01460E+01        7.68832940638E+03
1.01520E+01        7.68002466672E+03
1.01580E+01        7.67173331462E+03
1.01640E+01        7.66345532145E+03
1.01700E+01        7.65519065870E+03
1.01760E+01        7.64693929789E+03
1.01820E+01        7.63870121063E+03
1.01880E+01        7.63047636863E+03
1.01940E+01        7.62226474364E+03
1.02000E+01        7.61406630750E+03
1.02060E+01        7.60588103212E+03
1.02120E+01        7.59770888950E+03
1.02180E+01        7.58954985169E+03
1.02240E+01        7.58140389084E+03
1.02300E+01        7.57327097914E+03
1.02360E+01        7.56515108889E+03
1.02420E+01        7.55704419244E+03
1.02480E+01        7.54895026222E+03
1.02540E+01        7.54086927072E+03
1.02600E+01        7.53280119053E+03
1.02660E+01        7.52474599430E+03
1.02720E+01        7.51670365472E+03
1.02780E+01        7.50867414461E+03
1.02840E+01        7.50065743682E+03
1.02900E+01        7.49265350428E+03
1.02960E+01        7.48466232000E+03
1.03020E+01        7.47668385704E+03
1.03080E+01        7.46871808857E+03
1.03140E+01        7.46076498779E+03
1.03200E+01        7.45282452798E+03
1.03260E+01        7.44489668252E+03
1.03320E+01        7.43698142481E+03
1.03380E+01        7.42907872836E+03
1.03440E+01        7.42118856673E+03
1.03500E+01        7.41331091355E+03
1.03560E+01        7.40544574253E+03
1.03620E+01        7.39759302745E+03
1.03680E+01        7.38975274213E+03
1.03740E+01        7.38192486048E+03
1.03800E+01        7.37410935650E+03
1.03860E+01        7.36630620421E+03
1.03920E+01        7.35851537772E+03
1.03980E+01        7.35073685123E+03
1.04040E+01        7.34297059897E+03
1.04100E+01        7.33521659526E+03
1.04160E+01        7.32747481448E+03
1.04220E+01        7.31974523108E+03
1.04280E+01        7.31202781956E+03
1.04340E+01        7.30432255451E+03
1.04400E+01        7.29662941057E+03
1.04460E+01        7.28894836246E+03
1.04520E+01        7.28127938495E+03
1.04580E+01        7.27362245288E+03
1.04640E+01        7.26597754116E+03
1.04700E+01        7.25834462476E+03
1.04760E+01        7.25072367872E+03
1.04820E+01        7.24311467814E+03
1.04880E+01        7.23551759819E+03
1.04940E+01        7.22793241409E+03
1.05000E+01        7.22035910114E+03
1.05060E+01        7.21279763470E+03
1.05120E+01        7.20524799019E+03
1.05180E+01        7.19771014309E+03
1.05240E+01        7.19018406895E+03
1.05300E+01        7.18266974338E+03
1.05360E+01        7.17516714206E+03
1.05420E+01        7.16767624072E+03
1.05480E+01        7.16019701516E+03
1.05540E+01        7.15272944123E+03
1.05600E+01        7.14527349487E+03
1.05660E+01        7.13782915206E+03
1.05720E+01        7.13039638885E+03
1.05780E+01        7.12297518133E+03
1.05840E+01        7.11556550569E+03
1.05900E+01        7.10816733814E+03
1.05960E+01        7.10078065499E+03
1.06020E+01        7.09340543258E+03
1.06080E+01        7.08604164733E+03
1.06140E+01        7.07868927571E+03
1.06200E+01        7.07134829424E+03
1.06260E+01        7.06401867953E+03
1.06320E+01        7.05670040823E+03
1.06380E+01        7.04939345704E+03
1.06440E+01        7.04209780275E+03
1.06500E+01        7.03481342217E+03
1.06560E+01        7.02754029220E+03
1.06620E+01        7.02027838980E+03
1.06680E+01        7.01302769195E+03
1.06740E+01        7.00578817574E+03
1.06800E+01        6.99855981829E+03
1.06860E+01        6.99134259678E+03
1.06920E+01        6.98413648844E+03
1.06980E+01        6.97694147058E+03
1.07040E+01        6.96975752055E+03
1.07100E+01        6.96258461577E+03
1.07160E+01        6.95542273371E+03
1.07220E+01        6.94827185189E+03
1.07280E+01        6.94113194791E+03
1.07340E+01        6.93400299939E+03
1.07400E+01        6.92688498404E+03
1.07460E+01        6.91977787962E+03
1.07520E+01        6.91268166393E+03
1.07580E+01        6.90559631484E+03
1.07640E+01        6.89852181028E+03
1.07700E+01        6.89145812822E+03
1.07760E+01        6.88440524669E+03
