output/Noodles_2021-02-26/SED_15.dat
# %ECSV 0.9
# ---
# datatype:
# - {name: wavelength, unit: micron, datatype: float64}
# - {name: flux, unit: microJansky, datatype: float64}
# schema: astropy-2.0
#
#
#  - - File generated by ExoNoodle - -
#         V1.0.0 - MML (CEA-Saclay)
#       2021-02-26 14:01:48.325215
wavelength flux 
[from data line 433]
5.59800E+00        2.12726584620E+04
5.60400E+00        2.12344551115E+04
5.61000E+00        2.11963527235E+04
5.61600E+00        2.11583509507E+04
5.62200E+00        2.11204494476E+04
5.62800E+00        2.10826478698E+04
5.63400E+00        2.10449458746E+04
5.64000E+00        2.10073431206E+04
5.64600E+00        2.09698392677E+04
5.65200E+00        2.09324339775E+04
5.65800E+00        2.08951269128E+04
5.66400E+00        2.08579177377E+04
5.67000E+00        2.08208061180E+04
5.67600E+00        2.07837917206E+04
5.68200E+00        2.07468742139E+04
5.68800E+00        2.07100532676E+04
5.69400E+00        2.06733285530E+04
5.70000E+00        2.06366997423E+04
5.70600E+00        2.06001665096E+04
5.71200E+00        2.05637285299E+04
5.71800E+00        2.05273854797E+04
5.72400E+00        2.04911370368E+04
5.73000E+00        2.04549828805E+04
5.73600E+00        2.04189226912E+04
5.74200E+00        2.03829561507E+04
5.74800E+00        2.03470829421E+04
5.75400E+00        2.03113027498E+04
5.76000E+00        2.02756152595E+04
5.76600E+00        2.02400201581E+04
5.77200E+00        2.02045171339E+04
5.77800E+00        2.01691058765E+04
5.78400E+00        2.01337860766E+04
5.79000E+00        2.00985574264E+04
5.79600E+00        2.00634196191E+04
5.80200E+00        2.00283723493E+04
5.80800E+00        1.99934153129E+04
5.81400E+00        1.99585482070E+04
5.82000E+00        1.99237707297E+04
5.82600E+00        1.98890825808E+04
5.83200E+00        1.98544834608E+04
5.83800E+00        1.98199730718E+04
5.84400E+00        1.97855511169E+04
5.85000E+00        1.97512173006E+04
5.85600E+00        1.97169713284E+04
5.86200E+00        1.96828129071E+04
5.86800E+00        1.96487417447E+04
5.87400E+00        1.96147575503E+04
5.88000E+00        1.95808600342E+04
5.88600E+00        1.95470489081E+04
5.89200E+00        1.95133238844E+04
5.89800E+00        1.94796846771E+04
5.90400E+00        1.94461310011E+04
5.91000E+00        1.94126625727E+04
5.91600E+00        1.93792791089E+04
5.92200E+00        1.93459803284E+04
5.92800E+00        1.93127659506E+04
5.93400E+00        1.92796356963E+04
5.94000E+00        1.92465892871E+04
5.94600E+00        1.92136264462E+04
5.95200E+00        1.91807468974E+04
5.95800E+00        1.91479503660E+04
5.96400E+00        1.91152365782E+04
5.97000E+00        1.90826052614E+04
5.97600E+00        1.90500561440E+04
5.98200E+00        1.90175889555E+04
5.98800E+00        1.89852034266E+04
5.99400E+00        1.89528992889E+04
6.00000E+00        1.89206762753E+04
6.00600E+00        1.88885341195E+04
6.01200E+00        1.88564725564E+04
6.01800E+00        1.88244913221E+04
6.02400E+00        1.87925901535E+04
6.03000E+00        1.87607687887E+04
6.03600E+00        1.87290269667E+04
6.04200E+00        1.86973644278E+04
6.04800E+00        1.86657809131E+04
6.05400E+00        1.86342761647E+04
6.06000E+00        1.86028499260E+04
6.06600E+00        1.85715019411E+04
6.07200E+00        1.85402319554E+04
6.07800E+00        1.85090397151E+04
6.08400E+00        1.84779249675E+04
6.09000E+00        1.84468874608E+04
6.09600E+00        1.84159269444E+04
6.10200E+00        1.83850431685E+04
6.10800E+00        1.83542358844E+04
6.11400E+00        1.83235048442E+04
6.12000E+00        1.82928498013E+04
6.12600E+00        1.82622705098E+04
6.13200E+00        1.82317667249E+04
6.13800E+00        1.82013382027E+04
6.14400E+00        1.81709847002E+04
6.15000E+00        1.81407059756E+04
6.15600E+00        1.81105017878E+04
6.16200E+00        1.80803718967E+04
6.16800E+00        1.80503160633E+04
6.17400E+00        1.80203340494E+04
6.18000E+00        1.79904256177E+04
6.18600E+00        1.79605905319E+04
6.19200E+00        1.79308285566E+04
6.19800E+00        1.79011394574E+04
6.20400E+00        1.78715230007E+04
6.21000E+00        1.78419789539E+04
6.21600E+00        1.78125070852E+04
6.22200E+00        1.77831071639E+04
6.22800E+00        1.77537789600E+04
6.23400E+00        1.77245222445E+04
6.24000E+00        1.76953367893E+04
6.24600E+00        1.76662223671E+04
6.25200E+00        1.76371787516E+04
6.25800E+00        1.76082057173E+04
6.26400E+00        1.75793030397E+04
6.27000E+00        1.75504704949E+04
6.27600E+00        1.75217078601E+04
6.28200E+00        1.74930149134E+04
6.28800E+00        1.74643914337E+04
6.29400E+00        1.74358372005E+04
6.30000E+00        1.74073519946E+04
6.30600E+00        1.73789355974E+04
6.31200E+00        1.73505877911E+04
6.31800E+00        1.73223083588E+04
6.32400E+00        1.72940970846E+04
6.33000E+00        1.72659537532E+04
6.33600E+00        1.72378781502E+04
6.34200E+00        1.72098700621E+04
6.34800E+00        1.71819292761E+04
6.35400E+00        1.71540555804E+04
6.36000E+00        1.71262487638E+04
6.36600E+00        1.70985086161E+04
6.37200E+00        1.70708349279E+04
6.37800E+00        1.70432274903E+04
6.38400E+00        1.70156860956E+04
6.39000E+00        1.69882105367E+04
6.39600E+00        1.69608006073E+04
6.40200E+00        1.69334561020E+04
6.40800E+00        1.69061768160E+04
6.41400E+00        1.68789625454E+04
6.42000E+00        1.68518130872E+04
6.42600E+00        1.68247282388E+04
6.43200E+00        1.67977077989E+04
6.43800E+00        1.67707515664E+04
6.44400E+00        1.67438593415E+04
6.45000E+00        1.67170309248E+04
6.45600E+00        1.66902661177E+04
6.46200E+00        1.66635647226E+04
6.46800E+00        1.66369265423E+04
6.47400E+00        1.66103513807E+04
6.48000E+00        1.65838390422E+04
6.48600E+00        1.65573893320E+04
6.49200E+00        1.65310020560E+04
6.49800E+00        1.65046770211E+04
6.50400E+00        1.64784140346E+04
6.51000E+00        1.64522129046E+04
6.51600E+00        1.64260734401E+04
6.52200E+00        1.63999954506E+04
6.52800E+00        1.63739787465E+04
6.53400E+00        1.63480231388E+04
6.54000E+00        1.63221284394E+04
6.54600E+00        1.62962944606E+04
6.55200E+00        1.62705210156E+04
6.55800E+00        1.62448079183E+04
6.56400E+00        1.62191549833E+04
6.57000E+00        1.61935620259E+04
6.57600E+00        1.61680288620E+04
6.58200E+00        1.61425553083E+04
6.58800E+00        1.61171411822E+04
6.59400E+00        1.60917863016E+04
6.60000E+00        1.60664904854E+04
6.60600E+00        1.60412535530E+04
6.61200E+00        1.60160753243E+04
6.61800E+00        1.59909556202E+04
6.62400E+00        1.59658942620E+04
6.63000E+00        1.59408910720E+04
6.63600E+00        1.59159458728E+04
6.64200E+00        1.58910584878E+04
6.64800E+00        1.58662287411E+04
6.65400E+00        1.58414564575E+04
6.66000E+00        1.58167414624E+04
6.66600E+00        1.57920835818E+04
6.67200E+00        1.57674826423E+04
6.67800E+00        1.57429384713E+04
6.68400E+00        1.57184508968E+04
6.69000E+00        1.56940197475E+04
6.69600E+00        1.56696448524E+04
6.70200E+00        1.56453260416E+04
6.70800E+00        1.56210631455E+04
6.71400E+00        1.55968559953E+04
6.72000E+00        1.55727044228E+04
6.72600E+00        1.55486082603E+04
6.73200E+00        1.55245673409E+04
6.73800E+00        1.55005814981E+04
6.74400E+00        1.54766505663E+04
6.75000E+00        1.54527743803E+04
6.75600E+00        1.54289527755E+04
6.76200E+00        1.54051855880E+04
6.76800E+00        1.53814726545E+04
6.77400E+00        1.53578138123E+04
6.78000E+00        1.53342088993E+04
6.78600E+00        1.53106577538E+04
6.79200E+00        1.52871602151E+04
6.79800E+00        1.52637161227E+04
6.80400E+00        1.52403253170E+04
6.81000E+00        1.52169876386E+04
6.81600E+00        1.51937029291E+04
6.82200E+00        1.51704710305E+04
6.82800E+00        1.51472917852E+04
6.83400E+00        1.51241650366E+04
6.84000E+00        1.51010906283E+04
6.84600E+00        1.50780684045E+04
6.85200E+00        1.50550982103E+04
6.85800E+00        1.50321798909E+04
6.86400E+00        1.50093132924E+04
6.87000E+00        1.49864982614E+04
6.87600E+00        1.49637346450E+04
6.88200E+00        1.49410222909E+04
6.88800E+00        1.49183610472E+04
6.89400E+00        1.48957507628E+04
6.90000E+00        1.48731912870E+04
6.90600E+00        1.48506824696E+04
6.91200E+00        1.48282241612E+04
6.91800E+00        1.48058162126E+04
6.92400E+00        1.47834584754E+04
6.93000E+00        1.47611508016E+04
6.93600E+00        1.47388930438E+04
6.94200E+00        1.47166850551E+04
6.94800E+00        1.46945266892E+04
6.95400E+00        1.46724178002E+04
6.96000E+00        1.46503582428E+04
6.96600E+00        1.46283478723E+04
6.97200E+00        1.46063865443E+04
6.97800E+00        1.45844741153E+04
6.98400E+00        1.45626104419E+04
6.99000E+00        1.45407953814E+04
6.99600E+00        1.45190287917E+04
7.00200E+00        1.44973105311E+04
7.00800E+00        1.44756404584E+04
7.01400E+00        1.44540184330E+04
7.02000E+00        1.44324443147E+04
7.02600E+00        1.44109179639E+04
7.03200E+00        1.43894392413E+04
7.03800E+00        1.43680080085E+04
7.04400E+00        1.43466241271E+04
7.05000E+00        1.43252874596E+04
7.05600E+00        1.43039978687E+04
7.06200E+00        1.42827552179E+04
7.06800E+00        1.42615593709E+04
7.07400E+00        1.42404101919E+04
7.08000E+00        1.42193075458E+04
7.08600E+00        1.41982512979E+04
7.09200E+00        1.41772413139E+04
7.09800E+00        1.41562774599E+04
7.10400E+00        1.41353596028E+04
7.11000E+00        1.41144876096E+04
7.11600E+00        1.40936613480E+04
7.12200E+00        1.40728806861E+04
7.12800E+00        1.40521454926E+04
7.13400E+00        1.40314556363E+04
7.14000E+00        1.40108109869E+04
7.14600E+00        1.39902114144E+04
7.15200E+00        1.39696567890E+04
7.15800E+00        1.39491469819E+04
7.16400E+00        1.39286818642E+04
7.17000E+00        1.39082613078E+04
7.17600E+00        1.38878851849E+04
7.18200E+00        1.38675533683E+04
7.18800E+00        1.38472657311E+04
7.19400E+00        1.38270221469E+04
7.20000E+00        1.38068224897E+04
7.20600E+00        1.37866666341E+04
7.21200E+00        1.37665544549E+04
7.21800E+00        1.37464858275E+04
7.22400E+00        1.37264606278E+04
7.23000E+00        1.37064787320E+04
7.23600E+00        1.36865400168E+04
7.24200E+00        1.36666443592E+04
7.24800E+00        1.36467916368E+04
7.25400E+00        1.36269817276E+04
7.26000E+00        1.36072145100E+04
7.26600E+00        1.35874898628E+04
7.27200E+00        1.35678076653E+04
7.27800E+00        1.35481677971E+04
7.28400E+00        1.35285701382E+04
7.29000E+00        1.35090145693E+04
7.29600E+00        1.34895009712E+04
7.30200E+00        1.34700292253E+04
7.30800E+00        1.34505992134E+04
7.31400E+00        1.34312108175E+04
7.32000E+00        1.34118639202E+04
7.32600E+00        1.33925584046E+04
7.33200E+00        1.33732941541E+04
7.33800E+00        1.33540710523E+04
7.34400E+00        1.33348889836E+04
7.35000E+00        1.33157478325E+04
7.35600E+00        1.32966474840E+04
7.36200E+00        1.32775878235E+04
7.36800E+00        1.32585687368E+04
7.37400E+00        1.32395901100E+04
7.38000E+00        1.32206518299E+04
7.38600E+00        1.32017537833E+04
7.39200E+00        1.31828958575E+04
7.39800E+00        1.31640779405E+04
7.40400E+00        1.31452999202E+04
7.41000E+00        1.31265616852E+04
7.41600E+00        1.31078631244E+04
7.42200E+00        1.30892041272E+04
7.42800E+00        1.30705845831E+04
7.43400E+00        1.30520043822E+04
7.44000E+00        1.30334634150E+04
7.44600E+00        1.30149615723E+04
7.45200E+00        1.29964987452E+04
7.45800E+00        1.29780748253E+04
7.46400E+00        1.29596897045E+04
7.47000E+00        1.29413432751E+04
7.47600E+00        1.29230354298E+04
7.48200E+00        1.29047660615E+04
7.48800E+00        1.28865350638E+04
7.49400E+00        1.28683423303E+04
7.50000E+00        1.28501877552E+04
7.50600E+00        1.28320712329E+04
7.51200E+00        1.28139926583E+04
7.51800E+00        1.27959519267E+04
7.52400E+00        1.27779489335E+04
7.53000E+00        1.27599835746E+04
7.53600E+00        1.27420557464E+04
7.54200E+00        1.27241653454E+04
7.54800E+00        1.27063122687E+04
7.55400E+00        1.26884964135E+04
7.56000E+00        1.26707176776E+04
7.56600E+00        1.26529759588E+04
7.57200E+00        1.26352711557E+04
7.57800E+00        1.26176031669E+04
7.58400E+00        1.25999718914E+04
7.59000E+00        1.25823772287E+04
7.59600E+00        1.25648190785E+04
7.60200E+00        1.25472973408E+04
7.60800E+00        1.25298119160E+04
7.61400E+00        1.25123627050E+04
7.62000E+00        1.24949496087E+04
7.62600E+00        1.24775725286E+04
7.63200E+00        1.24602313664E+04
7.63800E+00        1.24429260243E+04
7.64400E+00        1.24256564045E+04
7.65000E+00        1.24084224099E+04
7.65600E+00        1.23912239435E+04
7.66200E+00        1.23740609086E+04
7.66800E+00        1.23569332091E+04
7.67400E+00        1.23398407488E+04
7.68000E+00        1.23227834323E+04
7.68600E+00        1.23057611641E+04
7.69200E+00        1.22887738492E+04
7.69800E+00        1.22718213930E+04
7.70400E+00        1.22549037011E+04
7.71000E+00        1.22380206794E+04
7.71600E+00        1.22211722341E+04
7.72200E+00        1.22043582719E+04
7.72800E+00        1.21875786997E+04
7.73400E+00        1.21708334245E+04
7.74000E+00        1.21541223540E+04
7.74600E+00        1.21374453959E+04
7.75200E+00        1.21208024584E+04
7.75800E+00        1.21041934498E+04
7.76400E+00        1.20876182789E+04
7.77000E+00        1.20710768547E+04
7.77600E+00        1.20545690866E+04
7.78200E+00        1.20380948841E+04
7.78800E+00        1.20216541573E+04
7.79400E+00        1.20052468163E+04
7.80000E+00        1.19888727717E+04
7.80600E+00        1.19725319342E+04
7.81200E+00        1.19562242151E+04
7.81800E+00        1.19399495257E+04
7.82400E+00        1.19237077777E+04
7.83000E+00        1.19074988832E+04
7.83600E+00        1.18913227543E+04
7.84200E+00        1.18751793037E+04
7.84800E+00        1.18590684443E+04
7.85400E+00        1.18429900892E+04
7.86000E+00        1.18269441518E+04
7.86600E+00        1.18109305458E+04
7.87200E+00        1.17949491853E+04
7.87800E+00        1.17789999846E+04
7.88400E+00        1.17630828581E+04
7.89000E+00        1.17471977208E+04
7.89600E+00        1.17313444878E+04
7.90200E+00        1.17155230745E+04
7.90800E+00        1.16997333966E+04
7.91400E+00        1.16839753700E+04
7.92000E+00        1.16682489110E+04
7.92600E+00        1.16525539361E+04
7.93200E+00        1.16368903620E+04
7.93800E+00        1.16212581059E+04
7.94400E+00        1.16056570849E+04
7.95000E+00        1.15900872168E+04
7.95600E+00        1.15745484194E+04
7.96200E+00        1.15590406109E+04
7.96800E+00        1.15435637095E+04
7.97400E+00        1.15281176340E+04
7.98000E+00        1.15127023033E+04
7.98600E+00        1.14973176367E+04
7.99200E+00        1.14819635534E+04
7.99800E+00        1.14666399734E+04
8.00400E+00        1.14513468164E+04
8.01000E+00        1.14360840029E+04
8.01600E+00        1.14208514531E+04
8.02200E+00        1.14056490880E+04
8.02800E+00        1.13904768286E+04
8.03400E+00        1.13753345960E+04
8.04000E+00        1.13602223117E+04
8.04600E+00        1.13451398977E+04
8.05200E+00        1.13300872758E+04
8.05800E+00        1.13150643684E+04
8.06400E+00        1.13000710980E+04
8.07000E+00        1.12851073873E+04
8.07600E+00        1.12701731594E+04
8.08200E+00        1.12552683376E+04
8.08800E+00        1.12403928453E+04
8.09400E+00        1.12255466064E+04
8.10000E+00        1.12107295448E+04
8.10600E+00        1.11959415848E+04
8.11200E+00        1.11811826509E+04
8.11800E+00        1.11664526678E+04
8.12400E+00        1.11517515605E+04
8.13000E+00        1.11370792543E+04
8.13600E+00        1.11224356745E+04
8.14200E+00        1.11078207469E+04
8.14800E+00        1.10932343974E+04
8.15400E+00        1.10786765523E+04
8.16000E+00        1.10641471378E+04
8.16600E+00        1.10496460806E+04
8.17200E+00        1.10351733077E+04
8.17800E+00        1.10207287461E+04
