output/Noodles_2021-02-26/SED_14.dat
# %ECSV 0.9
# ---
# datatype:
# - {name: wavelength, unit: micron, datatype: float64}
# - {name: flux, unit: microJansky, datatype: float64}
# schema: astropy-2.0
#
#
#  - - File generated by ExoNoodle - -
#         V1.0.0 - MML (CEA-Saclay)
#       2021-02-26 14:01:48.325215
wavelength flux 
[from data line 1298]
1.07880E+01        6.84443331930E+03
1.07940E+01        6.83743861621E+03
1.08000E+01        6.83045458911E+03
1.08060E+01        6.82348121638E+03
1.08120E+01        6.81651847645E+03
1.08180E+01        6.80956634782E+03
1.08240E+01        6.80262480901E+03
1.08300E+01        6.79569383863E+03
1.08360E+01        6.78877341532E+03
1.08420E+01        6.78186351779E+03
1.08480E+01        6.77496412478E+03
1.08540E+01        6.76807521511E+03
1.08600E+01        6.76119676763E+03
1.08660E+01        6.75432876127E+03
1.08720E+01        6.74747117499E+03
1.08780E+01        6.74062398781E+03
1.08840E+01        6.73378717880E+03
1.08900E+01        6.72696072709E+03
1.08960E+01        6.72014461185E+03
1.09020E+01        6.71333881232E+03
1.09080E+01        6.70654330777E+03
1.09140E+01        6.69975807754E+03
1.09200E+01        6.69298310101E+03
1.09260E+01        6.68621835761E+03
1.09320E+01        6.67946382684E+03
1.09380E+01        6.67271948824E+03
1.09440E+01        6.66598532139E+03
1.09500E+01        6.65926130593E+03
1.09560E+01        6.65254742155E+03
1.09620E+01        6.64584364799E+03
1.09680E+01        6.63914996506E+03
1.09740E+01        6.63246635258E+03
1.09800E+01        6.62579279045E+03
1.09860E+01        6.61912925861E+03
1.09920E+01        6.61247573705E+03
1.09980E+01        6.60583220582E+03
1.10040E+01        6.59919864501E+03
1.10100E+01        6.59257503475E+03
1.10160E+01        6.58596135523E+03
1.10220E+01        6.57935758670E+03
1.10280E+01        6.57276370944E+03
1.10340E+01        6.56617970379E+03
1.10400E+01        6.55960555012E+03
1.10460E+01        6.55304122889E+03
1.10520E+01        6.54648672055E+03
1.10580E+01        6.53994200566E+03
1.10640E+01        6.53340706478E+03
1.10700E+01        6.52688187853E+03
1.10760E+01        6.52036642760E+03
1.10820E+01        6.51386069271E+03
1.10880E+01        6.50736465461E+03
1.10940E+01        6.50087829413E+03
1.11000E+01        6.49440159214E+03
1.11060E+01        6.48793452953E+03
1.11120E+01        6.48147708728E+03
1.11180E+01        6.47502924637E+03
1.11240E+01        6.46859098787E+03
1.11300E+01        6.46216229287E+03
1.11360E+01        6.45574314251E+03
1.11420E+01        6.44933351799E+03
1.11480E+01        6.44293340053E+03
1.11540E+01        6.43654277142E+03
1.11600E+01        6.43016161199E+03
1.11660E+01        6.42378990362E+03
1.11720E+01        6.41742762771E+03
1.11780E+01        6.41107476573E+03
1.11840E+01        6.40473129920E+03
1.11900E+01        6.39839720967E+03
1.11960E+01        6.39207247874E+03
1.12020E+01        6.38575708805E+03
1.12080E+01        6.37945101929E+03
1.12140E+01        6.37315425420E+03
1.12200E+01        6.36686677456E+03
1.12260E+01        6.36058856219E+03
1.12320E+01        6.35431959895E+03
1.12380E+01        6.34805986675E+03
1.12440E+01        6.34180934757E+03
1.12500E+01        6.33556802338E+03
1.12560E+01        6.32933587624E+03
1.12620E+01        6.32311288823E+03
1.12680E+01        6.31689904149E+03
1.12740E+01        6.31069431818E+03
1.12800E+01        6.30449870052E+03
1.12860E+01        6.29831217078E+03
1.12920E+01        6.29213471125E+03
1.12980E+01        6.28596630429E+03
1.13040E+01        6.27980693228E+03
1.13100E+01        6.27365657764E+03
1.13160E+01        6.26751522287E+03
1.13220E+01        6.26138285046E+03
1.13280E+01        6.25525944298E+03
1.13340E+01        6.24914498304E+03
1.13400E+01        6.24303945327E+03
1.13460E+01        6.23694283635E+03
1.13520E+01        6.23085511502E+03
1.13580E+01        6.22477627204E+03
1.13640E+01        6.21870629022E+03
1.13700E+01        6.21264515241E+03
1.13760E+01        6.20659284151E+03
1.13820E+01        6.20054934044E+03
1.13880E+01        6.19451463218E+03
1.13940E+01        6.18848869975E+03
1.14000E+01        6.18247152620E+03
1.14060E+01        6.17646309463E+03
1.14120E+01        6.17046338818E+03
1.14180E+01        6.16447239002E+03
1.14240E+01        6.15849008337E+03
1.14300E+01        6.15251645149E+03
1.14360E+01        6.14655147768E+03
1.14420E+01        6.14059514528E+03
1.14480E+01        6.13464743767E+03
1.14540E+01        6.12870833825E+03
1.14600E+01        6.12277783051E+03
1.14660E+01        6.11685589792E+03
1.14720E+01        6.11094252402E+03
1.14780E+01        6.10503769240E+03
1.14840E+01        6.09914138667E+03
1.14900E+01        6.09325359048E+03
1.14960E+01        6.08737428752E+03
1.15020E+01        6.08150346153E+03
1.15080E+01        6.07564109629E+03
1.15140E+01        6.06978717559E+03
1.15200E+01        6.06394168329E+03
1.15260E+01        6.05810460327E+03
1.15320E+01        6.05227591946E+03
1.15380E+01        6.04645561582E+03
1.15440E+01        6.04064367636E+03
1.15500E+01        6.03484008511E+03
1.15560E+01        6.02904482616E+03
1.15620E+01        6.02325788360E+03
1.15680E+01        6.01747924161E+03
1.15740E+01        6.01170888437E+03
1.15800E+01        6.00594679610E+03
1.15860E+01        6.00019296108E+03
1.15920E+01        5.99444736360E+03
1.15980E+01        5.98870998800E+03
1.16040E+01        5.98298081867E+03
1.16100E+01        5.97725984001E+03
1.16160E+01        5.97154703647E+03
1.16220E+01        5.96584239255E+03
1.16280E+01        5.96014589276E+03
1.16340E+01        5.95445752167E+03
1.16400E+01        5.94877726388E+03
1.16460E+01        5.94310510401E+03
1.16520E+01        5.93744102673E+03
1.16580E+01        5.93178501676E+03
1.16640E+01        5.92613705883E+03
1.16700E+01        5.92049713772E+03
1.16760E+01        5.91486523824E+03
1.16820E+01        5.90924134525E+03
1.16880E+01        5.90362544362E+03
1.16940E+01        5.89801751828E+03
1.17000E+01        5.89241755418E+03
1.17060E+01        5.88682553631E+03
1.17120E+01        5.88124144971E+03
1.17180E+01        5.87566527942E+03
1.17240E+01        5.87009701055E+03
1.17300E+01        5.86453662822E+03
1.17360E+01        5.85898411761E+03
1.17420E+01        5.85343946392E+03
1.17480E+01        5.84790265237E+03
1.17540E+01        5.84237366824E+03
1.17600E+01        5.83685249683E+03
1.17660E+01        5.83133912349E+03
1.17720E+01        5.82583353358E+03
1.17780E+01        5.82033571251E+03
1.17840E+01        5.81484564572E+03
1.17900E+01        5.80936331869E+03
1.17960E+01        5.80388871692E+03
1.18020E+01        5.79842182596E+03
1.18080E+01        5.79296263139E+03
1.18140E+01        5.78751111881E+03
1.18200E+01        5.78206727387E+03
1.18260E+01        5.77663108224E+03
1.18320E+01        5.77120252964E+03
1.18380E+01        5.76578160180E+03
1.18440E+01        5.76036828451E+03
1.18500E+01        5.75496256357E+03
1.18560E+01        5.74956442483E+03
1.18620E+01        5.74417385415E+03
1.18680E+01        5.73879083746E+03
1.18740E+01        5.73341536068E+03
1.18800E+01        5.72804740980E+03
1.18860E+01        5.72268697081E+03
1.18920E+01        5.71733402976E+03
1.18980E+01        5.71198857272E+03
1.19040E+01        5.70665058578E+03
1.19100E+01        5.70132005509E+03
1.19160E+01        5.69599696680E+03
1.19220E+01        5.69068130713E+03
1.19280E+01        5.68537306229E+03
1.19340E+01        5.68007221855E+03
1.19400E+01        5.67477876221E+03
1.19460E+01        5.66949267959E+03
1.19520E+01        5.66421395704E+03
1.19580E+01        5.65894258097E+03
1.19640E+01        5.65367853777E+03
1.19700E+01        5.64842181391E+03
1.19760E+01        5.64317239588E+03
1.19820E+01        5.63793027017E+03
1.19880E+01        5.63269542334E+03
1.19940E+01        5.62746784196E+03
1.20000E+01        5.62224751264E+03
1.20060E+01        5.61703442201E+03
1.20120E+01        5.61182855674E+03
1.20180E+01        5.60662990353E+03
1.20240E+01        5.60143844911E+03
1.20300E+01        5.59625418023E+03
1.20360E+01        5.59107708370E+03
1.20420E+01        5.58590714631E+03
1.20480E+01        5.58074435493E+03
1.20540E+01        5.57558869643E+03
1.20600E+01        5.57044015773E+03
1.20660E+01        5.56529872576E+03
1.20720E+01        5.56016438749E+03
1.20780E+01        5.55503712993E+03
1.20840E+01        5.54991694009E+03
1.20900E+01        5.54480380505E+03
1.20960E+01        5.53969771187E+03
1.21020E+01        5.53459864770E+03
1.21080E+01        5.52950659966E+03
1.21140E+01        5.52442155494E+03
1.21200E+01        5.51934350073E+03
1.21260E+01        5.51427242429E+03
1.21320E+01        5.50920831286E+03
1.21380E+01        5.50415115374E+03
1.21440E+01        5.49910093425E+03
1.21500E+01        5.49405764174E+03
1.21560E+01        5.48902126360E+03
1.21620E+01        5.48399178721E+03
1.21680E+01        5.47896920004E+03
1.21740E+01        5.47395348952E+03
1.21800E+01        5.46894464317E+03
1.21860E+01        5.46394264849E+03
1.21920E+01        5.45894749304E+03
1.21980E+01        5.45395916440E+03
1.22040E+01        5.44897765017E+03
1.22100E+01        5.44400293798E+03
1.22160E+01        5.43903501550E+03
1.22220E+01        5.43407387041E+03
1.22280E+01        5.42911949043E+03
1.22340E+01        5.42417186332E+03
1.22400E+01        5.41923097682E+03
1.22460E+01        5.41429681876E+03
1.22520E+01        5.40936937695E+03
1.22580E+01        5.40444863926E+03
1.22640E+01        5.39953459355E+03
1.22700E+01        5.39462722775E+03
1.22760E+01        5.38972652979E+03
1.22820E+01        5.38483248763E+03
1.22880E+01        5.37994508926E+03
1.22940E+01        5.37506432270E+03
1.23000E+01        5.37019017600E+03
1.23060E+01        5.36532263723E+03
1.23120E+01        5.36046169448E+03
1.23180E+01        5.35560733588E+03
1.23240E+01        5.35075954958E+03
1.23300E+01        5.34591832376E+03
1.23360E+01        5.34108364663E+03
1.23420E+01        5.33625550641E+03
1.23480E+01        5.33143389137E+03
1.23540E+01        5.32661878978E+03
1.23600E+01        5.32181018995E+03
1.23660E+01        5.31700808023E+03
1.23720E+01        5.31221244898E+03
1.23780E+01        5.30742328457E+03
1.23840E+01        5.30264057543E+03
1.23900E+01        5.29786431000E+03
1.23960E+01        5.29309447674E+03
1.24020E+01        5.28833106414E+03
1.24080E+01        5.28357406071E+03
1.24140E+01        5.27882345501E+03
1.24200E+01        5.27407923560E+03
1.24260E+01        5.26934139108E+03
1.24320E+01        5.26460991005E+03
1.24380E+01        5.25988478117E+03
1.24440E+01        5.25516599310E+03
1.24500E+01        5.25045353455E+03
1.24560E+01        5.24574739422E+03
1.24620E+01        5.24104756086E+03
1.24680E+01        5.23635402325E+03
1.24740E+01        5.23166677018E+03
1.24800E+01        5.22698579046E+03
1.24860E+01        5.22231107294E+03
1.24920E+01        5.21764260650E+03
1.24980E+01        5.21298038001E+03
1.25040E+01        5.20832438241E+03
1.25100E+01        5.20367460262E+03
1.25160E+01        5.19903102963E+03
1.25220E+01        5.19439365242E+03
1.25280E+01        5.18976246001E+03
1.25340E+01        5.18513744143E+03
1.25400E+01        5.18051858576E+03
1.25460E+01        5.17590588207E+03
1.25520E+01        5.17129931949E+03
1.25580E+01        5.16669888714E+03
1.25640E+01        5.16210457419E+03
1.25700E+01        5.15751636983E+03
1.25760E+01        5.15293426325E+03
1.25820E+01        5.14835824369E+03
1.25880E+01        5.14378830041E+03
1.25940E+01        5.13922442269E+03
1.26000E+01        5.13466659982E+03
1.26060E+01        5.13011482113E+03
1.26120E+01        5.12556907598E+03
1.26180E+01        5.12102935374E+03
1.26240E+01        5.11649564380E+03
1.26300E+01        5.11196793557E+03
1.26360E+01        5.10744621852E+03
1.26420E+01        5.10293048209E+03
1.26480E+01        5.09842071578E+03
1.26540E+01        5.09391690910E+03
1.26600E+01        5.08941905158E+03
1.26660E+01        5.08492713278E+03
1.26720E+01        5.08044114229E+03
1.26780E+01        5.07596106970E+03
1.26840E+01        5.07148690465E+03
1.26900E+01        5.06701863677E+03
1.26960E+01        5.06255625574E+03
1.27020E+01        5.05809975126E+03
1.27080E+01        5.05364911304E+03
1.27140E+01        5.04920433082E+03
1.27200E+01        5.04476539436E+03
1.27260E+01        5.04033229344E+03
1.27320E+01        5.03590501787E+03
1.27380E+01        5.03148355747E+03
1.27440E+01        5.02706790210E+03
1.27500E+01        5.02265804163E+03
1.27560E+01        5.01825396595E+03
1.27620E+01        5.01385566498E+03
1.27680E+01        5.00946312865E+03
1.27740E+01        5.00507634692E+03
1.27800E+01        5.00069530978E+03
1.27860E+01        4.99632000723E+03
1.27920E+01        4.99195042929E+03
1.27980E+01        4.98758656601E+03
1.28040E+01        4.98322840746E+03
1.28100E+01        4.97887594372E+03
1.28160E+01        4.97452916491E+03
1.28220E+01        4.97018806116E+03
1.28280E+01        4.96585262262E+03
1.28340E+01        4.96152283947E+03
1.28400E+01        4.95719870190E+03
1.28460E+01        4.95288020014E+03
1.28520E+01        4.94856732441E+03
1.28580E+01        4.94426006497E+03
1.28640E+01        4.93995841212E+03
1.28700E+01        4.93566235615E+03
1.28760E+01        4.93137188738E+03
1.28820E+01        4.92708699615E+03
1.28880E+01        4.92280767283E+03
1.28940E+01        4.91853390781E+03
1.29000E+01        4.91426569148E+03
1.29060E+01        4.91000301428E+03
1.29120E+01        4.90574586664E+03
1.29180E+01        4.90149423905E+03
1.29240E+01        4.89724812198E+03
1.29300E+01        4.89300750594E+03
1.29360E+01        4.88877238147E+03
1.29420E+01        4.88454273910E+03
1.29480E+01        4.88031856941E+03
1.29540E+01        4.87609986299E+03
1.29600E+01        4.87188661045E+03
1.29660E+01        4.86767880241E+03
1.29720E+01        4.86347642953E+03
1.29780E+01        4.85927948247E+03
1.29840E+01        4.85508795193E+03
1.29900E+01        4.85090182860E+03
1.29960E+01        4.84672110323E+03
1.30020E+01        4.84254576657E+03
1.30080E+01        4.83837580937E+03
1.30140E+01        4.83421122243E+03
1.30200E+01        4.83005199655E+03
1.30260E+01        4.82589812257E+03
1.30320E+01        4.82174959132E+03
1.30380E+01        4.81760639369E+03
1.30440E+01        4.81346852055E+03
1.30500E+01        4.80933596280E+03
1.30560E+01        4.80520871138E+03
1.30620E+01        4.80108675723E+03
1.30680E+01        4.79697009130E+03
1.30740E+01        4.79285870459E+03
1.30800E+01        4.78875258810E+03
1.30860E+01        4.78465173284E+03
1.30920E+01        4.78055612986E+03
1.30980E+01        4.77646577021E+03
1.31040E+01        4.77238064497E+03
1.31100E+01        4.76830074524E+03
1.31160E+01        4.76422606213E+03
1.31220E+01        4.76015658679E+03
1.31280E+01        4.75609231036E+03
1.31340E+01        4.75203322401E+03
1.31400E+01        4.74797931893E+03
1.31460E+01        4.74393058634E+03
1.31520E+01        4.73988701747E+03
1.31580E+01        4.73584860355E+03
1.31640E+01        4.73181533585E+03
1.31700E+01        4.72778720566E+03
1.31760E+01        4.72376420427E+03
1.31820E+01        4.71974632302E+03
1.31880E+01        4.71573355323E+03
1.31940E+01        4.71172588626E+03
1.32000E+01        4.70772331349E+03
1.32060E+01        4.70372582631E+03
1.32120E+01        4.69973341614E+03
1.32180E+01        4.69574607439E+03
1.32240E+01        4.69176379252E+03
1.32300E+01        4.68778656199E+03
1.32360E+01        4.68381437429E+03
1.32420E+01        4.67984722092E+03
1.32480E+01        4.67588509339E+03
1.32540E+01        4.67192798325E+03
1.32600E+01        4.66797588204E+03
1.32660E+01        4.66402878134E+03
1.32720E+01        4.66008667274E+03
1.32780E+01        4.65614954784E+03
1.32840E+01        4.65221739828E+03
1.32900E+01        4.64829021569E+03
1.32960E+01        4.64436799173E+03
1.33020E+01        4.64045071808E+03
1.33080E+01        4.63653838644E+03
1.33140E+01        4.63263098851E+03
1.33200E+01        4.62872851604E+03
1.33260E+01        4.62483096075E+03
1.33320E+01        4.62093831443E+03
1.33380E+01        4.61705056884E+03
1.33440E+01        4.61316771579E+03
1.33500E+01        4.60928974710E+03
1.33560E+01        4.60541665458E+03
1.33620E+01        4.60154843011E+03
1.33680E+01        4.59768506553E+03
