output/Noodles_2021-02-26/SED_14.dat
# %ECSV 0.9
# ---
# datatype:
# - {name: wavelength, unit: micron, datatype: float64}
# - {name: flux, unit: microJansky, datatype: float64}
# schema: astropy-2.0
#
#
#  - - File generated by ExoNoodle - -
#         V1.0.0 - MML (CEA-Saclay)
#       2021-02-26 14:01:48.325215
wavelength flux 
[from data line 433]
5.59800E+00        2.18304125335E+04
5.60400E+00        2.17912081053E+04
5.61000E+00        2.17521072796E+04
5.61600E+00        2.17131097001E+04
5.62200E+00        2.16742150121E+04
5.62800E+00        2.16354228625E+04
5.63400E+00        2.15967328994E+04
5.64000E+00        2.15581447727E+04
5.64600E+00        2.15196581334E+04
5.65200E+00        2.14812726342E+04
5.65800E+00        2.14429879291E+04
5.66400E+00        2.14048036736E+04
5.67000E+00        2.13667195247E+04
5.67600E+00        2.13287351406E+04
5.68200E+00        2.12908501810E+04
5.68800E+00        2.12530643073E+04
5.69400E+00        2.12153771817E+04
5.70000E+00        2.11777884684E+04
5.70600E+00        2.11402978327E+04
5.71200E+00        2.11029049411E+04
5.71800E+00        2.10656094619E+04
5.72400E+00        2.10284110643E+04
5.73000E+00        2.09913094194E+04
5.73600E+00        2.09543041991E+04
5.74200E+00        2.09173950770E+04
5.74800E+00        2.08805817278E+04
5.75400E+00        2.08438638279E+04
5.76000E+00        2.08072410547E+04
5.76600E+00        2.07707130869E+04
5.77200E+00        2.07342796048E+04
5.77800E+00        2.06979402898E+04
5.78400E+00        2.06616948246E+04
5.79000E+00        2.06255428932E+04
5.79600E+00        2.05894841810E+04
5.80200E+00        2.05535183747E+04
5.80800E+00        2.05176451620E+04
5.81400E+00        2.04818642322E+04
5.82000E+00        2.04461752758E+04
5.82600E+00        2.04105779843E+04
5.83200E+00        2.03750720508E+04
5.83800E+00        2.03396571694E+04
5.84400E+00        2.03043330356E+04
5.85000E+00        2.02690993461E+04
5.85600E+00        2.02339557988E+04
5.86200E+00        2.01989020927E+04
5.86800E+00        2.01639379284E+04
5.87400E+00        2.01290630072E+04
5.88000E+00        2.00942770321E+04
5.88600E+00        2.00595797069E+04
5.89200E+00        2.00249707369E+04
5.89800E+00        1.99904498284E+04
5.90400E+00        1.99560166891E+04
5.91000E+00        1.99216710275E+04
5.91600E+00        1.98874125536E+04
5.92200E+00        1.98532409786E+04
5.92800E+00        1.98191560146E+04
5.93400E+00        1.97851573751E+04
5.94000E+00        1.97512447745E+04
5.94600E+00        1.97174179287E+04
5.95200E+00        1.96836765544E+04
5.95800E+00        1.96500203696E+04
5.96400E+00        1.96164490935E+04
5.97000E+00        1.95829624462E+04
5.97600E+00        1.95495601492E+04
5.98200E+00        1.95162419249E+04
5.98800E+00        1.94830074970E+04
5.99400E+00        1.94498565900E+04
6.00000E+00        1.94167889298E+04
6.00600E+00        1.93838042434E+04
6.01200E+00        1.93509022586E+04
6.01800E+00        1.93180827045E+04
6.02400E+00        1.92853453114E+04
6.03000E+00        1.92526898104E+04
6.03600E+00        1.92201159337E+04
6.04200E+00        1.91876234149E+04
6.04800E+00        1.91552119882E+04
6.05400E+00        1.91228813893E+04
6.06000E+00        1.90906313545E+04
6.06600E+00        1.90584616215E+04
6.07200E+00        1.90263719288E+04
6.07800E+00        1.89943620163E+04
6.08400E+00        1.89624316244E+04
6.09000E+00        1.89305804950E+04
6.09600E+00        1.88988083708E+04
6.10200E+00        1.88671149955E+04
6.10800E+00        1.88355001139E+04
6.11400E+00        1.88039634717E+04
6.12000E+00        1.87725048158E+04
6.12600E+00        1.87411238939E+04
6.13200E+00        1.87098204548E+04
6.13800E+00        1.86785942483E+04
6.14400E+00        1.86474450250E+04
6.15000E+00        1.86163725368E+04
6.15600E+00        1.85853765363E+04
6.16200E+00        1.85544567772E+04
6.16800E+00        1.85236130141E+04
6.17400E+00        1.84928450027E+04
6.18000E+00        1.84621524995E+04
6.18600E+00        1.84315352620E+04
6.19200E+00        1.84009930488E+04
6.19800E+00        1.83705256192E+04
6.20400E+00        1.83401327335E+04
6.21000E+00        1.83098141532E+04
6.21600E+00        1.82795696403E+04
6.22200E+00        1.82493989581E+04
6.22800E+00        1.82193018707E+04
6.23400E+00        1.81892781430E+04
6.24000E+00        1.81593275409E+04
6.24600E+00        1.81294498314E+04
6.25200E+00        1.80996447820E+04
6.25800E+00        1.80699121616E+04
6.26400E+00        1.80402517395E+04
6.27000E+00        1.80106632863E+04
6.27600E+00        1.79811465733E+04
6.28200E+00        1.79517013727E+04
6.28800E+00        1.79223274576E+04
6.29400E+00        1.78930246019E+04
6.30000E+00        1.78637925805E+04
6.30600E+00        1.78346311692E+04
6.31200E+00        1.78055401446E+04
6.31800E+00        1.77765192840E+04
6.32400E+00        1.77475683659E+04
6.33000E+00        1.77186871693E+04
6.33600E+00        1.76898754743E+04
6.34200E+00        1.76611330619E+04
6.34800E+00        1.76324597136E+04
6.35400E+00        1.76038552121E+04
6.36000E+00        1.75753193408E+04
6.36600E+00        1.75468518838E+04
6.37200E+00        1.75184526263E+04
6.37800E+00        1.74901213541E+04
6.38400E+00        1.74618578540E+04
6.39000E+00        1.74336619134E+04
6.39600E+00        1.74055333207E+04
6.40200E+00        1.73774718650E+04
6.40800E+00        1.73494773364E+04
6.41400E+00        1.73215495255E+04
6.42000E+00        1.72936882240E+04
6.42600E+00        1.72658932241E+04
6.43200E+00        1.72381643191E+04
6.43800E+00        1.72105013028E+04
6.44400E+00        1.71829039701E+04
6.45000E+00        1.71553721164E+04
6.45600E+00        1.71279055380E+04
6.46200E+00        1.71005040319E+04
6.46800E+00        1.70731673961E+04
6.47400E+00        1.70458954290E+04
6.48000E+00        1.70186879302E+04
6.48600E+00        1.69915446997E+04
6.49200E+00        1.69644655383E+04
6.49800E+00        1.69374502479E+04
6.50400E+00        1.69104986307E+04
6.51000E+00        1.68836104898E+04
6.51600E+00        1.68567856293E+04
6.52200E+00        1.68300238537E+04
6.52800E+00        1.68033249684E+04
6.53400E+00        1.67766887795E+04
6.54000E+00        1.67501150938E+04
6.54600E+00        1.67236037190E+04
6.55200E+00        1.66971544632E+04
6.55800E+00        1.66707671356E+04
6.56400E+00        1.66444415459E+04
6.57000E+00        1.66181775044E+04
6.57600E+00        1.65919748225E+04
6.58200E+00        1.65658333119E+04
6.58800E+00        1.65397527852E+04
6.59400E+00        1.65137330558E+04
6.60000E+00        1.64877739376E+04
6.60600E+00        1.64618752453E+04
6.61200E+00        1.64360367942E+04
6.61800E+00        1.64102584005E+04
6.62400E+00        1.63845398809E+04
6.63000E+00        1.63588810529E+04
6.63600E+00        1.63332817345E+04
6.64200E+00        1.63077417446E+04
6.64800E+00        1.62822609027E+04
6.65400E+00        1.62568390289E+04
6.66000E+00        1.62314759440E+04
6.66600E+00        1.62061714696E+04
6.67200E+00        1.61809254277E+04
6.67800E+00        1.61557376413E+04
6.68400E+00        1.61306079337E+04
6.69000E+00        1.61055361292E+04
6.69600E+00        1.60805220524E+04
6.70200E+00        1.60555655290E+04
6.70800E+00        1.60306663848E+04
6.71400E+00        1.60058244468E+04
6.72000E+00        1.59810395421E+04
6.72600E+00        1.59563114989E+04
6.73200E+00        1.59316401459E+04
6.73800E+00        1.59070253121E+04
6.74400E+00        1.58824668277E+04
6.75000E+00        1.58579645231E+04
6.75600E+00        1.58335182295E+04
6.76200E+00        1.58091277787E+04
6.76800E+00        1.57847930030E+04
6.77400E+00        1.57605137356E+04
6.78000E+00        1.57362898100E+04
6.78600E+00        1.57121210605E+04
6.79200E+00        1.56880073220E+04
6.79800E+00        1.56639484300E+04
6.80400E+00        1.56399442204E+04
6.81000E+00        1.56159945300E+04
6.81600E+00        1.55920991961E+04
6.82200E+00        1.55682580564E+04
6.82800E+00        1.55444709496E+04
6.83400E+00        1.55207377146E+04
6.84000E+00        1.54970581911E+04
6.84600E+00        1.54734322192E+04
6.85200E+00        1.54498596399E+04
6.85800E+00        1.54263402945E+04
6.86400E+00        1.54028740250E+04
6.87000E+00        1.53794606739E+04
6.87600E+00        1.53561000844E+04
6.88200E+00        1.53327921001E+04
6.88800E+00        1.53095365653E+04
6.89400E+00        1.52863333248E+04
6.90000E+00        1.52631822241E+04
6.90600E+00        1.52400831091E+04
6.91200E+00        1.52170358262E+04
6.91800E+00        1.51940402226E+04
6.92400E+00        1.51710961459E+04
6.93000E+00        1.51482034443E+04
6.93600E+00        1.51253619664E+04
6.94200E+00        1.51025715616E+04
6.94800E+00        1.50798320797E+04
6.95400E+00        1.50571433711E+04
6.96000E+00        1.50345052865E+04
6.96600E+00        1.50119176776E+04
6.97200E+00        1.49893803962E+04
6.97800E+00        1.49668932949E+04
6.98400E+00        1.49444562267E+04
6.99000E+00        1.49220690451E+04
6.99600E+00        1.48997316044E+04
7.00200E+00        1.48774437590E+04
7.00800E+00        1.48552053642E+04
7.01400E+00        1.48330162755E+04
7.02000E+00        1.48108763493E+04
7.02600E+00        1.47887854421E+04
7.03200E+00        1.47667434112E+04
7.03800E+00        1.47447501143E+04
7.04400E+00        1.47228054097E+04
7.05000E+00        1.47009091560E+04
7.05600E+00        1.46790612126E+04
7.06200E+00        1.46572614392E+04
7.06800E+00        1.46355096959E+04
7.07400E+00        1.46138058437E+04
7.08000E+00        1.45921497436E+04
7.08600E+00        1.45705412575E+04
7.09200E+00        1.45489802476E+04
7.09800E+00        1.45274665766E+04
7.10400E+00        1.45060001077E+04
7.11000E+00        1.44845807045E+04
7.11600E+00        1.44632082314E+04
7.12200E+00        1.44418825529E+04
7.12800E+00        1.44206035342E+04
7.13400E+00        1.43993710409E+04
7.14000E+00        1.43781849391E+04
7.14600E+00        1.43570450953E+04
7.15200E+00        1.43359513767E+04
7.15800E+00        1.43149036507E+04
7.16400E+00        1.42939017853E+04
7.17000E+00        1.42729456489E+04
7.17600E+00        1.42520351106E+04
7.18200E+00        1.42311700395E+04
7.18800E+00        1.42103503057E+04
7.19400E+00        1.41895757793E+04
7.20000E+00        1.41688463311E+04
7.20600E+00        1.41481618324E+04
7.21200E+00        1.41275221547E+04
7.21800E+00        1.41069271703E+04
7.22400E+00        1.40863767516E+04
7.23000E+00        1.40658707716E+04
7.23600E+00        1.40454091039E+04
7.24200E+00        1.40249916223E+04
7.24800E+00        1.40046182011E+04
7.25400E+00        1.39842887152E+04
7.26000E+00        1.39640030397E+04
7.26600E+00        1.39437610503E+04
7.27200E+00        1.39235626230E+04
7.27800E+00        1.39034076345E+04
7.28400E+00        1.38832959616E+04
7.29000E+00        1.38632274818E+04
7.29600E+00        1.38432020728E+04
7.30200E+00        1.38232196128E+04
7.30800E+00        1.38032799806E+04
7.31400E+00        1.37833830552E+04
7.32000E+00        1.37635287161E+04
7.32600E+00        1.37437168433E+04
7.33200E+00        1.37239473170E+04
7.33800E+00        1.37042200180E+04
7.34400E+00        1.36845348275E+04
7.35000E+00        1.36648916271E+04
7.35600E+00        1.36452902987E+04
7.36200E+00        1.36257307247E+04
7.36800E+00        1.36062127881E+04
7.37400E+00        1.35867363718E+04
7.38000E+00        1.35673013597E+04
7.38600E+00        1.35479076356E+04
7.39200E+00        1.35285550840E+04
7.39800E+00        1.35092435898E+04
7.40400E+00        1.34899730381E+04
7.41000E+00        1.34707433145E+04
7.41600E+00        1.34515543050E+04
7.42200E+00        1.34324058961E+04
7.42800E+00        1.34132979744E+04
7.43400E+00        1.33942304273E+04
7.44000E+00        1.33752031422E+04
7.44600E+00        1.33562160071E+04
7.45200E+00        1.33372689103E+04
7.45800E+00        1.33183617405E+04
7.46400E+00        1.32994943869E+04
7.47000E+00        1.32806667388E+04
7.47600E+00        1.32618786863E+04
7.48200E+00        1.32431301194E+04
7.48800E+00        1.32244209288E+04
7.49400E+00        1.32057510054E+04
7.50000E+00        1.31871202407E+04
7.50600E+00        1.31685285263E+04
7.51200E+00        1.31499757544E+04
7.51800E+00        1.31314618173E+04
7.52400E+00        1.31129866080E+04
7.53000E+00        1.30945500195E+04
7.53600E+00        1.30761519456E+04
7.54200E+00        1.30577922799E+04
7.54800E+00        1.30394709170E+04
7.55400E+00        1.30211877513E+04
7.56000E+00        1.30029426779E+04
7.56600E+00        1.29847355921E+04
7.57200E+00        1.29665663896E+04
7.57800E+00        1.29484349665E+04
7.58400E+00        1.29303412192E+04
7.59000E+00        1.29122850444E+04
7.59600E+00        1.28942663393E+04
7.60200E+00        1.28762850013E+04
7.60800E+00        1.28583409282E+04
7.61400E+00        1.28404340181E+04
7.62000E+00        1.28225641696E+04
7.62600E+00        1.28047312814E+04
7.63200E+00        1.27869352528E+04
7.63800E+00        1.27691759832E+04
7.64400E+00        1.27514533725E+04
7.65000E+00        1.27337673209E+04
7.65600E+00        1.27161177289E+04
7.66200E+00        1.26985044974E+04
7.66800E+00        1.26809275275E+04
7.67400E+00        1.26633867208E+04
7.68000E+00        1.26458819791E+04
7.68600E+00        1.26284132047E+04
7.69200E+00        1.26109802999E+04
7.69800E+00        1.25935831676E+04
7.70400E+00        1.25762217110E+04
7.71000E+00        1.25588958336E+04
7.71600E+00        1.25416054392E+04
7.72200E+00        1.25243504319E+04
7.72800E+00        1.25071307161E+04
7.73400E+00        1.24899461966E+04
7.74000E+00        1.24727967785E+04
7.74600E+00        1.24556823672E+04
7.75200E+00        1.24386028683E+04
7.75800E+00        1.24215581880E+04
7.76400E+00        1.24045482325E+04
7.77000E+00        1.23875729085E+04
7.77600E+00        1.23706321230E+04
7.78200E+00        1.23537257832E+04
7.78800E+00        1.23368537966E+04
7.79400E+00        1.23200160713E+04
7.80000E+00        1.23032125153E+04
7.80600E+00        1.22864430371E+04
7.81200E+00        1.22697075455E+04
7.81800E+00        1.22530059497E+04
7.82400E+00        1.22363381590E+04
7.83000E+00        1.22197040831E+04
7.83600E+00        1.22031036320E+04
7.84200E+00        1.21865367159E+04
7.84800E+00        1.21700032456E+04
7.85400E+00        1.21535031318E+04
7.86000E+00        1.21370362856E+04
7.86600E+00        1.21206026187E+04
7.87200E+00        1.21042020427E+04
7.87800E+00        1.20878344696E+04
7.88400E+00        1.20714998119E+04
7.89000E+00        1.20551979820E+04
7.89600E+00        1.20389288930E+04
7.90200E+00        1.20226924580E+04
7.90800E+00        1.20064885905E+04
7.91400E+00        1.19903172042E+04
7.92000E+00        1.19741782133E+04
7.92600E+00        1.19580715319E+04
7.93200E+00        1.19419970748E+04
7.93800E+00        1.19259547567E+04
7.94400E+00        1.19099444929E+04
7.95000E+00        1.18939661988E+04
7.95600E+00        1.18780197901E+04
7.96200E+00        1.18621051828E+04
7.96800E+00        1.18462222931E+04
7.97400E+00        1.18303710376E+04
7.98000E+00        1.18145513331E+04
7.98600E+00        1.17987630966E+04
7.99200E+00        1.17830062456E+04
7.99800E+00        1.17672806975E+04
8.00400E+00        1.17515863703E+04
8.01000E+00        1.17359231821E+04
8.01600E+00        1.17202910514E+04
8.02200E+00        1.17046898968E+04
8.02800E+00        1.16891196373E+04
8.03400E+00        1.16735801920E+04
8.04000E+00        1.16580714804E+04
8.04600E+00        1.16425934222E+04
8.05200E+00        1.16271459375E+04
8.05800E+00        1.16117289464E+04
8.06400E+00        1.15963423694E+04
8.07000E+00        1.15809861274E+04
8.07600E+00        1.15656601412E+04
8.08200E+00        1.15503643322E+04
8.08800E+00        1.15350986219E+04
8.09400E+00        1.15198629320E+04
8.10000E+00        1.15046571846E+04
8.10600E+00        1.14894813020E+04
8.11200E+00        1.14743352065E+04
8.11800E+00        1.14592188211E+04
8.12400E+00        1.14441320688E+04
8.13000E+00        1.14290748727E+04
8.13600E+00        1.14140471564E+04
8.14200E+00        1.13990488437E+04
8.14800E+00        1.13840798585E+04
8.15400E+00        1.13691401251E+04
8.16000E+00        1.13542295680E+04
8.16600E+00        1.13393481119E+04
8.17200E+00        1.13244956817E+04
8.17800E+00        1.13096722026E+04
