output/Noodles_2021-02-26/SED_14.dat
# %ECSV 0.9
# ---
# datatype:
# - {name: wavelength, unit: micron, datatype: float64}
# - {name: flux, unit: microJansky, datatype: float64}
# schema: astropy-2.0
#
#
#  - - File generated by ExoNoodle - -
#         V1.0.0 - MML (CEA-Saclay)
#       2021-02-26 14:01:48.325215
wavelength flux 
3.00000E+00        5.69545815913E+04
3.00600E+00        5.68002753636E+04
3.01200E+00        5.66465286420E+04
3.01800E+00        5.64933393171E+04
3.02400E+00        5.63407052823E+04
3.03000E+00        5.61886244339E+04
3.03600E+00        5.60370946710E+04
3.04200E+00        5.58861138957E+04
3.04800E+00        5.57356800135E+04
3.05400E+00        5.55857909329E+04
3.06000E+00        5.54364445662E+04
3.06600E+00        5.52876388290E+04
3.07200E+00        5.51393716403E+04
3.07800E+00        5.49916409233E+04
3.08400E+00        5.48444446048E+04
3.09000E+00        5.46977806155E+04
3.09600E+00        5.45516468902E+04
3.10200E+00        5.44060413679E+04
3.10800E+00        5.42609619918E+04
3.11400E+00        5.41164067093E+04
3.12000E+00        5.39723734723E+04
3.12600E+00        5.38288602372E+04
3.13200E+00        5.36858649650E+04
3.13800E+00        5.35433856212E+04
3.14400E+00        5.34014201762E+04
3.15000E+00        5.32599666051E+04
3.15600E+00        5.31190228878E+04
3.16200E+00        5.29785870094E+04
3.16800E+00        5.28386569598E+04
3.17400E+00        5.26992307340E+04
3.18000E+00        5.25603063323E+04
3.18600E+00        5.24218817599E+04
3.19200E+00        5.22839550276E+04
3.19800E+00        5.21465241513E+04
3.20400E+00        5.20095871524E+04
3.21000E+00        5.18731420577E+04
3.21600E+00        5.17371868995E+04
3.22200E+00        5.16017197156E+04
3.22800E+00        5.14667385493E+04
3.23400E+00        5.13322414498E+04
3.24000E+00        5.11982264718E+04
3.24600E+00        5.10646916757E+04
3.25200E+00        5.09316351277E+04
3.25800E+00        5.07990549000E+04
3.26400E+00        5.06669490702E+04
3.27000E+00        5.05353157223E+04
3.27600E+00        5.04041529459E+04
3.28200E+00        5.02734588367E+04
3.28800E+00        5.01432314962E+04
3.29400E+00        5.00134690323E+04
3.30000E+00        4.98841695584E+04
3.30600E+00        4.97553311946E+04
3.31200E+00        4.96269520667E+04
3.31800E+00        4.94990303067E+04
3.32400E+00        4.93715640529E+04
3.33000E+00        4.92445514496E+04
3.33600E+00        4.91179906476E+04
3.34200E+00        4.89918798037E+04
3.34800E+00        4.88662170809E+04
3.35400E+00        4.87410006487E+04
3.36000E+00        4.86162286829E+04
3.36600E+00        4.84918993653E+04
3.37200E+00        4.83680108844E+04
3.37800E+00        4.82445614348E+04
3.38400E+00        4.81215492175E+04
3.39000E+00        4.79989724401E+04
3.39600E+00        4.78768293163E+04
3.40200E+00        4.77551180663E+04
3.40800E+00        4.76338369169E+04
3.41400E+00        4.75129841009E+04
3.42000E+00        4.73925578579E+04
3.42600E+00        4.72725564339E+04
3.43200E+00        4.71529780812E+04
3.43800E+00        4.70338210587E+04
3.44400E+00        4.69150836315E+04
3.45000E+00        4.67967640716E+04
3.45600E+00        4.66788606571E+04
3.46200E+00        4.65613716727E+04
3.46800E+00        4.64442954097E+04
3.47400E+00        4.63276301656E+04
3.48000E+00        4.62113742447E+04
3.48600E+00        4.60955259575E+04
3.49200E+00        4.59800836213E+04
3.49800E+00        4.58650455595E+04
3.50400E+00        4.57504101023E+04
3.51000E+00        4.56361755864E+04
3.51600E+00        4.55223403546E+04
3.52200E+00        4.54089027566E+04
3.52800E+00        4.52958611483E+04
3.53400E+00        4.51832138924E+04
3.54000E+00        4.50709593576E+04
3.54600E+00        4.49590959194E+04
3.55200E+00        4.48476219596E+04
3.55800E+00        4.47365358667E+04
3.56400E+00        4.46258360354E+04
3.57000E+00        4.45155208668E+04
3.57600E+00        4.44055887686E+04
3.58200E+00        4.42960381549E+04
3.58800E+00        4.41868674461E+04
3.59400E+00        4.40780750692E+04
3.60000E+00        4.39696594574E+04
3.60600E+00        4.38616190505E+04
3.61200E+00        4.37539522944E+04
3.61800E+00        4.36466576416E+04
3.62400E+00        4.35397335508E+04
3.63000E+00        4.34331784873E+04
3.63600E+00        4.33269909226E+04
3.64200E+00        4.32211693343E+04
3.64800E+00        4.31157122066E+04
3.65400E+00        4.30106180301E+04
3.66000E+00        4.29058853012E+04
3.66600E+00        4.28015125232E+04
3.67200E+00        4.26974982051E+04
3.67800E+00        4.25938408625E+04
3.68400E+00        4.24905390173E+04
3.69000E+00        4.23875911972E+04
3.69600E+00        4.22849959366E+04
3.70200E+00        4.21827517757E+04
3.70800E+00        4.20808572612E+04
3.71400E+00        4.19793109458E+04
3.72000E+00        4.18781113882E+04
3.72600E+00        4.17772571537E+04
3.73200E+00        4.16767468131E+04
3.73800E+00        4.15765789439E+04
3.74400E+00        4.14767521292E+04
3.75000E+00        4.13772649586E+04
3.75600E+00        4.12781160274E+04
3.76200E+00        4.11793039371E+04
3.76800E+00        4.10808272952E+04
3.77400E+00        4.09826847153E+04
3.78000E+00        4.08848748167E+04
3.78600E+00        4.07873962251E+04
3.79200E+00        4.06902475717E+04
3.79800E+00        4.05934274940E+04
3.80400E+00        4.04969346352E+04
3.81000E+00        4.04007676445E+04
3.81600E+00        4.03049251769E+04
3.82200E+00        4.02094058934E+04
3.82800E+00        4.01142084606E+04
3.83400E+00        4.00193315512E+04
3.84000E+00        3.99247738436E+04
3.84600E+00        3.98305340219E+04
3.85200E+00        3.97366107761E+04
3.85800E+00        3.96430028018E+04
3.86400E+00        3.95497088006E+04
3.87000E+00        3.94567274794E+04
3.87600E+00        3.93640575513E+04
3.88200E+00        3.92716977346E+04
3.88800E+00        3.91796467536E+04
3.89400E+00        3.90879033379E+04
3.90000E+00        3.89964662231E+04
3.90600E+00        3.89053341502E+04
3.91200E+00        3.88145058657E+04
3.91800E+00        3.87239801217E+04
3.92400E+00        3.86337556759E+04
3.93000E+00        3.85438312916E+04
3.93600E+00        3.84542057374E+04
3.94200E+00        3.83648777874E+04
3.94800E+00        3.82758462214E+04
3.95400E+00        3.81871098242E+04
3.96000E+00        3.80986673865E+04
3.96600E+00        3.80105177040E+04
3.97200E+00        3.79226595781E+04
3.97800E+00        3.78350918152E+04
3.98400E+00        3.77478132274E+04
3.99000E+00        3.76608226319E+04
3.99600E+00        3.75741188511E+04
4.00200E+00        3.74877007130E+04
4.00800E+00        3.74015670506E+04
4.01400E+00        3.73157167022E+04
4.02000E+00        3.72301485113E+04
4.02600E+00        3.71448613266E+04
4.03200E+00        3.70598540019E+04
4.03800E+00        3.69751253964E+04
4.04400E+00        3.68906743741E+04
4.05000E+00        3.68064998043E+04
4.05600E+00        3.67226005614E+04
4.06200E+00        3.66389755247E+04
4.06800E+00        3.65556235789E+04
4.07400E+00        3.64725436132E+04
4.08000E+00        3.63897345224E+04
4.08600E+00        3.63071952057E+04
4.09200E+00        3.62249245678E+04
4.09800E+00        3.61429215180E+04
4.10400E+00        3.60611849707E+04
4.11000E+00        3.59797138450E+04
4.11600E+00        3.58985070651E+04
4.12200E+00        3.58175635599E+04
4.12800E+00        3.57368822634E+04
4.13400E+00        3.56564621141E+04
4.14000E+00        3.55763020555E+04
4.14600E+00        3.54964010358E+04
4.15200E+00        3.54167580080E+04
4.15800E+00        3.53373719299E+04
4.16400E+00        3.52582417640E+04
4.17000E+00        3.51793664773E+04
4.17600E+00        3.51007450417E+04
4.18200E+00        3.50223764337E+04
4.18800E+00        3.49442596345E+04
4.19400E+00        3.48663936298E+04
4.20000E+00        3.47887774101E+04
4.20600E+00        3.47114099701E+04
4.21200E+00        3.46342903095E+04
4.21800E+00        3.45574174323E+04
4.22400E+00        3.44807903471E+04
4.23000E+00        3.44044080669E+04
4.23600E+00        3.43282696093E+04
4.24200E+00        3.42523739962E+04
4.24800E+00        3.41767202543E+04
4.25400E+00        3.41013074142E+04
4.26000E+00        3.40261345113E+04
4.26600E+00        3.39512005853E+04
4.27200E+00        3.38765046802E+04
4.27800E+00        3.38020458443E+04
4.28400E+00        3.37278231304E+04
4.29000E+00        3.36538355953E+04
4.29600E+00        3.35800823006E+04
4.30200E+00        3.35065623115E+04
4.30800E+00        3.34332746980E+04
4.31400E+00        3.33602185341E+04
4.32000E+00        3.32873928981E+04
4.32600E+00        3.32147968722E+04
4.33200E+00        3.31424295431E+04
4.33800E+00        3.30702900017E+04
4.34400E+00        3.29983773426E+04
4.35000E+00        3.29266906650E+04
4.35600E+00        3.28552290718E+04
4.36200E+00        3.27839916703E+04
4.36800E+00        3.27129775717E+04
4.37400E+00        3.26421858913E+04
4.38000E+00        3.25716157482E+04
4.38600E+00        3.25012662658E+04
4.39200E+00        3.24311365713E+04
4.39800E+00        3.23612257960E+04
4.40400E+00        3.22915330750E+04
4.41000E+00        3.22220575474E+04
4.41600E+00        3.21527983563E+04
4.42200E+00        3.20837546484E+04
4.42800E+00        3.20149255747E+04
4.43400E+00        3.19463102897E+04
4.44000E+00        3.18779079519E+04
4.44600E+00        3.18097177235E+04
4.45200E+00        3.17417387707E+04
4.45800E+00        3.16739702634E+04
4.46400E+00        3.16064113750E+04
4.47000E+00        3.15390612832E+04
4.47600E+00        3.14719191689E+04
4.48200E+00        3.14049842169E+04
4.48800E+00        3.13382556159E+04
4.49400E+00        3.12717325580E+04
4.50000E+00        3.12054142391E+04
4.50600E+00        3.11392998587E+04
4.51200E+00        3.10733886198E+04
4.51800E+00        3.10076797294E+04
4.52400E+00        3.09421723976E+04
4.53000E+00        3.08768658384E+04
4.53600E+00        3.08117592693E+04
4.54200E+00        3.07468519113E+04
4.54800E+00        3.06821429890E+04
4.55400E+00        3.06176317302E+04
4.56000E+00        3.05533173667E+04
4.56600E+00        3.04891991334E+04
4.57200E+00        3.04252762688E+04
4.57800E+00        3.03615480148E+04
4.58400E+00        3.02980136167E+04
4.59000E+00        3.02346723232E+04
4.59600E+00        3.01715233866E+04
4.60200E+00        3.01085660622E+04
4.60800E+00        3.00457996091E+04
4.61400E+00        2.99832232894E+04
4.62000E+00        2.99208363686E+04
4.62600E+00        2.98586381156E+04
4.63200E+00        2.97966278026E+04
4.63800E+00        2.97348047050E+04
4.64400E+00        2.96731681015E+04
4.65000E+00        2.96117172740E+04
4.65600E+00        2.95504515078E+04
4.66200E+00        2.94893700911E+04
4.66800E+00        2.94284723157E+04
4.67400E+00        2.93677574763E+04
4.68000E+00        2.93072248709E+04
4.68600E+00        2.92468738006E+04
4.69200E+00        2.91867035696E+04
4.69800E+00        2.91267134854E+04
4.70400E+00        2.90669028584E+04
4.71000E+00        2.90072710022E+04
4.71600E+00        2.89478172334E+04
4.72200E+00        2.88885408720E+04
4.72800E+00        2.88294412405E+04
4.73400E+00        2.87705176648E+04
4.74000E+00        2.87117694739E+04
4.74600E+00        2.86531959995E+04
4.75200E+00        2.85947965765E+04
4.75800E+00        2.85365705427E+04
4.76400E+00        2.84785172388E+04
4.77000E+00        2.84206360088E+04
4.77600E+00        2.83629261991E+04
4.78200E+00        2.83053871595E+04
4.78800E+00        2.82480182423E+04
4.79400E+00        2.81908188030E+04
4.80000E+00        2.81337881999E+04
4.80600E+00        2.80769257942E+04
4.81200E+00        2.80202309497E+04
4.81800E+00        2.79637030333E+04
4.82400E+00        2.79073414146E+04
4.83000E+00        2.78511454662E+04
4.83600E+00        2.77951145633E+04
4.84200E+00        2.77392480838E+04
4.84800E+00        2.76835454087E+04
4.85400E+00        2.76280059214E+04
4.86000E+00        2.75726290082E+04
4.86600E+00        2.75174140583E+04
4.87200E+00        2.74623604632E+04
4.87800E+00        2.74074676175E+04
4.88400E+00        2.73527349184E+04
4.89000E+00        2.72981617655E+04
4.89600E+00        2.72437475614E+04
4.90200E+00        2.71894917111E+04
4.90800E+00        2.71353936226E+04
4.91400E+00        2.70814527060E+04
4.92000E+00        2.70276683745E+04
4.92600E+00        2.69740400436E+04
4.93200E+00        2.69205671315E+04
4.93800E+00        2.68672490589E+04
4.94400E+00        2.68140852491E+04
4.95000E+00        2.67610751281E+04
4.95600E+00        2.67082181241E+04
4.96200E+00        2.66555136681E+04
4.96800E+00        2.66029611936E+04
4.97400E+00        2.65505601364E+04
4.98000E+00        2.64983099350E+04
4.98600E+00        2.64462100303E+04
4.99200E+00        2.63942598656E+04
4.99800E+00        2.63424588866E+04
5.00400E+00        2.62908065418E+04
5.01000E+00        2.62393022816E+04
5.01600E+00        2.61879455592E+04
5.02200E+00        2.61367358301E+04
5.02800E+00        2.60856725521E+04
5.03400E+00        2.60347551855E+04
5.04000E+00        2.59839831929E+04
5.04600E+00        2.59333560393E+04
5.05200E+00        2.58828731921E+04
5.05800E+00        2.58325341208E+04
5.06400E+00        2.57823382975E+04
5.07000E+00        2.57322851964E+04
5.07600E+00        2.56823742941E+04
5.08200E+00        2.56326050696E+04
5.08800E+00        2.55829770039E+04
5.09400E+00        2.55334895805E+04
5.10000E+00        2.54841422850E+04
5.10600E+00        2.54349346055E+04
5.11200E+00        2.53858660320E+04
5.11800E+00        2.53369360568E+04
5.12400E+00        2.52881441747E+04
5.13000E+00        2.52394898824E+04
5.13600E+00        2.51909726788E+04
5.14200E+00        2.51425920652E+04
5.14800E+00        2.50943475448E+04
5.15400E+00        2.50462386231E+04
5.16000E+00        2.49982648078E+04
5.16600E+00        2.49504256086E+04
5.17200E+00        2.49027205375E+04
5.17800E+00        2.48551491084E+04
5.18400E+00        2.48077108375E+04
5.19000E+00        2.47604052429E+04
5.19600E+00        2.47132318451E+04
5.20200E+00        2.46661901663E+04
5.20800E+00        2.46192797310E+04
5.21400E+00        2.45725000657E+04
5.22000E+00        2.45258506990E+04
5.22600E+00        2.44793311614E+04
5.23200E+00        2.44329409856E+04
5.23800E+00        2.43866797060E+04
5.24400E+00        2.43405468595E+04
5.25000E+00        2.42945419846E+04
5.25600E+00        2.42486646219E+04
5.26200E+00        2.42029143141E+04
5.26800E+00        2.41572906056E+04
5.27400E+00        2.41117930429E+04
5.28000E+00        2.40664211747E+04
5.28600E+00        2.40211745511E+04
5.29200E+00        2.39760527247E+04
5.29800E+00        2.39310552496E+04
5.30400E+00        2.38861816819E+04
5.31000E+00        2.38414315799E+04
5.31600E+00        2.37968045033E+04
5.32200E+00        2.37523000142E+04
5.32800E+00        2.37079176761E+04
5.33400E+00        2.36636570546E+04
5.34000E+00        2.36195177173E+04
5.34600E+00        2.35754992333E+04
5.35200E+00        2.35316011738E+04
5.35800E+00        2.34878231118E+04
5.36400E+00        2.34441646220E+04
5.37000E+00        2.34006252810E+04
5.37600E+00        2.33572046672E+04
5.38200E+00        2.33139023608E+04
5.38800E+00        2.32707179438E+04
5.39400E+00        2.32276509998E+04
5.40000E+00        2.31847011145E+04
5.40600E+00        2.31418678750E+04
5.41200E+00        2.30991508705E+04
5.41800E+00        2.30565496916E+04
5.42400E+00        2.30140639309E+04
5.43000E+00        2.29716931827E+04
5.43600E+00        2.29294370428E+04
5.44200E+00        2.28872951089E+04
5.44800E+00        2.28452669804E+04
5.45400E+00        2.28033522583E+04
5.46000E+00        2.27615505454E+04
5.46600E+00        2.27198614461E+04
5.47200E+00        2.26782845665E+04
5.47800E+00        2.26368195143E+04
5.48400E+00        2.25954658989E+04
5.49000E+00        2.25542233314E+04
5.49600E+00        2.25130914244E+04
5.50200E+00        2.24720697923E+04
5.50800E+00        2.24311580510E+04
5.51400E+00        2.23903558180E+04
5.52000E+00        2.23496627125E+04
5.52600E+00        2.23090783552E+04
5.53200E+00        2.22686023685E+04
5.53800E+00        2.22282343764E+04
5.54400E+00        2.21879740042E+04
5.55000E+00        2.21478208791E+04
5.55600E+00        2.21077746298E+04
5.56200E+00        2.20678348863E+04
5.56800E+00        2.20280012805E+04
5.57400E+00        2.19882734455E+04
5.58000E+00        2.19486510163E+04
5.58600E+00        2.19091336290E+04
