output/Noodles_2021-02-26/SED_07.dat
# %ECSV 0.9
# ---
# datatype:
# - {name: wavelength, unit: micron, datatype: float64}
# - {name: flux, unit: microJansky, datatype: float64}
# schema: astropy-2.0
#
#
#  - - File generated by ExoNoodle - -
#         V1.0.0 - MML (CEA-Saclay)
#       2021-02-26 14:01:48.325215
wavelength flux 
[from data line 1298]
1.07880E+01        6.87907692689E+03
1.07940E+01        6.87204756737E+03
1.08000E+01        6.86502893365E+03
1.08060E+01        6.85802100402E+03
1.08120E+01        6.85102375681E+03
1.08180E+01        6.84403717042E+03
1.08240E+01        6.83706122331E+03
1.08300E+01        6.83009589397E+03
1.08360E+01        6.82314116097E+03
1.08420E+01        6.81619700292E+03
1.08480E+01        6.80926339848E+03
1.08540E+01        6.80234032637E+03
1.08600E+01        6.79542776537E+03
1.08660E+01        6.78852569430E+03
1.08720E+01        6.78163409204E+03
1.08780E+01        6.77475293752E+03
1.08840E+01        6.76788220973E+03
1.08900E+01        6.76102188771E+03
1.08960E+01        6.75417195053E+03
1.09020E+01        6.74733237736E+03
1.09080E+01        6.74050314737E+03
1.09140E+01        6.73368423981E+03
1.09200E+01        6.72687563399E+03
1.09260E+01        6.72007730925E+03
1.09320E+01        6.71328924500E+03
1.09380E+01        6.70651142067E+03
1.09440E+01        6.69974381579E+03
1.09500E+01        6.69298640989E+03
1.09560E+01        6.68623918259E+03
1.09620E+01        6.67950211354E+03
1.09680E+01        6.67277518245E+03
1.09740E+01        6.66605836908E+03
1.09800E+01        6.65935165322E+03
1.09860E+01        6.65265501475E+03
1.09920E+01        6.64596843356E+03
1.09980E+01        6.63929188961E+03
1.10040E+01        6.63262536292E+03
1.10100E+01        6.62596883352E+03
1.10160E+01        6.61932228154E+03
1.10220E+01        6.61268568712E+03
1.10280E+01        6.60605903047E+03
1.10340E+01        6.59944229184E+03
1.10400E+01        6.59283545153E+03
1.10460E+01        6.58623848990E+03
1.10520E+01        6.57965138734E+03
1.10580E+01        6.57307412429E+03
1.10640E+01        6.56650668126E+03
1.10700E+01        6.55994903878E+03
1.10760E+01        6.55340117745E+03
1.10820E+01        6.54686307791E+03
1.10880E+01        6.54033472084E+03
1.10940E+01        6.53381608697E+03
1.11000E+01        6.52730715710E+03
1.11060E+01        6.52080791204E+03
1.11120E+01        6.51431833267E+03
1.11180E+01        6.50783839993E+03
1.11240E+01        6.50136809476E+03
1.11300E+01        6.49490739820E+03
1.11360E+01        6.48845629130E+03
1.11420E+01        6.48201475518E+03
1.11480E+01        6.47558277098E+03
1.11540E+01        6.46916031992E+03
1.11600E+01        6.46274738324E+03
1.11660E+01        6.45634394222E+03
1.11720E+01        6.44994997822E+03
1.11780E+01        6.44356547262E+03
1.11840E+01        6.43719040684E+03
1.11900E+01        6.43082476237E+03
1.11960E+01        6.42446852072E+03
1.12020E+01        6.41812166346E+03
1.12080E+01        6.41178417220E+03
1.12140E+01        6.40545602859E+03
1.12200E+01        6.39913721435E+03
1.12260E+01        6.39282771120E+03
1.12320E+01        6.38652750095E+03
1.12380E+01        6.38023656542E+03
1.12440E+01        6.37395488649E+03
1.12500E+01        6.36768244609E+03
1.12560E+01        6.36141922618E+03
1.12620E+01        6.35516520877E+03
1.12680E+01        6.34892037591E+03
1.12740E+01        6.34268470971E+03
1.12800E+01        6.33645819229E+03
1.12860E+01        6.33024080585E+03
1.12920E+01        6.32403253261E+03
1.12980E+01        6.31783335484E+03
1.13040E+01        6.31164325486E+03
1.13100E+01        6.30546221501E+03
1.13160E+01        6.29929021770E+03
1.13220E+01        6.29312724537E+03
1.13280E+01        6.28697328050E+03
1.13340E+01        6.28082830561E+03
1.13400E+01        6.27469230328E+03
1.13460E+01        6.26856525610E+03
1.13520E+01        6.26244714675E+03
1.13580E+01        6.25633795790E+03
1.13640E+01        6.25023767229E+03
1.13700E+01        6.24414627270E+03
1.13760E+01        6.23806374195E+03
1.13820E+01        6.23199006289E+03
1.13880E+01        6.22592521843E+03
1.13940E+01        6.21986919151E+03
1.14000E+01        6.21382196510E+03
1.14060E+01        6.20778352224E+03
1.14120E+01        6.20175384599E+03
1.14180E+01        6.19573291946E+03
1.14240E+01        6.18972072578E+03
1.14300E+01        6.18371724814E+03
1.14360E+01        6.17772246977E+03
1.14420E+01        6.17173637394E+03
1.14480E+01        6.16575894395E+03
1.14540E+01        6.15979016315E+03
1.14600E+01        6.15383001492E+03
1.14660E+01        6.14787848269E+03
1.14720E+01        6.14193554992E+03
1.14780E+01        6.13600120012E+03
1.14840E+01        6.13007541684E+03
1.14900E+01        6.12415818365E+03
1.14960E+01        6.11824948418E+03
1.15020E+01        6.11234930209E+03
1.15080E+01        6.10645762108E+03
1.15140E+01        6.10057442489E+03
1.15200E+01        6.09469969729E+03
1.15260E+01        6.08883342211E+03
1.15320E+01        6.08297558320E+03
1.15380E+01        6.07712616445E+03
1.15440E+01        6.07128514979E+03
1.15500E+01        6.06545252320E+03
1.15560E+01        6.05962826867E+03
1.15620E+01        6.05381237026E+03
1.15680E+01        6.04800481205E+03
1.15740E+01        6.04220557816E+03
1.15800E+01        6.03641465275E+03
1.15860E+01        6.03063202002E+03
1.15920E+01        6.02485766419E+03
1.15980E+01        6.01909156955E+03
1.16040E+01        6.01333372039E+03
1.16100E+01        6.00758410107E+03
1.16160E+01        6.00184269597E+03
1.16220E+01        5.99610948950E+03
1.16280E+01        5.99038446612E+03
1.16340E+01        5.98466761032E+03
1.16400E+01        5.97895890664E+03
1.16460E+01        5.97325833963E+03
1.16520E+01        5.96756589391E+03
1.16580E+01        5.96188155410E+03
1.16640E+01        5.95620530489E+03
1.16700E+01        5.95053713098E+03
1.16760E+01        5.94487701711E+03
1.16820E+01        5.93922494809E+03
1.16880E+01        5.93358090871E+03
1.16940E+01        5.92794488383E+03
1.17000E+01        5.92231685834E+03
1.17060E+01        5.91669681718E+03
1.17120E+01        5.91108474529E+03
1.17180E+01        5.90548062767E+03
1.17240E+01        5.89988444935E+03
1.17300E+01        5.89429619541E+03
1.17360E+01        5.88871585093E+03
1.17420E+01        5.88314340105E+03
1.17480E+01        5.87757883095E+03
1.17540E+01        5.87202212582E+03
1.17600E+01        5.86647327092E+03
1.17660E+01        5.86093225150E+03
1.17720E+01        5.85539905289E+03
1.17780E+01        5.84987366041E+03
1.17840E+01        5.84435605946E+03
1.17900E+01        5.83884623543E+03
1.17960E+01        5.83334417377E+03
1.18020E+01        5.82784985997E+03
1.18080E+01        5.82236327953E+03
1.18140E+01        5.81688441800E+03
1.18200E+01        5.81141326097E+03
1.18260E+01        5.80594979403E+03
1.18320E+01        5.80049400285E+03
1.18380E+01        5.79504587309E+03
1.18440E+01        5.78960539048E+03
1.18500E+01        5.78417254075E+03
1.18560E+01        5.77874730970E+03
1.18620E+01        5.77332968313E+03
1.18680E+01        5.76791964688E+03
1.18740E+01        5.76251718684E+03
1.18800E+01        5.75712228891E+03
1.18860E+01        5.75173493904E+03
1.18920E+01        5.74635512320E+03
1.18980E+01        5.74098282741E+03
1.19040E+01        5.73561803770E+03
1.19100E+01        5.73026074015E+03
1.19160E+01        5.72491092086E+03
1.19220E+01        5.71956856596E+03
1.19280E+01        5.71423366164E+03
1.19340E+01        5.70890619408E+03
1.19400E+01        5.70358614952E+03
1.19460E+01        5.69827351423E+03
1.19520E+01        5.69296827450E+03
1.19580E+01        5.68767041666E+03
1.19640E+01        5.68237992707E+03
1.19700E+01        5.67709679212E+03
1.19760E+01        5.67182099823E+03
1.19820E+01        5.66655253186E+03
1.19880E+01        5.66129137948E+03
1.19940E+01        5.65603752762E+03
1.20000E+01        5.65079096281E+03
1.20060E+01        5.64555167164E+03
1.20120E+01        5.64031964072E+03
1.20180E+01        5.63509485668E+03
1.20240E+01        5.62987730619E+03
1.20300E+01        5.62466697595E+03
1.20360E+01        5.61946385270E+03
1.20420E+01        5.61426792318E+03
1.20480E+01        5.60907917420E+03
1.20540E+01        5.60389759257E+03
1.20600E+01        5.59872316514E+03
1.20660E+01        5.59355587880E+03
1.20720E+01        5.58839572045E+03
1.20780E+01        5.58324267705E+03
1.20840E+01        5.57809673554E+03
1.20900E+01        5.57295788295E+03
1.20960E+01        5.56782610629E+03
1.21020E+01        5.56270139263E+03
1.21080E+01        5.55758372905E+03
1.21140E+01        5.55247310268E+03
1.21200E+01        5.54736950066E+03
1.21260E+01        5.54227291016E+03
1.21320E+01        5.53718331840E+03
1.21380E+01        5.53210071261E+03
1.21440E+01        5.52702508005E+03
1.21500E+01        5.52195640802E+03
1.21560E+01        5.51689468383E+03
1.21620E+01        5.51183989484E+03
1.21680E+01        5.50679202843E+03
1.21740E+01        5.50175107200E+03
1.21800E+01        5.49671701299E+03
1.21860E+01        5.49168983886E+03
1.21920E+01        5.48666953712E+03
1.21980E+01        5.48165609527E+03
1.22040E+01        5.47664950087E+03
1.22100E+01        5.47164974149E+03
1.22160E+01        5.46665680475E+03
1.22220E+01        5.46167067827E+03
1.22280E+01        5.45669134972E+03
1.22340E+01        5.45171880679E+03
1.22400E+01        5.44675303718E+03
1.22460E+01        5.44179402866E+03
1.22520E+01        5.43684176899E+03
1.22580E+01        5.43189624596E+03
1.22640E+01        5.42695744741E+03
1.22700E+01        5.42202536120E+03
1.22760E+01        5.41709997520E+03
1.22820E+01        5.41218127732E+03
1.22880E+01        5.40726925550E+03
1.22940E+01        5.40236389771E+03
1.23000E+01        5.39746519193E+03
1.23060E+01        5.39257312618E+03
1.23120E+01        5.38768768851E+03
1.23180E+01        5.38280886698E+03
1.23240E+01        5.37793664970E+03
1.23300E+01        5.37307102479E+03
1.23360E+01        5.36821198039E+03
1.23420E+01        5.36335950470E+03
1.23480E+01        5.35851358591E+03
1.23540E+01        5.35367421225E+03
1.23600E+01        5.34884137197E+03
1.23660E+01        5.34401505338E+03
1.23720E+01        5.33919524476E+03
1.23780E+01        5.33438193446E+03
1.23840E+01        5.32957511083E+03
1.23900E+01        5.32477476228E+03
1.23960E+01        5.31998087720E+03
1.24020E+01        5.31519344403E+03
1.24080E+01        5.31041245125E+03
1.24140E+01        5.30563788734E+03
1.24200E+01        5.30086974082E+03
1.24260E+01        5.29610800023E+03
1.24320E+01        5.29135265413E+03
1.24380E+01        5.28660369112E+03
1.24440E+01        5.28186109982E+03
1.24500E+01        5.27712486887E+03
1.24560E+01        5.27239498693E+03
1.24620E+01        5.26767144271E+03
1.24680E+01        5.26295422491E+03
1.24740E+01        5.25824332229E+03
1.24800E+01        5.25353872361E+03
1.24860E+01        5.24884041766E+03
1.24920E+01        5.24414839326E+03
1.24980E+01        5.23946263926E+03
1.25040E+01        5.23478314452E+03
1.25100E+01        5.23010989793E+03
1.25160E+01        5.22544288842E+03
1.25220E+01        5.22078210491E+03
1.25280E+01        5.21612753638E+03
1.25340E+01        5.21147917182E+03
1.25400E+01        5.20683700024E+03
1.25460E+01        5.20220101068E+03
1.25520E+01        5.19757119220E+03
1.25580E+01        5.19294753389E+03
1.25640E+01        5.18833002486E+03
1.25700E+01        5.18371865424E+03
1.25760E+01        5.17911341119E+03
1.25820E+01        5.17451428490E+03
1.25880E+01        5.16992126457E+03
1.25940E+01        5.16533433942E+03
1.26000E+01        5.16075349872E+03
1.26060E+01        5.15617873175E+03
1.26120E+01        5.15161002779E+03
1.26180E+01        5.14704737617E+03
1.26240E+01        5.14249076625E+03
1.26300E+01        5.13794018740E+03
1.26360E+01        5.13339562900E+03
1.26420E+01        5.12885708047E+03
1.26480E+01        5.12432453126E+03
1.26540E+01        5.11979797083E+03
1.26600E+01        5.11527738866E+03
1.26660E+01        5.11076277427E+03
1.26720E+01        5.10625411719E+03
1.26780E+01        5.10175140697E+03
1.26840E+01        5.09725463319E+03
1.26900E+01        5.09276378545E+03
1.26960E+01        5.08827885338E+03
1.27020E+01        5.08379982662E+03
1.27080E+01        5.07932669484E+03
1.27140E+01        5.07485944773E+03
1.27200E+01        5.07039807501E+03
1.27260E+01        5.06594256641E+03
1.27320E+01        5.06149291169E+03
1.27380E+01        5.05704910063E+03
1.27440E+01        5.05261112304E+03
1.27500E+01        5.04817896873E+03
1.27560E+01        5.04375262757E+03
1.27620E+01        5.03933208940E+03
1.27680E+01        5.03491734414E+03
1.27740E+01        5.03050838168E+03
1.27800E+01        5.02610519197E+03
1.27860E+01        5.02170776496E+03
1.27920E+01        5.01731609064E+03
1.27980E+01        5.01293015899E+03
1.28040E+01        5.00854996005E+03
1.28100E+01        5.00417548385E+03
1.28160E+01        4.99980672047E+03
1.28220E+01        4.99544365998E+03
1.28280E+01        4.99108629250E+03
1.28340E+01        4.98673460816E+03
1.28400E+01        4.98238859710E+03
1.28460E+01        4.97804824951E+03
1.28520E+01        4.97371355556E+03
1.28580E+01        4.96938450548E+03
1.28640E+01        4.96506108950E+03
1.28700E+01        4.96074329788E+03
1.28760E+01        4.95643112089E+03
1.28820E+01        4.95212454884E+03
1.28880E+01        4.94782357204E+03
1.28940E+01        4.94352818083E+03
1.29000E+01        4.93923836558E+03
1.29060E+01        4.93495411666E+03
1.29120E+01        4.93067542448E+03
1.29180E+01        4.92640227946E+03
1.29240E+01        4.92213467204E+03
1.29300E+01        4.91787259269E+03
1.29360E+01        4.91361603190E+03
1.29420E+01        4.90936498016E+03
1.29480E+01        4.90511942800E+03
1.29540E+01        4.90087936597E+03
1.29600E+01        4.89664478463E+03
1.29660E+01        4.89241567457E+03
1.29720E+01        4.88819202639E+03
1.29780E+01        4.88397383072E+03
1.29840E+01        4.87976107822E+03
1.29900E+01        4.87555375953E+03
1.29960E+01        4.87135186535E+03
1.30020E+01        4.86715538639E+03
1.30080E+01        4.86296431337E+03
1.30140E+01        4.85877863703E+03
1.30200E+01        4.85459834814E+03
1.30260E+01        4.85042343749E+03
1.30320E+01        4.84625389588E+03
1.30380E+01        4.84208971414E+03
1.30440E+01        4.83793088310E+03
1.30500E+01        4.83377739364E+03
1.30560E+01        4.82962923662E+03
1.30620E+01        4.82548640297E+03
1.30680E+01        4.82134888359E+03
1.30740E+01        4.81721666943E+03
1.30800E+01        4.81308975145E+03
1.30860E+01        4.80896812062E+03
1.30920E+01        4.80485176795E+03
1.30980E+01        4.80074068445E+03
1.31040E+01        4.79663486116E+03
1.31100E+01        4.79253428913E+03
1.31160E+01        4.78843895945E+03
1.31220E+01        4.78434886319E+03
1.31280E+01        4.78026399147E+03
1.31340E+01        4.77618433543E+03
1.31400E+01        4.77210988621E+03
1.31460E+01        4.76804063498E+03
1.31520E+01        4.76397657294E+03
1.31580E+01        4.75991769127E+03
1.31640E+01        4.75586398121E+03
1.31700E+01        4.75181543401E+03
1.31760E+01        4.74777204091E+03
1.31820E+01        4.74373379321E+03
1.31880E+01        4.73970068219E+03
1.31940E+01        4.73567269918E+03
1.32000E+01        4.73164983551E+03
1.32060E+01        4.72763208253E+03
1.32120E+01        4.72361943162E+03
1.32180E+01        4.71961187416E+03
1.32240E+01        4.71560940155E+03
1.32300E+01        4.71161200523E+03
1.32360E+01        4.70761967664E+03
1.32420E+01        4.70363240724E+03
1.32480E+01        4.69965018851E+03
1.32540E+01        4.69567301194E+03
1.32600E+01        4.69170086905E+03
1.32660E+01        4.68773375137E+03
1.32720E+01        4.68377165046E+03
1.32780E+01        4.67981455788E+03
1.32840E+01        4.67586246521E+03
1.32900E+01        4.67191536407E+03
1.32960E+01        4.66797324606E+03
1.33020E+01        4.66403610284E+03
1.33080E+01        4.66010392605E+03
1.33140E+01        4.65617670737E+03
1.33200E+01        4.65225443849E+03
1.33260E+01        4.64833711111E+03
1.33320E+01        4.64442471697E+03
1.33380E+01        4.64051724780E+03
1.33440E+01        4.63661469537E+03
1.33500E+01        4.63271705146E+03
1.33560E+01        4.62882430784E+03
1.33620E+01        4.62493645635E+03
1.33680E+01        4.62105348880E+03
