output/Noodles_2021-02-26/SED_06.dat
# %ECSV 0.9
# ---
# datatype:
# - {name: wavelength, unit: micron, datatype: float64}
# - {name: flux, unit: microJansky, datatype: float64}
# schema: astropy-2.0
#
#
#  - - File generated by ExoNoodle - -
#         V1.0.0 - MML (CEA-Saclay)
#       2021-02-26 14:01:48.325215
wavelength flux 
[from data line 1298]
1.07880E+01        6.87598746169E+03
1.07940E+01        6.86896119278E+03
1.08000E+01        6.86194564523E+03
1.08060E+01        6.85494079733E+03
1.08120E+01        6.84794662743E+03
1.08180E+01        6.84096311393E+03
1.08240E+01        6.83399023530E+03
1.08300E+01        6.82702797004E+03
1.08360E+01        6.82007629673E+03
1.08420E+01        6.81313519398E+03
1.08480E+01        6.80620464046E+03
1.08540E+01        6.79928461491E+03
1.08600E+01        6.79237509610E+03
1.08660E+01        6.78547606287E+03
1.08720E+01        6.77858749411E+03
1.08780E+01        6.77170936875E+03
1.08840E+01        6.76484166578E+03
1.08900E+01        6.75798436426E+03
1.08960E+01        6.75113744328E+03
1.09020E+01        6.74430088198E+03
1.09080E+01        6.73747465958E+03
1.09140E+01        6.73065875532E+03
1.09200E+01        6.72385314851E+03
1.09260E+01        6.71705781850E+03
1.09320E+01        6.71027274471E+03
1.09380E+01        6.70349790660E+03
1.09440E+01        6.69673328366E+03
1.09500E+01        6.68997885548E+03
1.09560E+01        6.68323460165E+03
1.09620E+01        6.67650050184E+03
1.09680E+01        6.66977653577E+03
1.09740E+01        6.66306268321E+03
1.09800E+01        6.65635892395E+03
1.09860E+01        6.64966523788E+03
1.09920E+01        6.64298160490E+03
1.09980E+01        6.63630800498E+03
1.10040E+01        6.62964441813E+03
1.10100E+01        6.62299082441E+03
1.10160E+01        6.61634720395E+03
1.10220E+01        6.60971353689E+03
1.10280E+01        6.60308980346E+03
1.10340E+01        6.59647598391E+03
1.10400E+01        6.58987205855E+03
1.10460E+01        6.58327800773E+03
1.10520E+01        6.57669381187E+03
1.10580E+01        6.57011945142E+03
1.10640E+01        6.56355490688E+03
1.10700E+01        6.55700015880E+03
1.10760E+01        6.55045518779E+03
1.10820E+01        6.54391997447E+03
1.10880E+01        6.53739449956E+03
1.10940E+01        6.53087874379E+03
1.11000E+01        6.52437268795E+03
1.11060E+01        6.51787631287E+03
1.11120E+01        6.51138959945E+03
1.11180E+01        6.50491252860E+03
1.11240E+01        6.49844508131E+03
1.11300E+01        6.49198723860E+03
1.11360E+01        6.48553898154E+03
1.11420E+01        6.47910029125E+03
1.11480E+01        6.47267114888E+03
1.11540E+01        6.46625153565E+03
1.11600E+01        6.45984143281E+03
1.11660E+01        6.45344082167E+03
1.11720E+01        6.44704968357E+03
1.11780E+01        6.44066799990E+03
1.11840E+01        6.43429575209E+03
1.11900E+01        6.42793292164E+03
1.11960E+01        6.42157949007E+03
1.12020E+01        6.41523543895E+03
1.12080E+01        6.40890074990E+03
1.12140E+01        6.40257540459E+03
1.12200E+01        6.39625938471E+03
1.12260E+01        6.38995267203E+03
1.12320E+01        6.38365524834E+03
1.12380E+01        6.37736709548E+03
1.12440E+01        6.37108819533E+03
1.12500E+01        6.36481852983E+03
1.12560E+01        6.35855808094E+03
1.12620E+01        6.35230683069E+03
1.12680E+01        6.34606476112E+03
1.12740E+01        6.33983185436E+03
1.12800E+01        6.33360809254E+03
1.12860E+01        6.32739345785E+03
1.12920E+01        6.32118793253E+03
1.12980E+01        6.31499149886E+03
1.13040E+01        6.30880413915E+03
1.13100E+01        6.30262583576E+03
1.13160E+01        6.29645657111E+03
1.13220E+01        6.29029632763E+03
1.13280E+01        6.28414508782E+03
1.13340E+01        6.27800283421E+03
1.13400E+01        6.27186954938E+03
1.13460E+01        6.26574521593E+03
1.13520E+01        6.25962981653E+03
1.13580E+01        6.25352333388E+03
1.13640E+01        6.24742575072E+03
1.13700E+01        6.24133704983E+03
1.13760E+01        6.23525721404E+03
1.13820E+01        6.22918622621E+03
1.13880E+01        6.22312406925E+03
1.13940E+01        6.21707072611E+03
1.14000E+01        6.21102617977E+03
1.14060E+01        6.20499041328E+03
1.14120E+01        6.19896340969E+03
1.14180E+01        6.19294515212E+03
1.14240E+01        6.18693562372E+03
1.14300E+01        6.18093480768E+03
1.14360E+01        6.17494268724E+03
1.14420E+01        6.16895924567E+03
1.14480E+01        6.16298446627E+03
1.14540E+01        6.15701833241E+03
1.14600E+01        6.15106082748E+03
1.14660E+01        6.14511193490E+03
1.14720E+01        6.13917163815E+03
1.14780E+01        6.13323992074E+03
1.14840E+01        6.12731676622E+03
1.14900E+01        6.12140215818E+03
1.14960E+01        6.11549608024E+03
1.15020E+01        6.10959851609E+03
1.15080E+01        6.10370944941E+03
1.15140E+01        6.09782886397E+03
1.15200E+01        6.09195674353E+03
1.15260E+01        6.08609307193E+03
1.15320E+01        6.08023783303E+03
1.15380E+01        6.07439101072E+03
1.15440E+01        6.06855258894E+03
1.15500E+01        6.06272255168E+03
1.15560E+01        6.05690088293E+03
1.15620E+01        6.05108756676E+03
1.15680E+01        6.04528258726E+03
1.15740E+01        6.03948592855E+03
1.15800E+01        6.03369757479E+03
1.15860E+01        6.02791751019E+03
1.15920E+01        6.02214571900E+03
1.15980E+01        6.01638218547E+03
1.16040E+01        6.01062689394E+03
1.16100E+01        6.00487982875E+03
1.16160E+01        5.99914097429E+03
1.16220E+01        5.99341031499E+03
1.16280E+01        5.98768783530E+03
1.16340E+01        5.98197351972E+03
1.16400E+01        5.97626735280E+03
1.16460E+01        5.97056931910E+03
1.16520E+01        5.96487940323E+03
1.16580E+01        5.95919758984E+03
1.16640E+01        5.95352386360E+03
1.16700E+01        5.94785820923E+03
1.16760E+01        5.94220061149E+03
1.16820E+01        5.93655105516E+03
1.16880E+01        5.93090952506E+03
1.16940E+01        5.92527600606E+03
1.17000E+01        5.91965048304E+03
1.17060E+01        5.91403294095E+03
1.17120E+01        5.90842336475E+03
1.17180E+01        5.90282173943E+03
1.17240E+01        5.89722805004E+03
1.17300E+01        5.89164228164E+03
1.17360E+01        5.88606441934E+03
1.17420E+01        5.88049444829E+03
1.17480E+01        5.87493235365E+03
1.17540E+01        5.86937812065E+03
1.17600E+01        5.86383173451E+03
1.17660E+01        5.85829318053E+03
1.17720E+01        5.85276244402E+03
1.17780E+01        5.84723951032E+03
1.17840E+01        5.84172436482E+03
1.17900E+01        5.83621699294E+03
1.17960E+01        5.83071738011E+03
1.18020E+01        5.82522551184E+03
1.18080E+01        5.81974137363E+03
1.18140E+01        5.81426495104E+03
1.18200E+01        5.80879622966E+03
1.18260E+01        5.80333519509E+03
1.18320E+01        5.79788183300E+03
1.18380E+01        5.79243612907E+03
1.18440E+01        5.78699806902E+03
1.18500E+01        5.78156763861E+03
1.18560E+01        5.77614482360E+03
1.18620E+01        5.77072960983E+03
1.18680E+01        5.76532198315E+03
1.18740E+01        5.75992192943E+03
1.18800E+01        5.75452943460E+03
1.18860E+01        5.74914448461E+03
1.18920E+01        5.74376706542E+03
1.18980E+01        5.73839716307E+03
1.19040E+01        5.73303476359E+03
1.19100E+01        5.72767985307E+03
1.19160E+01        5.72233241761E+03
1.19220E+01        5.71699244335E+03
1.19280E+01        5.71165991648E+03
1.19340E+01        5.70633482320E+03
1.19400E+01        5.70101714974E+03
1.19460E+01        5.69570688237E+03
1.19520E+01        5.69040400741E+03
1.19580E+01        5.68510851117E+03
1.19640E+01        5.67982038003E+03
1.19700E+01        5.67453960038E+03
1.19760E+01        5.66926615865E+03
1.19820E+01        5.66400004130E+03
1.19880E+01        5.65874123481E+03
1.19940E+01        5.65348972571E+03
1.20000E+01        5.64824550055E+03
1.20060E+01        5.64300854590E+03
1.20120E+01        5.63777884839E+03
1.20180E+01        5.63255639466E+03
1.20240E+01        5.62734117138E+03
1.20300E+01        5.62213316526E+03
1.20360E+01        5.61693236302E+03
1.20420E+01        5.61173875145E+03
1.20480E+01        5.60655231733E+03
1.20540E+01        5.60137304748E+03
1.20600E+01        5.59620092877E+03
1.20660E+01        5.59103594809E+03
1.20720E+01        5.58587809234E+03
1.20780E+01        5.58072734847E+03
1.20840E+01        5.57558370346E+03
1.20900E+01        5.57044714432E+03
1.20960E+01        5.56531765808E+03
1.21020E+01        5.56019523180E+03
1.21080E+01        5.55507985258E+03
1.21140E+01        5.54997150754E+03
1.21200E+01        5.54487018383E+03
1.21260E+01        5.53977586864E+03
1.21320E+01        5.53468854918E+03
1.21380E+01        5.52960821269E+03
1.21440E+01        5.52453484643E+03
1.21500E+01        5.51946843770E+03
1.21560E+01        5.51440897384E+03
1.21620E+01        5.50935644219E+03
1.21680E+01        5.50431083014E+03
1.21740E+01        5.49927212510E+03
1.21800E+01        5.49424031452E+03
1.21860E+01        5.48921538586E+03
1.21920E+01        5.48419732662E+03
1.21980E+01        5.47918612433E+03
1.22040E+01        5.47418176654E+03
1.22100E+01        5.46918424084E+03
1.22160E+01        5.46419353483E+03
1.22220E+01        5.45920963616E+03
1.22280E+01        5.45423253248E+03
1.22340E+01        5.44926221150E+03
1.22400E+01        5.44429866094E+03
1.22460E+01        5.43934186854E+03
1.22520E+01        5.43439182209E+03
1.22580E+01        5.42944850938E+03
1.22640E+01        5.42451191825E+03
1.22700E+01        5.41958203657E+03
1.22760E+01        5.41465885221E+03
1.22820E+01        5.40974235309E+03
1.22880E+01        5.40483252716E+03
1.22940E+01        5.39992936237E+03
1.23000E+01        5.39503284674E+03
1.23060E+01        5.39014296827E+03
1.23120E+01        5.38525971501E+03
1.23180E+01        5.38038307505E+03
1.23240E+01        5.37551303649E+03
1.23300E+01        5.37064958745E+03
1.23360E+01        5.36579271610E+03
1.23420E+01        5.36094241060E+03
1.23480E+01        5.35609865918E+03
1.23540E+01        5.35126145007E+03
1.23600E+01        5.34643077152E+03
1.23660E+01        5.34160661184E+03
1.23720E+01        5.33678895932E+03
1.23780E+01        5.33197780232E+03
1.23840E+01        5.32717312919E+03
1.23900E+01        5.32237492832E+03
1.23960E+01        5.31758318815E+03
1.24020E+01        5.31279789710E+03
1.24080E+01        5.30801904366E+03
1.24140E+01        5.30324661631E+03
1.24200E+01        5.29848060357E+03
1.24260E+01        5.29372099399E+03
1.24320E+01        5.28896777614E+03
1.24380E+01        5.28422093863E+03
1.24440E+01        5.27948047006E+03
1.24500E+01        5.27474635910E+03
1.24560E+01        5.27001859440E+03
1.24620E+01        5.26529716468E+03
1.24680E+01        5.26058205865E+03
1.24740E+01        5.25587326506E+03
1.24800E+01        5.25117077268E+03
1.24860E+01        5.24647457031E+03
1.24920E+01        5.24178464678E+03
1.24980E+01        5.23710099092E+03
1.25040E+01        5.23242359162E+03
1.25100E+01        5.22775243777E+03
1.25160E+01        5.22308751829E+03
1.25220E+01        5.21842882212E+03
1.25280E+01        5.21377633824E+03
1.25340E+01        5.20913005564E+03
1.25400E+01        5.20448996334E+03
1.25460E+01        5.19985605038E+03
1.25520E+01        5.19522830582E+03
1.25580E+01        5.19060671877E+03
1.25640E+01        5.18599127833E+03
1.25700E+01        5.18138197364E+03
1.25760E+01        5.17677879387E+03
1.25820E+01        5.17218172820E+03
1.25880E+01        5.16759076585E+03
1.25940E+01        5.16300589604E+03
1.26000E+01        5.15842710803E+03
1.26060E+01        5.15385439112E+03
1.26120E+01        5.14928773459E+03
1.26180E+01        5.14472712778E+03
1.26240E+01        5.14017256005E+03
1.26300E+01        5.13562402076E+03
1.26360E+01        5.13108149932E+03
1.26420E+01        5.12654498514E+03
1.26480E+01        5.12201446767E+03
1.26540E+01        5.11748993639E+03
1.26600E+01        5.11297138077E+03
1.26660E+01        5.10845879034E+03
1.26720E+01        5.10395215463E+03
1.26780E+01        5.09945146320E+03
1.26840E+01        5.09495670563E+03
1.26900E+01        5.09046787153E+03
1.26960E+01        5.08598495053E+03
1.27020E+01        5.08150793227E+03
1.27080E+01        5.07703680644E+03
1.27140E+01        5.07257156271E+03
1.27200E+01        5.06811219082E+03
1.27260E+01        5.06365868051E+03
1.27320E+01        5.05921102153E+03
1.27380E+01        5.05476920367E+03
1.27440E+01        5.05033321674E+03
1.27500E+01        5.04590305056E+03
1.27560E+01        5.04147869500E+03
1.27620E+01        5.03706013991E+03
1.27680E+01        5.03264737521E+03
1.27740E+01        5.02824039080E+03
1.27800E+01        5.02383917662E+03
1.27860E+01        5.01944372264E+03
1.27920E+01        5.01505401883E+03
1.27980E+01        5.01067005521E+03
1.28040E+01        5.00629182180E+03
1.28100E+01        5.00191930864E+03
1.28160E+01        4.99755250581E+03
1.28220E+01        4.99319140339E+03
1.28280E+01        4.98883599150E+03
1.28340E+01        4.98448626028E+03
1.28400E+01        4.98014219986E+03
1.28460E+01        4.97580380044E+03
1.28520E+01        4.97147105221E+03
1.28580E+01        4.96714394539E+03
1.28640E+01        4.96282247021E+03
1.28700E+01        4.95850661695E+03
1.28760E+01        4.95419637587E+03
1.28820E+01        4.94989173728E+03
1.28880E+01        4.94559269150E+03
1.28940E+01        4.94129922889E+03
1.29000E+01        4.93701133979E+03
1.29060E+01        4.93272901461E+03
1.29120E+01        4.92845224374E+03
1.29180E+01        4.92418101761E+03
1.29240E+01        4.91991532667E+03
1.29300E+01        4.91565516139E+03
1.29360E+01        4.91140051225E+03
1.29420E+01        4.90715136976E+03
1.29480E+01        4.90290772446E+03
1.29540E+01        4.89866956689E+03
1.29600E+01        4.89443688762E+03
1.29660E+01        4.89020967724E+03
1.29720E+01        4.88598792637E+03
1.29780E+01        4.88177162562E+03
1.29840E+01        4.87756076565E+03
1.29900E+01        4.87335533714E+03
1.29960E+01        4.86915533076E+03
1.30020E+01        4.86496073724E+03
1.30080E+01        4.86077154729E+03
1.30140E+01        4.85658775168E+03
1.30200E+01        4.85240934116E+03
1.30260E+01        4.84823630653E+03
1.30320E+01        4.84406863859E+03
1.30380E+01        4.83990632818E+03
1.30440E+01        4.83574936613E+03
1.30500E+01        4.83159774333E+03
1.30560E+01        4.82745145065E+03
1.30620E+01        4.82331047899E+03
1.30680E+01        4.81917481930E+03
1.30740E+01        4.81504446250E+03
1.30800E+01        4.81091939956E+03
1.30860E+01        4.80679962147E+03
1.30920E+01        4.80268511922E+03
1.30980E+01        4.79857588385E+03
1.31040E+01        4.79447190638E+03
1.31100E+01        4.79037317788E+03
1.31160E+01        4.78627968942E+03
1.31220E+01        4.78219143210E+03
1.31280E+01        4.77810839704E+03
1.31340E+01        4.77403057538E+03
1.31400E+01        4.76995795825E+03
1.31460E+01        4.76589053685E+03
1.31520E+01        4.76182830235E+03
1.31580E+01        4.75777124597E+03
1.31640E+01        4.75371935893E+03
1.31700E+01        4.74967263248E+03
1.31760E+01        4.74563105789E+03
1.31820E+01        4.74159462643E+03
1.31880E+01        4.73756332942E+03
1.31940E+01        4.73353715816E+03
1.32000E+01        4.72951610401E+03
1.32060E+01        4.72550015830E+03
1.32120E+01        4.72148931242E+03
1.32180E+01        4.71748355777E+03
1.32240E+01        4.71348288574E+03
1.32300E+01        4.70948728778E+03
1.32360E+01        4.70549675532E+03
1.32420E+01        4.70151127984E+03
1.32480E+01        4.69753085281E+03
1.32540E+01        4.69355546573E+03
1.32600E+01        4.68958511013E+03
1.32660E+01        4.68561977754E+03
1.32720E+01        4.68165945951E+03
1.32780E+01        4.67770414762E+03
1.32840E+01        4.67375383345E+03
1.32900E+01        4.66980850861E+03
1.32960E+01        4.66586816473E+03
1.33020E+01        4.66193279344E+03
1.33080E+01        4.65800238641E+03
1.33140E+01        4.65407693532E+03
1.33200E+01        4.65015643185E+03
1.33260E+01        4.64624086772E+03
1.33320E+01        4.64233023466E+03
1.33380E+01        4.63842452441E+03
1.33440E+01        4.63452372875E+03
1.33500E+01        4.63062783943E+03
1.33560E+01        4.62673684828E+03
1.33620E+01        4.62285074709E+03
1.33680E+01        4.61896952771E+03
