output/Noodles_2021-02-26/SED_15.dat
# %ECSV 0.9
# ---
# datatype:
# - {name: wavelength, unit: micron, datatype: float64}
# - {name: flux, unit: microJansky, datatype: float64}
# schema: astropy-2.0
#
#
#  - - File generated by ExoNoodle - -
#         V1.0.0 - MML (CEA-Saclay)
#       2021-02-26 14:01:48.325215
wavelength flux 
[from data line 1730]
1.33800E+01        4.47279024290E+03
1.33860E+01        4.46903975944E+03
1.33920E+01        4.46529398008E+03
1.33980E+01        4.46155289698E+03
1.34040E+01        4.45781650232E+03
1.34100E+01        4.45408478828E+03
1.34160E+01        4.45035774707E+03
1.34220E+01        4.44663537091E+03
1.34280E+01        4.44291765203E+03
1.34340E+01        4.43920458270E+03
1.34400E+01        4.43549615517E+03
1.34460E+01        4.43179236174E+03
1.34520E+01        4.42809319471E+03
1.34580E+01        4.42439864640E+03
1.34640E+01        4.42070870913E+03
1.34700E+01        4.41702337527E+03
1.34760E+01        4.41334263716E+03
1.34820E+01        4.40966648721E+03
1.34880E+01        4.40599491779E+03
1.34940E+01        4.40232792133E+03
1.35000E+01        4.39866549026E+03
1.35060E+01        4.39500761700E+03
1.35120E+01        4.39135429404E+03
1.35180E+01        4.38770551383E+03
1.35240E+01        4.38406126888E+03
1.35300E+01        4.38042155168E+03
1.35360E+01        4.37678635477E+03
1.35420E+01        4.37315567066E+03
1.35480E+01        4.36952949193E+03
1.35540E+01        4.36590781112E+03
1.35600E+01        4.36229062084E+03
1.35660E+01        4.35867791367E+03
1.35720E+01        4.35506968223E+03
1.35780E+01        4.35146591914E+03
1.35840E+01        4.34786661706E+03
1.35900E+01        4.34427176863E+03
1.35960E+01        4.34068136653E+03
1.36020E+01        4.33709540346E+03
1.36080E+01        4.33351387211E+03
1.36140E+01        4.32993676520E+03
1.36200E+01        4.32636407546E+03
1.36260E+01        4.32279579566E+03
1.36320E+01        4.31923191853E+03
1.36380E+01        4.31567243688E+03
1.36440E+01        4.31211734348E+03
1.36500E+01        4.30856663114E+03
1.36560E+01        4.30502029270E+03
1.36620E+01        4.30147832097E+03
1.36680E+01        4.29794070882E+03
1.36740E+01        4.29440744912E+03
1.36800E+01        4.29087853473E+03
1.36860E+01        4.28735395856E+03
1.36920E+01        4.28383371352E+03
1.36980E+01        4.28031779253E+03
1.37040E+01        4.27680618853E+03
1.37100E+01        4.27329889446E+03
1.37160E+01        4.26979590331E+03
1.37220E+01        4.26629720804E+03
1.37280E+01        4.26280280166E+03
1.37340E+01        4.25931267718E+03
1.37400E+01        4.25582682761E+03
1.37460E+01        4.25234524600E+03
1.37520E+01        4.24886792540E+03
1.37580E+01        4.24539485888E+03
1.37640E+01        4.24192603951E+03
1.37700E+01        4.23846146040E+03
1.37760E+01        4.23500111464E+03
1.37820E+01        4.23154499536E+03
1.37880E+01        4.22809309571E+03
1.37940E+01        4.22464540882E+03
1.38000E+01        4.22120192786E+03
1.38060E+01        4.21776264602E+03
1.38120E+01        4.21432755647E+03
1.38180E+01        4.21089665244E+03
1.38240E+01        4.20746992713E+03
1.38300E+01        4.20404737378E+03
1.38360E+01        4.20062898564E+03
1.38420E+01        4.19721475596E+03
1.38480E+01        4.19380467803E+03
1.38540E+01        4.19039874512E+03
1.38600E+01        4.18699695054E+03
1.38660E+01        4.18359928760E+03
1.38720E+01        4.18020574964E+03
1.38780E+01        4.17681632998E+03
1.38840E+01        4.17343102200E+03
1.38900E+01        4.17004981905E+03
1.38960E+01        4.16667271451E+03
1.39020E+01        4.16329970179E+03
1.39080E+01        4.15993077428E+03
1.39140E+01        4.15656592541E+03
1.39200E+01        4.15320514862E+03
1.39260E+01        4.14984843735E+03
1.39320E+01        4.14649578506E+03
1.39380E+01        4.14314718523E+03
1.39440E+01        4.13980263133E+03
1.39500E+01        4.13646211689E+03
1.39560E+01        4.13312563540E+03
1.39620E+01        4.12979318039E+03
1.39680E+01        4.12646474540E+03
1.39740E+01        4.12314032398E+03
1.39800E+01        4.11981990970E+03
1.39860E+01        4.11650349613E+03
1.39920E+01        4.11319107687E+03
1.39980E+01        4.10988264551E+03
1.40040E+01        4.10657819568E+03
