output/Noodles_2021-02-26/SED_04.dat
# %ECSV 0.9
# ---
# datatype:
# - {name: wavelength, unit: micron, datatype: float64}
# - {name: flux, unit: microJansky, datatype: float64}
# schema: astropy-2.0
#
#
#  - - File generated by ExoNoodle - -
#         V1.0.0 - MML (CEA-Saclay)
#       2021-02-26 14:01:48.325215
wavelength flux 
[from data line 1298]
1.07880E+01        6.86308808601E+03
1.07940E+01        6.85607472125E+03
1.08000E+01        6.84907205930E+03
1.08060E+01        6.84208007849E+03
1.08120E+01        6.83509875721E+03
1.08180E+01        6.82812807388E+03
1.08240E+01        6.82116800701E+03
1.08300E+01        6.81421853515E+03
1.08360E+01        6.80727963687E+03
1.08420E+01        6.80035129086E+03
1.08480E+01        6.79343347580E+03
1.08540E+01        6.78652617046E+03
1.08600E+01        6.77962935366E+03
1.08660E+01        6.77274300425E+03
1.08720E+01        6.76586710117E+03
1.08780E+01        6.75900162338E+03
1.08840E+01        6.75214654990E+03
1.08900E+01        6.74530185982E+03
1.08960E+01        6.73846753227E+03
1.09020E+01        6.73164354643E+03
1.09080E+01        6.72482988152E+03
1.09140E+01        6.71802651685E+03
1.09200E+01        6.71123343173E+03
1.09260E+01        6.70445060558E+03
1.09320E+01        6.69767801782E+03
1.09380E+01        6.69091564794E+03
1.09440E+01        6.68416347549E+03
1.09500E+01        6.67742148007E+03
1.09560E+01        6.67068964131E+03
1.09620E+01        6.66396793892E+03
1.09680E+01        6.65725635264E+03
1.09740E+01        6.65055486226E+03
1.09800E+01        6.64386344763E+03
1.09860E+01        6.63718208864E+03
1.09920E+01        6.63051076525E+03
1.09980E+01        6.62384945745E+03
1.10040E+01        6.61719814529E+03
1.10100E+01        6.61055680885E+03
1.10160E+01        6.60392542828E+03
1.10220E+01        6.59730398379E+03
1.10280E+01        6.59069245560E+03
1.10340E+01        6.58409082401E+03
1.10400E+01        6.57749906936E+03
1.10460E+01        6.57091717203E+03
1.10520E+01        6.56434511248E+03
1.10580E+01        6.55778287117E+03
1.10640E+01        6.55123042864E+03
1.10700E+01        6.54468776548E+03
1.10760E+01        6.53815486231E+03
1.10820E+01        6.53163169982E+03
1.10880E+01        6.52511825872E+03
1.10940E+01        6.51861451978E+03
1.11000E+01        6.51212046383E+03
1.11060E+01        6.50563607173E+03
1.11120E+01        6.49916132440E+03
1.11180E+01        6.49269620279E+03
1.11240E+01        6.48624068792E+03
1.11300E+01        6.47979476083E+03
1.11360E+01        6.47335840263E+03
1.11420E+01        6.46693159446E+03
1.11480E+01        6.46051431752E+03
1.11540E+01        6.45410655303E+03
1.11600E+01        6.44770828230E+03
1.11660E+01        6.44131948665E+03
1.11720E+01        6.43494014745E+03
1.11780E+01        6.42857024612E+03
1.11840E+01        6.42220976414E+03
1.11900E+01        6.41585868302E+03
1.11960E+01        6.40951698431E+03
1.12020E+01        6.40318464961E+03
1.12080E+01        6.39686166058E+03
1.12140E+01        6.39054799890E+03
1.12200E+01        6.38424364631E+03
1.12260E+01        6.37794858459E+03
1.12320E+01        6.37166279557E+03
1.12380E+01        6.36538626111E+03
1.12440E+01        6.35911896314E+03
1.12500E+01        6.35286088361E+03
1.12560E+01        6.34661200451E+03
1.12620E+01        6.34037230790E+03
1.12680E+01        6.33414177586E+03
1.12740E+01        6.32792039053E+03
1.12800E+01        6.32170813409E+03
1.12860E+01        6.31550498874E+03
1.12920E+01        6.30931093675E+03
1.12980E+01        6.30312596044E+03
1.13040E+01        6.29695004213E+03
1.13100E+01        6.29078316423E+03
1.13160E+01        6.28462530918E+03
1.13220E+01        6.27847645943E+03
1.13280E+01        6.27233659752E+03
1.13340E+01        6.26620570599E+03
1.13400E+01        6.26008376746E+03
1.13460E+01        6.25397076457E+03
1.13520E+01        6.24786668000E+03
1.13580E+01        6.24177149649E+03
1.13640E+01        6.23568519679E+03
1.13700E+01        6.22960776373E+03
1.13760E+01        6.22353918015E+03
1.13820E+01        6.21747942894E+03
1.13880E+01        6.21142849305E+03
1.13940E+01        6.20538635544E+03
1.14000E+01        6.19935299914E+03
1.14060E+01        6.19332840720E+03
1.14120E+01        6.18731256271E+03
1.14180E+01        6.18130544883E+03
1.14240E+01        6.17530704872E+03
1.14300E+01        6.16931734560E+03
1.14360E+01        6.16333632274E+03
1.14420E+01        6.15736396343E+03
1.14480E+01        6.15140025102E+03
1.14540E+01        6.14544516888E+03
1.14600E+01        6.13949870043E+03
1.14660E+01        6.13356082913E+03
1.14720E+01        6.12763153848E+03
1.14780E+01        6.12171081201E+03
1.14840E+01        6.11579863331E+03
1.14900E+01        6.10989498599E+03
1.14960E+01        6.10399985371E+03
1.15020E+01        6.09811322015E+03
1.15080E+01        6.09223506905E+03
1.15140E+01        6.08636538419E+03
1.15200E+01        6.08050414937E+03
1.15260E+01        6.07465134845E+03
1.15320E+01        6.06880696530E+03
1.15380E+01        6.06297098386E+03
1.15440E+01        6.05714338809E+03
1.15500E+01        6.05132416199E+03
1.15560E+01        6.04551328961E+03
1.15620E+01        6.03971075501E+03
1.15680E+01        6.03391654231E+03
1.15740E+01        6.02813063567E+03
1.15800E+01        6.02235301929E+03
1.15860E+01        6.01658367737E+03
1.15920E+01        6.01082259420E+03
1.15980E+01        6.00506975408E+03
1.16040E+01        5.99932514133E+03
1.16100E+01        5.99358874035E+03
1.16160E+01        5.98786053554E+03
1.16220E+01        5.98214051136E+03
1.16280E+01        5.97642865229E+03
1.16340E+01        5.97072494286E+03
1.16400E+01        5.96502936762E+03
1.16460E+01        5.95934191118E+03
1.16520E+01        5.95366255816E+03
1.16580E+01        5.94799129324E+03
1.16640E+01        5.94232810112E+03
1.16700E+01        5.93667296654E+03
1.16760E+01        5.93102587429E+03
1.16820E+01        5.92538680916E+03
1.16880E+01        5.91975575601E+03
1.16940E+01        5.91413269974E+03
1.17000E+01        5.90851762524E+03
1.17060E+01        5.90291051749E+03
1.17120E+01        5.89731136147E+03
1.17180E+01        5.89172014220E+03
1.17240E+01        5.88613684475E+03
1.17300E+01        5.88056145421E+03
1.17360E+01        5.87499395572E+03
1.17420E+01        5.86943433443E+03
1.17480E+01        5.86388257556E+03
1.17540E+01        5.85833866433E+03
1.17600E+01        5.85280258601E+03
1.17660E+01        5.84727432590E+03
1.17720E+01        5.84175386936E+03
1.17780E+01        5.83624120173E+03
1.17840E+01        5.83073630844E+03
1.17900E+01        5.82523917493E+03
1.17960E+01        5.81974978666E+03
1.18020E+01        5.81426812914E+03
1.18080E+01        5.80879418793E+03
1.18140E+01        5.80332794858E+03
1.18200E+01        5.79786939672E+03
1.18260E+01        5.79241851798E+03
1.18320E+01        5.78697529805E+03
1.18380E+01        5.78153972262E+03
1.18440E+01        5.77611177744E+03
1.18500E+01        5.77069144829E+03
1.18560E+01        5.76527872097E+03
1.18620E+01        5.75987358134E+03
1.18680E+01        5.75447601525E+03
1.18740E+01        5.74908600862E+03
1.18800E+01        5.74370354739E+03
1.18860E+01        5.73832861752E+03
1.18920E+01        5.73296120503E+03
1.18980E+01        5.72760129596E+03
1.19040E+01        5.72224887636E+03
1.19100E+01        5.71690393234E+03
1.19160E+01        5.71156645004E+03
1.19220E+01        5.70623641562E+03
1.19280E+01        5.70091381527E+03
1.19340E+01        5.69559863523E+03
1.19400E+01        5.69029086177E+03
1.19460E+01        5.68499048116E+03
1.19520E+01        5.67969747973E+03
1.19580E+01        5.67441184385E+03
1.19640E+01        5.66913355990E+03
1.19700E+01        5.66386261429E+03
1.19760E+01        5.65859899347E+03
1.19820E+01        5.65334268394E+03
1.19880E+01        5.64809367219E+03
1.19940E+01        5.64285194477E+03
1.20000E+01        5.63761748826E+03
1.20060E+01        5.63239028926E+03
1.20120E+01        5.62717033440E+03
1.20180E+01        5.62195761035E+03
1.20240E+01        5.61675210382E+03
1.20300E+01        5.61155380151E+03
1.20360E+01        5.60636269020E+03
1.20420E+01        5.60117875666E+03
1.20480E+01        5.59600198772E+03
1.20540E+01        5.59083237023E+03
1.20600E+01        5.58566989106E+03
1.20660E+01        5.58051453712E+03
1.20720E+01        5.57536629535E+03
1.20780E+01        5.57022515271E+03
1.20840E+01        5.56509109621E+03
1.20900E+01        5.55996411287E+03
1.20960E+01        5.55484418975E+03
1.21020E+01        5.54973131393E+03
1.21080E+01        5.54462547252E+03
1.21140E+01        5.53952665269E+03
1.21200E+01        5.53443484159E+03
1.21260E+01        5.52935002643E+03
1.21320E+01        5.52427219444E+03
1.21380E+01        5.51920133288E+03
1.21440E+01        5.51413742906E+03
1.21500E+01        5.50908047027E+03
1.21560E+01        5.50403044388E+03
1.21620E+01        5.49898733725E+03
1.21680E+01        5.49395113780E+03
1.21740E+01        5.48892183296E+03
1.21800E+01        5.48389941018E+03
1.21860E+01        5.47888385696E+03
1.21920E+01        5.47387516083E+03
1.21980E+01        5.46887330931E+03
1.22040E+01        5.46387829000E+03
1.22100E+01        5.45889009050E+03
1.22160E+01        5.45390869842E+03
1.22220E+01        5.44893410145E+03
1.22280E+01        5.44396628725E+03
1.22340E+01        5.43900524355E+03
1.22400E+01        5.43405095809E+03
1.22460E+01        5.42910341864E+03
1.22520E+01        5.42416261299E+03
1.22580E+01        5.41922852898E+03
1.22640E+01        5.41430115446E+03
1.22700E+01        5.40938047729E+03
1.22760E+01        5.40446648540E+03
1.22820E+01        5.39955916672E+03
1.22880E+01        5.39465850920E+03
1.22940E+01        5.38976450085E+03
1.23000E+01        5.38487712966E+03
1.23060E+01        5.37999638369E+03
1.23120E+01        5.37512225100E+03
1.23180E+01        5.37025471969E+03
1.23240E+01        5.36539377788E+03
1.23300E+01        5.36053941372E+03
1.23360E+01        5.35569161540E+03
1.23420E+01        5.35085037110E+03
1.23480E+01        5.34601566906E+03
1.23540E+01        5.34118749753E+03
1.23600E+01        5.33636584480E+03
1.23660E+01        5.33155069916E+03
1.23720E+01        5.32674204897E+03
1.23780E+01        5.32193988257E+03
1.23840E+01        5.31714418835E+03
1.23900E+01        5.31235495472E+03
1.23960E+01        5.30757217012E+03
1.24020E+01        5.30279582301E+03
1.24080E+01        5.29802590188E+03
1.24140E+01        5.29326239525E+03
1.24200E+01        5.28850529165E+03
1.24260E+01        5.28375457966E+03
1.24320E+01        5.27901024785E+03
1.24380E+01        5.27427228486E+03
1.24440E+01        5.26954067931E+03
1.24500E+01        5.26481541988E+03
1.24560E+01        5.26009649525E+03
1.24620E+01        5.25538389415E+03
1.24680E+01        5.25067760532E+03
1.24740E+01        5.24597761752E+03
1.24800E+01        5.24128391955E+03
1.24860E+01        5.23659650022E+03
1.24920E+01        5.23191534837E+03
1.24980E+01        5.22724045287E+03
1.25040E+01        5.22257180261E+03
1.25100E+01        5.21790938651E+03
1.25160E+01        5.21325319350E+03
1.25220E+01        5.20860321255E+03
1.25280E+01        5.20395943265E+03
1.25340E+01        5.19932184281E+03
1.25400E+01        5.19469043207E+03
1.25460E+01        5.19006518949E+03
1.25520E+01        5.18544610415E+03
1.25580E+01        5.18083316517E+03
1.25640E+01        5.17622636168E+03
1.25700E+01        5.17162568283E+03
1.25760E+01        5.16703111781E+03
1.25820E+01        5.16244265582E+03
1.25880E+01        5.15786028609E+03
1.25940E+01        5.15328399787E+03
1.26000E+01        5.14871378044E+03
1.26060E+01        5.14414962310E+03
1.26120E+01        5.13959151518E+03
1.26180E+01        5.13503944601E+03
1.26240E+01        5.13049340497E+03
1.26300E+01        5.12595338144E+03
1.26360E+01        5.12141936486E+03
1.26420E+01        5.11689134466E+03
1.26480E+01        5.11236931029E+03
1.26540E+01        5.10785325125E+03
1.26600E+01        5.10334315705E+03
1.26660E+01        5.09883901721E+03
1.26720E+01        5.09434082129E+03
1.26780E+01        5.08984855887E+03
1.26840E+01        5.08536221955E+03
1.26900E+01        5.08088179295E+03
1.26960E+01        5.07640726872E+03
1.27020E+01        5.07193863652E+03
1.27080E+01        5.06747588605E+03
1.27140E+01        5.06301900701E+03
1.27200E+01        5.05856798915E+03
1.27260E+01        5.05412282222E+03
1.27320E+01        5.04968349601E+03
1.27380E+01        5.04525000031E+03
1.27440E+01        5.04082232495E+03
1.27500E+01        5.03640045977E+03
1.27560E+01        5.03198439465E+03
1.27620E+01        5.02757411947E+03
1.27680E+01        5.02316962416E+03
1.27740E+01        5.01877089863E+03
1.27800E+01        5.01437793285E+03
1.27860E+01        5.00999071680E+03
1.27920E+01        5.00560924048E+03
1.27980E+01        5.00123349390E+03
1.28040E+01        4.99686346712E+03
1.28100E+01        4.99249915019E+03
1.28160E+01        4.98814053321E+03
1.28220E+01        4.98378760627E+03
1.28280E+01        4.97944035952E+03
1.28340E+01        4.97509878309E+03
1.28400E+01        4.97076286716E+03
1.28460E+01        4.96643260193E+03
1.28520E+01        4.96210797760E+03
1.28580E+01        4.95778898442E+03
1.28640E+01        4.95347561264E+03
1.28700E+01        4.94916785253E+03
1.28760E+01        4.94486569439E+03
1.28820E+01        4.94056912855E+03
1.28880E+01        4.93627814535E+03
1.28940E+01        4.93199273513E+03
1.29000E+01        4.92771288829E+03
1.29060E+01        4.92343859523E+03
1.29120E+01        4.91916984636E+03
1.29180E+01        4.91490663214E+03
1.29240E+01        4.91064894303E+03
1.29300E+01        4.90639676950E+03
1.29360E+01        4.90215010207E+03
1.29420E+01        4.89790893126E+03
1.29480E+01        4.89367324762E+03
1.29540E+01        4.88944304170E+03
1.29600E+01        4.88521830410E+03
1.29660E+01        4.88099902543E+03
1.29720E+01        4.87678519630E+03
1.29780E+01        4.87257680737E+03
1.29840E+01        4.86837384930E+03
1.29900E+01        4.86417631277E+03
1.29960E+01        4.85998418850E+03
1.30020E+01        4.85579746720E+03
1.30080E+01        4.85161613963E+03
1.30140E+01        4.84744019654E+03
1.30200E+01        4.84326962873E+03
1.30260E+01        4.83910442700E+03
1.30320E+01        4.83494458217E+03
1.30380E+01        4.83079008508E+03
1.30440E+01        4.82664092661E+03
1.30500E+01        4.82249709763E+03
1.30560E+01        4.81835858904E+03
1.30620E+01        4.81422539176E+03
1.30680E+01        4.81009749675E+03
1.30740E+01        4.80597489495E+03
1.30800E+01        4.80185757734E+03
1.30860E+01        4.79774553493E+03
1.30920E+01        4.79363875872E+03
1.30980E+01        4.78953723977E+03
1.31040E+01        4.78544096912E+03
1.31100E+01        4.78134993784E+03
1.31160E+01        4.77726413704E+03
1.31220E+01        4.77318355782E+03
1.31280E+01        4.76910819131E+03
1.31340E+01        4.76503802867E+03
1.31400E+01        4.76097306106E+03
1.31460E+01        4.75691327966E+03
1.31520E+01        4.75285867570E+03
1.31580E+01        4.74880924038E+03
1.31640E+01        4.74476496495E+03
1.31700E+01        4.74072584068E+03
1.31760E+01        4.73669185884E+03
1.31820E+01        4.73266301073E+03
1.31880E+01        4.72863928767E+03
1.31940E+01        4.72462068099E+03
1.32000E+01        4.72060718205E+03
1.32060E+01        4.71659878221E+03
1.32120E+01        4.71259547288E+03
1.32180E+01        4.70859724544E+03
1.32240E+01        4.70460409134E+03
1.32300E+01        4.70061600201E+03
1.32360E+01        4.69663296891E+03
1.32420E+01        4.69265498353E+03
1.32480E+01        4.68868203736E+03
1.32540E+01        4.68471412192E+03
1.32600E+01        4.68075122874E+03
1.32660E+01        4.67679334937E+03
1.32720E+01        4.67284047538E+03
1.32780E+01        4.66889259835E+03
1.32840E+01        4.66494970990E+03
1.32900E+01        4.66101180164E+03
1.32960E+01        4.65707886520E+03
1.33020E+01        4.65315089226E+03
1.33080E+01        4.64922787447E+03
1.33140E+01        4.64530980353E+03
1.33200E+01        4.64139667116E+03
1.33260E+01        4.63748846907E+03
1.33320E+01        4.63358518901E+03
1.33380E+01        4.62968682274E+03
1.33440E+01        4.62579336204E+03
1.33500E+01        4.62190479870E+03
1.33560E+01        4.61802112453E+03
1.33620E+01        4.61414233137E+03
1.33680E+01        4.61026841106E+03
