output/Noodles_2021-02-26/SED_04.dat
# %ECSV 0.9
# ---
# datatype:
# - {name: wavelength, unit: micron, datatype: float64}
# - {name: flux, unit: microJansky, datatype: float64}
# schema: astropy-2.0
#
#
#  - - File generated by ExoNoodle - -
#         V1.0.0 - MML (CEA-Saclay)
#       2021-02-26 14:01:48.325215
wavelength flux 
[from data line 865]
8.19000E+00        1.13102165889E+04
8.19600E+00        1.12954428746E+04
8.20200E+00        1.12806978758E+04
8.20800E+00        1.12659815190E+04
8.21400E+00        1.12512937304E+04
8.22000E+00        1.12366344369E+04
8.22600E+00        1.12220035655E+04
8.23200E+00        1.12074010433E+04
8.23800E+00        1.11928267977E+04
8.24400E+00        1.11782807565E+04
8.25000E+00        1.11637628474E+04
8.25600E+00        1.11492729987E+04
8.26200E+00        1.11348111386E+04
8.26800E+00        1.11203771958E+04
8.27400E+00        1.11059710989E+04
8.28000E+00        1.10915927771E+04
8.28600E+00        1.10772421596E+04
8.29200E+00        1.10629191757E+04
8.29800E+00        1.10486237553E+04
8.30400E+00        1.10343558283E+04
8.31000E+00        1.10201153246E+04
8.31600E+00        1.10059021748E+04
8.32200E+00        1.09917163093E+04
8.32800E+00        1.09775576590E+04
8.33400E+00        1.09634261549E+04
8.34000E+00        1.09493217281E+04
8.34600E+00        1.09352443101E+04
8.35200E+00        1.09211938325E+04
8.35800E+00        1.09071702273E+04
8.36400E+00        1.08931734265E+04
8.37000E+00        1.08792033623E+04
8.37600E+00        1.08652599673E+04
8.38200E+00        1.08513431742E+04
8.38800E+00        1.08374529159E+04
8.39400E+00        1.08235891255E+04
8.40000E+00        1.08097517364E+04
8.40600E+00        1.07959406821E+04
8.41200E+00        1.07821558964E+04
8.41800E+00        1.07683973132E+04
8.42400E+00        1.07546648667E+04
8.43000E+00        1.07409584913E+04
8.43600E+00        1.07272781215E+04
8.44200E+00        1.07136236921E+04
8.44800E+00        1.06999951381E+04
8.45400E+00        1.06863923947E+04
8.46000E+00        1.06728153972E+04
8.46600E+00        1.06592640813E+04
8.47200E+00        1.06457383827E+04
8.47800E+00        1.06322382373E+04
8.48400E+00        1.06187635815E+04
8.49000E+00        1.06053143515E+04
8.49600E+00        1.05918904839E+04
8.50200E+00        1.05784919155E+04
8.50800E+00        1.05651185833E+04
8.51400E+00        1.05517704243E+04
8.52000E+00        1.05384473761E+04
8.52600E+00        1.05251493760E+04
8.53200E+00        1.05118763618E+04
8.53800E+00        1.04986282716E+04
8.54400E+00        1.04854050433E+04
8.55000E+00        1.04722066153E+04
8.55600E+00        1.04590329261E+04
8.56200E+00        1.04458839143E+04
8.56800E+00        1.04327595189E+04
8.57400E+00        1.04196596790E+04
8.58000E+00        1.04065843337E+04
8.58600E+00        1.03935334225E+04
8.59200E+00        1.03805068850E+04
8.59800E+00        1.03675046610E+04
8.60400E+00        1.03545266906E+04
8.61000E+00        1.03415729139E+04
8.61600E+00        1.03286432712E+04
8.62200E+00        1.03157377030E+04
8.62800E+00        1.03028561502E+04
8.63400E+00        1.02899985536E+04
8.64000E+00        1.02771648543E+04
8.64600E+00        1.02643549935E+04
8.65200E+00        1.02515689127E+04
8.65800E+00        1.02388065534E+04
8.66400E+00        1.02260678576E+04
8.67000E+00        1.02133527671E+04
8.67600E+00        1.02006612242E+04
8.68200E+00        1.01879931710E+04
8.68800E+00        1.01753485502E+04
8.69400E+00        1.01627273044E+04
8.70000E+00        1.01501293765E+04
8.70600E+00        1.01375547094E+04
8.71200E+00        1.01250032463E+04
8.71800E+00        1.01124749307E+04
8.72400E+00        1.00999697060E+04
8.73000E+00        1.00874875160E+04
8.73600E+00        1.00750283045E+04
8.74200E+00        1.00625920156E+04
8.74800E+00        1.00501785935E+04
8.75400E+00        1.00377879825E+04
8.76000E+00        1.00254201273E+04
8.76600E+00        1.00130749725E+04
8.77200E+00        1.00007524630E+04
8.77800E+00        9.98845254384E+03
8.78400E+00        9.97617516028E+03
8.79000E+00        9.96392025768E+03
8.79600E+00        9.95168778157E+03
8.80200E+00        9.93947767766E+03
8.80800E+00        9.92728989181E+03
8.81400E+00        9.91512437007E+03
8.82000E+00        9.90298105861E+03
8.82600E+00        9.89085990379E+03
8.83200E+00        9.87876085213E+03
8.83800E+00        9.86668385029E+03
8.84400E+00        9.85462884512E+03
8.85000E+00        9.84259578360E+03
8.85600E+00        9.83058461288E+03
8.86200E+00        9.81859528027E+03
8.86800E+00        9.80662773323E+03
8.87400E+00        9.79468191939E+03
8.88000E+00        9.78275778652E+03
8.88600E+00        9.77085528255E+03
8.89200E+00        9.75897435558E+03
8.89800E+00        9.74711495385E+03
8.90400E+00        9.73527702574E+03
8.91000E+00        9.72346051982E+03
8.91600E+00        9.71166538477E+03
8.92200E+00        9.69989156947E+03
8.92800E+00        9.68813902290E+03
8.93400E+00        9.67640769424E+03
8.94000E+00        9.66469753278E+03
8.94600E+00        9.65300848798E+03
8.95200E+00        9.64134050946E+03
8.95800E+00        9.62969354697E+03
8.96400E+00        9.61806755040E+03
8.97000E+00        9.60646246983E+03
8.97600E+00        9.59487825544E+03
8.98200E+00        9.58331485758E+03
8.98800E+00        9.57177222675E+03
8.99400E+00        9.56025031359E+03
9.00000E+00        9.54874906887E+03
9.00600E+00        9.53726844354E+03
9.01200E+00        9.52580838867E+03
9.01800E+00        9.51436885546E+03
9.02400E+00        9.50294979530E+03
9.03000E+00        9.49155115967E+03
9.03600E+00        9.48017290023E+03
9.04200E+00        9.46881496876E+03
9.04800E+00        9.45747731720E+03
9.05400E+00        9.44615989762E+03
9.06000E+00        9.43486266222E+03
9.06600E+00        9.42358556336E+03
9.07200E+00        9.41232855354E+03
9.07800E+00        9.40109158537E+03
9.08400E+00        9.38987461163E+03
9.09000E+00        9.37867758522E+03
9.09600E+00        9.36750045919E+03
9.10200E+00        9.35634318673E+03
9.10800E+00        9.34520572113E+03
9.11400E+00        9.33408801587E+03
9.12000E+00        9.32299002452E+03
9.12600E+00        9.31191170081E+03
9.13200E+00        9.30085299861E+03
9.13800E+00        9.28981387190E+03
9.14400E+00        9.27879427481E+03
9.15000E+00        9.26779416160E+03
9.15600E+00        9.25681348667E+03
9.16200E+00        9.24585220453E+03
9.16800E+00        9.23491026986E+03
9.17400E+00        9.22398763742E+03
9.18000E+00        9.21308426215E+03
9.18600E+00        9.20220009909E+03
9.19200E+00        9.19133510343E+03
9.19800E+00        9.18048923048E+03
9.20400E+00        9.16966243566E+03
9.21000E+00        9.15885467456E+03
9.21600E+00        9.14806590286E+03
9.22200E+00        9.13729607640E+03
9.22800E+00        9.12654515112E+03
9.23400E+00        9.11581308310E+03
9.24000E+00        9.10509982855E+03
9.24600E+00        9.09440534379E+03
9.25200E+00        9.08372958529E+03
9.25800E+00        9.07307250963E+03
9.26400E+00        9.06243407351E+03
9.27000E+00        9.05181423377E+03
9.27600E+00        9.04121294735E+03
9.28200E+00        9.03063017135E+03
9.28800E+00        9.02006586295E+03
9.29400E+00        9.00951997950E+03
9.30000E+00        8.99899247842E+03
9.30600E+00        8.98848331730E+03
9.31200E+00        8.97799245382E+03
9.31800E+00        8.96751984580E+03
9.32400E+00        8.95706545116E+03
9.33000E+00        8.94662922796E+03
9.33600E+00        8.93621113438E+03
9.34200E+00        8.92581112869E+03
9.34800E+00        8.91542916933E+03
9.35400E+00        8.90506521480E+03
9.36000E+00        8.89471922376E+03
9.36600E+00        8.88439115498E+03
9.37200E+00        8.87408096734E+03
9.37800E+00        8.86378861984E+03
9.38400E+00        8.85351407159E+03
9.39000E+00        8.84325728183E+03
9.39600E+00        8.83301820991E+03
9.40200E+00        8.82279681529E+03
9.40800E+00        8.81259305754E+03
9.41400E+00        8.80240689637E+03
9.42000E+00        8.79223829158E+03
9.42600E+00        8.78208720309E+03
9.43200E+00        8.77195359093E+03
9.43800E+00        8.76183741526E+03
9.44400E+00        8.75173863634E+03
9.45000E+00        8.74165721454E+03
9.45600E+00        8.73159311035E+03
9.46200E+00        8.72154628435E+03
9.46800E+00        8.71151669727E+03
9.47400E+00        8.70150430992E+03
9.48000E+00        8.69150908323E+03
9.48600E+00        8.68153097823E+03
9.49200E+00        8.67156995609E+03
9.49800E+00        8.66162597805E+03
9.50400E+00        8.65169900549E+03
9.51000E+00        8.64178899988E+03
9.51600E+00        8.63189592281E+03
9.52200E+00        8.62201973597E+03
9.52800E+00        8.61216040116E+03
9.53400E+00        8.60231788028E+03
9.54000E+00        8.59249213536E+03
9.54600E+00        8.58268312851E+03
9.55200E+00        8.57289082196E+03
9.55800E+00        8.56311517804E+03
9.56400E+00        8.55335615919E+03
9.57000E+00        8.54361372796E+03
9.57600E+00        8.53388784698E+03
9.58200E+00        8.52417847902E+03
9.58800E+00        8.51448558694E+03
9.59400E+00        8.50480913368E+03
9.60000E+00        8.49514908231E+03
9.60600E+00        8.48550539601E+03
9.61200E+00        8.47587803803E+03
9.61800E+00        8.46626697176E+03
9.62400E+00        8.45667216066E+03
9.63000E+00        8.44709356830E+03
9.63600E+00        8.43753115838E+03
9.64200E+00        8.42798489465E+03
9.64800E+00        8.41845474100E+03
9.65400E+00        8.40894066142E+03
9.66000E+00        8.39944261996E+03
9.66600E+00        8.38996058083E+03
9.67200E+00        8.38049450828E+03
9.67800E+00        8.37104436670E+03
9.68400E+00        8.36161012056E+03
9.69000E+00        8.35219173444E+03
9.69600E+00        8.34278917300E+03
9.70200E+00        8.33340240102E+03
9.70800E+00        8.32403138335E+03
9.71400E+00        8.31467608497E+03
9.72000E+00        8.30533647094E+03
9.72600E+00        8.29601250640E+03
9.73200E+00        8.28670415661E+03
9.73800E+00        8.27741138693E+03
9.74400E+00        8.26813416278E+03
9.75000E+00        8.25887244972E+03
9.75600E+00        8.24962621338E+03
9.76200E+00        8.24039541948E+03
9.76800E+00        8.23118003384E+03
9.77400E+00        8.22198002238E+03
9.78000E+00        8.21279535112E+03
9.78600E+00        8.20362598615E+03
9.79200E+00        8.19447189367E+03
9.79800E+00        8.18533303998E+03
9.80400E+00        8.17620939144E+03
9.81000E+00        8.16710091453E+03
9.81600E+00        8.15800757582E+03
9.82200E+00        8.14892934197E+03
9.82800E+00        8.13986617972E+03
9.83400E+00        8.13081805591E+03
9.84000E+00        8.12178493747E+03
9.84600E+00        8.11276679142E+03
9.85200E+00        8.10376358486E+03
9.85800E+00        8.09477528501E+03
9.86400E+00        8.08580185914E+03
9.87000E+00        8.07684327463E+03
9.87600E+00        8.06789949895E+03
9.88200E+00        8.05897049966E+03
9.88800E+00        8.05005624439E+03
9.89400E+00        8.04115670088E+03
9.90000E+00        8.03227183696E+03
9.90600E+00        8.02340162051E+03
9.91200E+00        8.01454601954E+03
9.91800E+00        8.00570500213E+03
9.92400E+00        7.99687853645E+03
9.93000E+00        7.98806659074E+03
9.93600E+00        7.97926913335E+03
9.94200E+00        7.97048613270E+03
9.94800E+00        7.96171755730E+03
9.95400E+00        7.95296337575E+03
9.96000E+00        7.94422355673E+03
9.96600E+00        7.93549806900E+03
9.97200E+00        7.92678688141E+03
9.97800E+00        7.91808996290E+03
9.98400E+00        7.90940728248E+03
9.99000E+00        7.90073880925E+03
9.99600E+00        7.89208451240E+03
1.00020E+01        7.88344436119E+03
1.00080E+01        7.87481832498E+03
1.00140E+01        7.86620637319E+03
1.00200E+01        7.85760847534E+03
1.00260E+01        7.84902460103E+03
1.00320E+01        7.84045471994E+03
1.00380E+01        7.83189880182E+03
1.00440E+01        7.82335681652E+03
1.00500E+01        7.81482873395E+03
1.00560E+01        7.80631452412E+03
1.00620E+01        7.79781415711E+03
1.00680E+01        7.78932760309E+03
1.00740E+01        7.78085483230E+03
1.00800E+01        7.77239581505E+03
1.00860E+01        7.76395052176E+03
1.00920E+01        7.75551892289E+03
1.00980E+01        7.74710098902E+03
1.01040E+01        7.73869669078E+03
1.01100E+01        7.73030599888E+03
1.01160E+01        7.72192888412E+03
1.01220E+01        7.71356531738E+03
1.01280E+01        7.70521526960E+03
1.01340E+01        7.69687871181E+03
1.01400E+01        7.68855561511E+03
1.01460E+01        7.68024595070E+03
1.01520E+01        7.67194968982E+03
1.01580E+01        7.66366680380E+03
1.01640E+01        7.65539726407E+03
1.01700E+01        7.64714104210E+03
1.01760E+01        7.63889810947E+03
1.01820E+01        7.63066843780E+03
1.01880E+01        7.62245199881E+03
1.01940E+01        7.61424876429E+03
1.02000E+01        7.60605870609E+03
1.02060E+01        7.59788179617E+03
1.02120E+01        7.58971800652E+03
1.02180E+01        7.58156730924E+03
1.02240E+01        7.57342967648E+03
1.02300E+01        7.56530508048E+03
1.02360E+01        7.55719349354E+03
1.02420E+01        7.54909488803E+03
1.02480E+01        7.54100923642E+03
1.02540E+01        7.53293651123E+03
1.02600E+01        7.52487668505E+03
1.02660E+01        7.51682973056E+03
1.02720E+01        7.50879562049E+03
1.02780E+01        7.50077432765E+03
1.02840E+01        7.49276582494E+03
1.02900E+01        7.48477008531E+03
1.02960E+01        7.47678708177E+03
1.03020E+01        7.46881678744E+03
1.03080E+01        7.46085917548E+03
1.03140E+01        7.45291421912E+03
1.03200E+01        7.44498189168E+03
1.03260E+01        7.43706216653E+03
1.03320E+01        7.42915501713E+03
1.03380E+01        7.42126041698E+03
1.03440E+01        7.41337833969E+03
1.03500E+01        7.40550875889E+03
1.03560E+01        7.39765164833E+03
1.03620E+01        7.38980698178E+03
1.03680E+01        7.38197473312E+03
1.03740E+01        7.37415487627E+03
1.03800E+01        7.36634738524E+03
1.03860E+01        7.35855223408E+03
1.03920E+01        7.35076939693E+03
1.03980E+01        7.34299884800E+03
1.04040E+01        7.33524056155E+03
1.04100E+01        7.32749451192E+03
1.04160E+01        7.31976067350E+03
1.04220E+01        7.31203902077E+03
1.04280E+01        7.30432952826E+03
1.04340E+01        7.29663217057E+03
1.04400E+01        7.28894692237E+03
1.04460E+01        7.28127375839E+03
1.04520E+01        7.27361265343E+03
1.04580E+01        7.26596358236E+03
1.04640E+01        7.25832652009E+03
1.04700E+01        7.25070144163E+03
1.04760E+01        7.24308832203E+03
1.04820E+01        7.23548713642E+03
1.04880E+01        7.22789785997E+03
1.04940E+01        7.22032046795E+03
1.05000E+01        7.21275493567E+03
1.05060E+01        7.20520123851E+03
1.05120E+01        7.19765935190E+03
1.05180E+01        7.19012925136E+03
1.05240E+01        7.18261091245E+03
1.05300E+01        7.17510431081E+03
1.05360E+01        7.16760942212E+03
1.05420E+01        7.16012622215E+03
1.05480E+01        7.15265468672E+03
1.05540E+01        7.14519479170E+03
1.05600E+01        7.13774651304E+03
1.05660E+01        7.13030982675E+03
1.05720E+01        7.12288470888E+03
1.05780E+01        7.11547113558E+03
1.05840E+01        7.10806908303E+03
1.05900E+01        7.10067852747E+03
1.05960E+01        7.09329944523E+03
1.06020E+01        7.08593181267E+03
1.06080E+01        7.07857560623E+03
1.06140E+01        7.07123080239E+03
1.06200E+01        7.06389737772E+03
1.06260E+01        7.05657530882E+03
1.06320E+01        7.04926457237E+03
1.06380E+01        7.04196514509E+03
1.06440E+01        7.03467700379E+03
1.06500E+01        7.02740012530E+03
1.06560E+01        7.02013448655E+03
1.06620E+01        7.01288006449E+03
1.06680E+01        7.00563683617E+03
1.06740E+01        6.99840477865E+03
1.06800E+01        6.99118386909E+03
1.06860E+01        6.98397408469E+03
1.06920E+01        6.97677540270E+03
1.06980E+01        6.96958780046E+03
1.07040E+01        6.96241125532E+03
1.07100E+01        6.95524574473E+03
1.07160E+01        6.94809124617E+03
1.07220E+01        6.94094773720E+03
1.07280E+01        6.93381519541E+03
1.07340E+01        6.92669359846E+03
1.07400E+01        6.91958292409E+03
1.07460E+01        6.91248315005E+03
1.07520E+01        6.90539425418E+03
1.07580E+01        6.89831621436E+03
1.07640E+01        6.89124900854E+03
1.07700E+01        6.88419261471E+03
1.07760E+01        6.87714701094E+03
