output/Noodles_2021-02-26/SED_02.dat
# %ECSV 0.9
# ---
# datatype:
# - {name: wavelength, unit: micron, datatype: float64}
# - {name: flux, unit: microJansky, datatype: float64}
# schema: astropy-2.0
#
#
#  - - File generated by ExoNoodle - -
#         V1.0.0 - MML (CEA-Saclay)
#       2021-02-26 14:01:48.325215
wavelength flux 
[from data line 865]
8.19000E+00        1.12873393941E+04
8.19600E+00        1.12725935249E+04
8.20200E+00        1.12578763248E+04
8.20800E+00        1.12431877201E+04
8.21400E+00        1.12285276374E+04
8.22000E+00        1.12138960034E+04
8.22600E+00        1.11992927453E+04
8.23200E+00        1.11847177904E+04
8.23800E+00        1.11701710660E+04
8.24400E+00        1.11556525001E+04
8.25000E+00        1.11411620206E+04
8.25600E+00        1.11266995556E+04
8.26200E+00        1.11122650337E+04
8.26800E+00        1.10978583834E+04
8.27400E+00        1.10834795337E+04
8.28000E+00        1.10691284136E+04
8.28600E+00        1.10548049524E+04
8.29200E+00        1.10405090798E+04
8.29800E+00        1.10262407255E+04
8.30400E+00        1.10119998195E+04
8.31000E+00        1.09977862920E+04
8.31600E+00        1.09836000735E+04
8.32200E+00        1.09694410946E+04
8.32800E+00        1.09553092861E+04
8.33400E+00        1.09412045792E+04
8.34000E+00        1.09271269051E+04
8.34600E+00        1.09130761955E+04
8.35200E+00        1.08990523819E+04
8.35800E+00        1.08850553965E+04
8.36400E+00        1.08710851712E+04
8.37000E+00        1.08571416386E+04
8.37600E+00        1.08432247311E+04
8.38200E+00        1.08293343816E+04
8.38800E+00        1.08154705232E+04
8.39400E+00        1.08016330889E+04
8.40000E+00        1.07878220122E+04
8.40600E+00        1.07740372268E+04
8.41200E+00        1.07602786665E+04
8.41800E+00        1.07465462654E+04
8.42400E+00        1.07328399576E+04
8.43000E+00        1.07191596777E+04
8.43600E+00        1.07055053603E+04
8.44200E+00        1.06918769402E+04
8.44800E+00        1.06782743526E+04
8.45400E+00        1.06646975326E+04
8.46000E+00        1.06511464158E+04
8.46600E+00        1.06376209378E+04
8.47200E+00        1.06241210345E+04
8.47800E+00        1.06106466420E+04
8.48400E+00        1.05971976964E+04
8.49000E+00        1.05837741343E+04
8.49600E+00        1.05703758924E+04
8.50200E+00        1.05570029074E+04
8.50800E+00        1.05436551164E+04
8.51400E+00        1.05303324567E+04
8.52000E+00        1.05170348656E+04
8.52600E+00        1.05037622809E+04
8.53200E+00        1.04905146403E+04
8.53800E+00        1.04772918818E+04
8.54400E+00        1.04640939437E+04
8.55000E+00        1.04509207643E+04
8.55600E+00        1.04377722822E+04
8.56200E+00        1.04246484362E+04
8.56800E+00        1.04115491652E+04
8.57400E+00        1.03984744084E+04
8.58000E+00        1.03854241050E+04
8.58600E+00        1.03723981947E+04
8.59200E+00        1.03593966172E+04
8.59800E+00        1.03464193122E+04
8.60400E+00        1.03334662199E+04
8.61000E+00        1.03205372806E+04
8.61600E+00        1.03076324346E+04
8.62200E+00        1.02947516226E+04
8.62800E+00        1.02818947853E+04
8.63400E+00        1.02690618639E+04
8.64000E+00        1.02562527993E+04
8.64600E+00        1.02434675330E+04
8.65200E+00        1.02307060065E+04
8.65800E+00        1.02179681614E+04
8.66400E+00        1.02052539397E+04
8.67000E+00        1.01925632833E+04
8.67600E+00        1.01798961346E+04
8.68200E+00        1.01672524359E+04
8.68800E+00        1.01546321298E+04
8.69400E+00        1.01420351590E+04
8.70000E+00        1.01294614665E+04
8.70600E+00        1.01169109953E+04
8.71200E+00        1.01043836888E+04
8.71800E+00        1.00918794903E+04
8.72400E+00        1.00793983435E+04
8.73000E+00        1.00669401921E+04
8.73600E+00        1.00545049802E+04
8.74200E+00        1.00420926518E+04
8.74800E+00        1.00297031512E+04
8.75400E+00        1.00173364229E+04
8.76000E+00        1.00049924114E+04
8.76600E+00        9.99267106171E+03
8.77200E+00        9.98037231862E+03
8.77800E+00        9.96809612730E+03
8.78400E+00        9.95584243305E+03
8.79000E+00        9.94361118130E+03
8.79600E+00        9.93140231768E+03
8.80200E+00        9.91921578796E+03
8.80800E+00        9.90705153809E+03
8.81400E+00        9.89490951418E+03
8.82000E+00        9.88278966249E+03
8.82600E+00        9.87069192944E+03
8.83200E+00        9.85861626163E+03
8.83800E+00        9.84656260579E+03
8.84400E+00        9.83453090885E+03
8.85000E+00        9.82252111785E+03
8.85600E+00        9.81053318003E+03
8.86200E+00        9.79856704277E+03
8.86800E+00        9.78662265360E+03
8.87400E+00        9.77469996022E+03
8.88000E+00        9.76279891048E+03
8.88600E+00        9.75091945238E+03
8.89200E+00        9.73906153408E+03
8.89800E+00        9.72722510390E+03
8.90400E+00        9.71541011031E+03
8.91000E+00        9.70361650192E+03
8.91600E+00        9.69184422752E+03
8.92200E+00        9.68009323602E+03
8.92800E+00        9.66836347651E+03
8.93400E+00        9.65665489822E+03
8.94000E+00        9.64496745051E+03
8.94600E+00        9.63330108292E+03
8.95200E+00        9.62165574514E+03
8.95800E+00        9.61003138698E+03
8.96400E+00        9.59842795842E+03
8.97000E+00        9.58684540959E+03
8.97600E+00        9.57528369076E+03
8.98200E+00        9.56374275234E+03
8.98800E+00        9.55222254489E+03
8.99400E+00        9.54072301914E+03
9.00000E+00        9.52924412593E+03
9.00600E+00        9.51778581625E+03
9.01200E+00        9.50634804127E+03
9.01800E+00        9.49493075225E+03
9.02400E+00        9.48353390064E+03
9.03000E+00        9.47215743801E+03
9.03600E+00        9.46080131607E+03
9.04200E+00        9.44946548669E+03
9.04800E+00        9.43814990185E+03
9.05400E+00        9.42685451370E+03
9.06000E+00        9.41557927453E+03
9.06600E+00        9.40432413674E+03
9.07200E+00        9.39308905290E+03
9.07800E+00        9.38187397570E+03
9.08400E+00        9.37067885799E+03
9.09000E+00        9.35950365273E+03
9.09600E+00        9.34834831305E+03
9.10200E+00        9.33721279217E+03
9.10800E+00        9.32609704350E+03
9.11400E+00        9.31500102055E+03
9.12000E+00        9.30392467697E+03
9.12600E+00        9.29286796656E+03
9.13200E+00        9.28183084325E+03
9.13800E+00        9.27081326108E+03
9.14400E+00        9.25981517427E+03
9.15000E+00        9.24883653713E+03
9.15600E+00        9.23787730411E+03
9.16200E+00        9.22693742983E+03
9.16800E+00        9.21601686898E+03
9.17400E+00        9.20511557644E+03
9.18000E+00        9.19423350719E+03
9.18600E+00        9.18337061633E+03
9.19200E+00        9.17252685913E+03
9.19800E+00        9.16170219094E+03
9.20400E+00        9.15089656728E+03
9.21000E+00        9.14010994378E+03
9.21600E+00        9.12934227620E+03
9.22200E+00        9.11859352043E+03
9.22800E+00        9.10786363249E+03
9.23400E+00        9.09715256851E+03
9.24000E+00        9.08646028477E+03
9.24600E+00        9.07578673767E+03
9.25200E+00        9.06513188371E+03
9.25800E+00        9.05449567956E+03
9.26400E+00        9.04387808198E+03
9.27000E+00        9.03327904786E+03
9.27600E+00        9.02269853423E+03
9.28200E+00        9.01213649822E+03
9.28800E+00        9.00159289711E+03
9.29400E+00        8.99106768827E+03
9.30000E+00        8.98056082923E+03
9.30600E+00        8.97007227761E+03
9.31200E+00        8.95960199116E+03
9.31800E+00        8.94914992777E+03
9.32400E+00        8.93871604541E+03
9.33000E+00        8.92830030222E+03
9.33600E+00        8.91790265642E+03
9.34200E+00        8.90752306637E+03
9.34800E+00        8.89716149053E+03
9.35400E+00        8.88681788751E+03
9.36000E+00        8.87649221601E+03
9.36600E+00        8.86618443485E+03
9.37200E+00        8.85589450299E+03
9.37800E+00        8.84562237948E+03
9.38400E+00        8.83536802350E+03
9.39000E+00        8.82513139434E+03
9.39600E+00        8.81491245141E+03
9.40200E+00        8.80471115425E+03
9.40800E+00        8.79452746247E+03
9.41400E+00        8.78436133585E+03
9.42000E+00        8.77421273425E+03
9.42600E+00        8.76408161765E+03
9.43200E+00        8.75396794615E+03
9.43800E+00        8.74387167995E+03
9.44400E+00        8.73379277938E+03
9.45000E+00        8.72373120487E+03
9.45600E+00        8.71368691696E+03
9.46200E+00        8.70365987632E+03
9.46800E+00        8.69365004370E+03
9.47400E+00        8.68365737999E+03
9.48000E+00        8.67368184618E+03
9.48600E+00        8.66372340336E+03
9.49200E+00        8.65378201274E+03
9.49800E+00        8.64385763564E+03
9.50400E+00        8.63395023349E+03
9.51000E+00        8.62405976783E+03
9.51600E+00        8.61418620028E+03
9.52200E+00        8.60432949262E+03
9.52800E+00        8.59448960669E+03
9.53400E+00        8.58466650446E+03
9.54000E+00        8.57486014800E+03
9.54600E+00        8.56507049950E+03
9.55200E+00        8.55529752122E+03
9.55800E+00        8.54554117558E+03
9.56400E+00        8.53580142506E+03
9.57000E+00        8.52607823226E+03
9.57600E+00        8.51637155988E+03
9.58200E+00        8.50668137075E+03
9.58800E+00        8.49700762776E+03
9.59400E+00        8.48735029394E+03
9.60000E+00        8.47770933241E+03
9.60600E+00        8.46808470638E+03
9.61200E+00        8.45847637920E+03
9.61800E+00        8.44888431427E+03
9.62400E+00        8.43930847514E+03
9.63000E+00        8.42974882543E+03
9.63600E+00        8.42020532887E+03
9.64200E+00        8.41067794931E+03
9.64800E+00        8.40116665067E+03
9.65400E+00        8.39167139698E+03
9.66000E+00        8.38219215238E+03
9.66600E+00        8.37272888111E+03
9.67200E+00        8.36328154749E+03
9.67800E+00        8.35385011595E+03
9.68400E+00        8.34443455104E+03
9.69000E+00        8.33503481736E+03
9.69600E+00        8.32565087966E+03
9.70200E+00        8.31628270275E+03
9.70800E+00        8.30693025155E+03
9.71400E+00        8.29759349109E+03
9.72000E+00        8.28827238647E+03
9.72600E+00        8.27896690290E+03
9.73200E+00        8.26967700570E+03
9.73800E+00        8.26040266026E+03
9.74400E+00        8.25114383208E+03
9.75000E+00        8.24190048676E+03
9.75600E+00        8.23267258998E+03
9.76200E+00        8.22346010752E+03
9.76800E+00        8.21426300526E+03
9.77400E+00        8.20508124917E+03
9.78000E+00        8.19591480530E+03
9.78600E+00        8.18676363983E+03
9.79200E+00        8.17762771899E+03
9.79800E+00        8.16850700912E+03
9.80400E+00        8.15940147667E+03
9.81000E+00        8.15031108816E+03
9.81600E+00        8.14123581020E+03
9.82200E+00        8.13217560950E+03
9.82800E+00        8.12313045286E+03
9.83400E+00        8.11410030718E+03
9.84000E+00        8.10508513943E+03
9.84600E+00        8.09608491669E+03
9.85200E+00        8.08709960612E+03
9.85800E+00        8.07812917496E+03
9.86400E+00        8.06917359056E+03
9.87000E+00        8.06023282035E+03
9.87600E+00        8.05130683184E+03
9.88200E+00        8.04239559264E+03
9.88800E+00        8.03349907045E+03
9.89400E+00        8.02461723305E+03
9.90000E+00        8.01575004830E+03
9.90600E+00        8.00689748417E+03
9.91200E+00        7.99805950870E+03
9.91800E+00        7.98923609002E+03
9.92400E+00        7.98042719634E+03
9.93000E+00        7.97163279597E+03
9.93600E+00        7.96285285731E+03
9.94200E+00        7.95408734882E+03
9.94800E+00        7.94533623906E+03
9.95400E+00        7.93659949669E+03
9.96000E+00        7.92787709043E+03
9.96600E+00        7.91916898909E+03
9.97200E+00        7.91047516158E+03
9.97800E+00        7.90179557687E+03
9.98400E+00        7.89313020404E+03
9.99000E+00        7.88447901224E+03
9.99600E+00        7.87584197069E+03
1.00020E+01        7.86721904872E+03
1.00080E+01        7.85861021572E+03
1.00140E+01        7.85001544117E+03
1.00200E+01        7.84143469464E+03
1.00260E+01        7.83286794577E+03
1.00320E+01        7.82431516430E+03
1.00380E+01        7.81577632002E+03
1.00440E+01        7.80725138283E+03
1.00500E+01        7.79874032269E+03
1.00560E+01        7.79024310966E+03
1.00620E+01        7.78175971387E+03
1.00680E+01        7.77329010552E+03
1.00740E+01        7.76483425492E+03
1.00800E+01        7.75639213242E+03
1.00860E+01        7.74796370849E+03
1.00920E+01        7.73954895364E+03
1.00980E+01        7.73114783848E+03
1.01040E+01        7.72276033370E+03
1.01100E+01        7.71438641007E+03
1.01160E+01        7.70602603842E+03
1.01220E+01        7.69767918968E+03
1.01280E+01        7.68934583483E+03
1.01340E+01        7.68102594497E+03
1.01400E+01        7.67271949123E+03
1.01460E+01        7.66442644485E+03
1.01520E+01        7.65614677713E+03
1.01580E+01        7.64788045945E+03
1.01640E+01        7.63962746327E+03
1.01700E+01        7.63138776012E+03
1.01760E+01        7.62316132161E+03
1.01820E+01        7.61494811943E+03
1.01880E+01        7.60674812533E+03
1.01940E+01        7.59856131115E+03
1.02000E+01        7.59038764879E+03
1.02060E+01        7.58222711024E+03
1.02120E+01        7.57407966756E+03
1.02180E+01        7.56594529287E+03
1.02240E+01        7.55782395838E+03
1.02300E+01        7.54971563638E+03
1.02360E+01        7.54162029920E+03
1.02420E+01        7.53353791927E+03
1.02480E+01        7.52546846910E+03
1.02540E+01        7.51741192125E+03
1.02600E+01        7.50936824835E+03
1.02660E+01        7.50133742314E+03
1.02720E+01        7.49331941839E+03
1.02780E+01        7.48531420695E+03
1.02840E+01        7.47732176177E+03
1.02900E+01        7.46934205583E+03
1.02960E+01        7.46137506221E+03
1.03020E+01        7.45342075405E+03
1.03080E+01        7.44547910457E+03
1.03140E+01        7.43755008704E+03
1.03200E+01        7.42963367481E+03
1.03260E+01        7.42172984132E+03
1.03320E+01        7.41383856005E+03
1.03380E+01        7.40595980456E+03
1.03440E+01        7.39809354848E+03
1.03500E+01        7.39023976552E+03
1.03560E+01        7.38239842944E+03
1.03620E+01        7.37456951408E+03
1.03680E+01        7.36675299334E+03
1.03740E+01        7.35894884119E+03
1.03800E+01        7.35115703169E+03
1.03860E+01        7.34337753893E+03
1.03920E+01        7.33561033710E+03
1.03980E+01        7.32785540043E+03
1.04040E+01        7.32011270325E+03
1.04100E+01        7.31238221991E+03
1.04160E+01        7.30466392488E+03
1.04220E+01        7.29695779266E+03
1.04280E+01        7.28926379782E+03
1.04340E+01        7.28158191502E+03
1.04400E+01        7.27391211896E+03
1.04460E+01        7.26625438441E+03
1.04520E+01        7.25860868621E+03
1.04580E+01        7.25097499928E+03
1.04640E+01        7.24335329857E+03
1.04700E+01        7.23574355913E+03
1.04760E+01        7.22814575605E+03
1.04820E+01        7.22055986450E+03
1.04880E+01        7.21298585971E+03
1.04940E+01        7.20542371697E+03
1.05000E+01        7.19787341163E+03
1.05060E+01        7.19033491911E+03
1.05120E+01        7.18280821491E+03
1.05180E+01        7.17529327456E+03
1.05240E+01        7.16779007367E+03
1.05300E+01        7.16029858792E+03
1.05360E+01        7.15281879304E+03
1.05420E+01        7.14535066483E+03
1.05480E+01        7.13789417915E+03
1.05540E+01        7.13044931192E+03
1.05600E+01        7.12301603912E+03
1.05660E+01        7.11559433680E+03
1.05720E+01        7.10818418107E+03
1.05780E+01        7.10078554809E+03
1.05840E+01        7.09339841410E+03
1.05900E+01        7.08602275539E+03
1.05960E+01        7.07865854830E+03
1.06020E+01        7.07130576924E+03
1.06080E+01        7.06396439470E+03
1.06140E+01        7.05663440120E+03
1.06200E+01        7.04931576533E+03
1.06260E+01        7.04200846375E+03
1.06320E+01        7.03471247317E+03
1.06380E+01        7.02742777036E+03
1.06440E+01        7.02015433215E+03
1.06500E+01        7.01289213543E+03
1.06560E+01        7.00564115715E+03
1.06620E+01        6.99840137432E+03
1.06680E+01        6.99117276400E+03
1.06740E+01        6.98395530331E+03
1.06800E+01        6.97674896945E+03
1.06860E+01        6.96955373965E+03
1.06920E+01        6.96236959120E+03
1.06980E+01        6.95519650148E+03
1.07040E+01        6.94803444788E+03
1.07100E+01        6.94088340788E+03
1.07160E+01        6.93374335901E+03
1.07220E+01        6.92661427885E+03
1.07280E+01        6.91949614505E+03
1.07340E+01        6.91238893531E+03
1.07400E+01        6.90529262738E+03
1.07460E+01        6.89820719907E+03
1.07520E+01        6.89113262825E+03
1.07580E+01        6.88406889284E+03
1.07640E+01        6.87701597083E+03
1.07700E+01        6.86997384024E+03
1.07760E+01        6.86294247918E+03
