output/Noodles_2021-02-26/SED_02.dat
# %ECSV 0.9
# ---
# datatype:
# - {name: wavelength, unit: micron, datatype: float64}
# - {name: flux, unit: microJansky, datatype: float64}
# schema: astropy-2.0
#
#
#  - - File generated by ExoNoodle - -
#         V1.0.0 - MML (CEA-Saclay)
#       2021-02-26 14:01:48.325215
wavelength flux 
[from data line 433]
5.59800E+00        2.18432637605E+04
5.60400E+00        2.18040410602E+04
5.61000E+00        2.17649219904E+04
5.61600E+00        2.17259061951E+04
5.62200E+00        2.16869933196E+04
5.62800E+00        2.16481830106E+04
5.63400E+00        2.16094749164E+04
5.64000E+00        2.15708686867E+04
5.64600E+00        2.15323639727E+04
5.65200E+00        2.14939604269E+04
5.65800E+00        2.14556577035E+04
5.66400E+00        2.14174554578E+04
5.67000E+00        2.13793533468E+04
5.67600E+00        2.13413510288E+04
5.68200E+00        2.13034481635E+04
5.68800E+00        2.12656444121E+04
5.69400E+00        2.12279394371E+04
5.70000E+00        2.11903329024E+04
5.70600E+00        2.11528244733E+04
5.71200E+00        2.11154138166E+04
5.71800E+00        2.10781006002E+04
5.72400E+00        2.10408844937E+04
5.73000E+00        2.10037651677E+04
5.73600E+00        2.09667422944E+04
5.74200E+00        2.09298155474E+04
5.74800E+00        2.08929846014E+04
5.75400E+00        2.08562491326E+04
5.76000E+00        2.08196088184E+04
5.76600E+00        2.07830633377E+04
5.77200E+00        2.07466123706E+04
5.77800E+00        2.07102555985E+04
5.78400E+00        2.06739927041E+04
5.79000E+00        2.06378233716E+04
5.79600E+00        2.06017472861E+04
5.80200E+00        2.05657641343E+04
5.80800E+00        2.05298736040E+04
5.81400E+00        2.04940753845E+04
5.82000E+00        2.04583691661E+04
5.82600E+00        2.04227546406E+04
5.83200E+00        2.03872315007E+04
5.83800E+00        2.03517994408E+04
5.84400E+00        2.03164581562E+04
5.85000E+00        2.02812073436E+04
5.85600E+00        2.02460467009E+04
5.86200E+00        2.02109759272E+04
5.86800E+00        2.01759947228E+04
5.87400E+00        2.01411027893E+04
5.88000E+00        2.01062998295E+04
5.88600E+00        2.00715855472E+04
5.89200E+00        2.00369596477E+04
5.89800E+00        2.00024218373E+04
5.90400E+00        1.99679718236E+04
5.91000E+00        1.99336093151E+04
5.91600E+00        1.98993340219E+04
5.92200E+00        1.98651456550E+04
5.92800E+00        1.98310439266E+04
5.93400E+00        1.97970285501E+04
5.94000E+00        1.97630992399E+04
5.94600E+00        1.97292557119E+04
5.95200E+00        1.96954976828E+04
5.95800E+00        1.96618248705E+04
5.96400E+00        1.96282369942E+04
5.97000E+00        1.95947337741E+04
5.97600E+00        1.95613149315E+04
5.98200E+00        1.95279801889E+04
5.98800E+00        1.94947292698E+04
5.99400E+00        1.94615618988E+04
6.00000E+00        1.94284778019E+04
6.00600E+00        1.93954767058E+04
6.01200E+00        1.93625583385E+04
6.01800E+00        1.93297224290E+04
6.02400E+00        1.92969687075E+04
6.03000E+00        1.92642969051E+04
6.03600E+00        1.92317067542E+04
6.04200E+00        1.91991979880E+04
6.04800E+00        1.91667703409E+04
6.05400E+00        1.91344235485E+04
6.06000E+00        1.91021573472E+04
6.06600E+00        1.90699714745E+04
6.07200E+00        1.90378656690E+04
6.07800E+00        1.90058396704E+04
6.08400E+00        1.89738932193E+04
6.09000E+00        1.89420260575E+04
6.09600E+00        1.89102379275E+04
6.10200E+00        1.88785285731E+04
6.10800E+00        1.88468977392E+04
6.11400E+00        1.88153451713E+04
6.12000E+00        1.87838706163E+04
6.12600E+00        1.87524738219E+04
6.13200E+00        1.87211545368E+04
6.13800E+00        1.86899125108E+04
6.14400E+00        1.86587474946E+04
6.15000E+00        1.86276592399E+04
6.15600E+00        1.85966474993E+04
6.16200E+00        1.85657120266E+04
6.16800E+00        1.85348525763E+04
6.17400E+00        1.85040689039E+04
6.18000E+00        1.84733607661E+04
6.18600E+00        1.84427279204E+04
6.19200E+00        1.84121701251E+04
6.19800E+00        1.83816871396E+04
6.20400E+00        1.83512787243E+04
6.21000E+00        1.83209446404E+04
6.21600E+00        1.82906846502E+04
6.22200E+00        1.82604985167E+04
6.22800E+00        1.82303860041E+04
6.23400E+00        1.82003468772E+04
6.24000E+00        1.81703809019E+04
6.24600E+00        1.81404878452E+04
6.25200E+00        1.81106674745E+04
6.25800E+00        1.80809195587E+04
6.26400E+00        1.80512438671E+04
6.27000E+00        1.80216401702E+04
6.27600E+00        1.79921082393E+04
6.28200E+00        1.79626478465E+04
6.28800E+00        1.79332587650E+04
6.29400E+00        1.79039407687E+04
6.30000E+00        1.78746936323E+04
6.30600E+00        1.78455171316E+04
6.31200E+00        1.78164110432E+04
6.31800E+00        1.77873751444E+04
6.32400E+00        1.77584092135E+04
6.33000E+00        1.77295130298E+04
6.33600E+00        1.77006863731E+04
6.34200E+00        1.76719290244E+04
6.34800E+00        1.76432407652E+04
6.35400E+00        1.76146213782E+04
6.36000E+00        1.75860706467E+04
6.36600E+00        1.75575883548E+04
6.37200E+00        1.75291742877E+04
6.37800E+00        1.75008282311E+04
6.38400E+00        1.74725499717E+04
6.39000E+00        1.74443392970E+04
6.39600E+00        1.74161959954E+04
6.40200E+00        1.73881198559E+04
6.40800E+00        1.73601106684E+04
6.41400E+00        1.73321682238E+04
6.42000E+00        1.73042923134E+04
6.42600E+00        1.72764827297E+04
6.43200E+00        1.72487392657E+04
6.43800E+00        1.72210617154E+04
6.44400E+00        1.71934498735E+04
6.45000E+00        1.71659035353E+04
6.45600E+00        1.71384224972E+04
6.46200E+00        1.71110065563E+04
6.46800E+00        1.70836555102E+04
6.47400E+00        1.70563691576E+04
6.48000E+00        1.70291472978E+04
6.48600E+00        1.70019897309E+04
6.49200E+00        1.69748962578E+04
6.49800E+00        1.69478666801E+04
6.50400E+00        1.69209008000E+04
6.51000E+00        1.68939984209E+04
6.51600E+00        1.68671593464E+04
6.52200E+00        1.68403833812E+04
6.52800E+00        1.68136703307E+04
6.53400E+00        1.67870200008E+04
6.54000E+00        1.67604321985E+04
6.54600E+00        1.67339067312E+04
6.55200E+00        1.67074434072E+04
6.55800E+00        1.66810420355E+04
6.56400E+00        1.66547024258E+04
6.57000E+00        1.66284243885E+04
6.57600E+00        1.66022077347E+04
6.58200E+00        1.65760522763E+04
6.58800E+00        1.65499578258E+04
6.59400E+00        1.65239241964E+04
6.60000E+00        1.64979512022E+04
6.60600E+00        1.64720386577E+04
6.61200E+00        1.64461863783E+04
6.61800E+00        1.64203941801E+04
6.62400E+00        1.63946618797E+04
6.63000E+00        1.63689892945E+04
6.63600E+00        1.63433762428E+04
6.64200E+00        1.63178225431E+04
6.64800E+00        1.62923280150E+04
6.65400E+00        1.62668924786E+04
6.66000E+00        1.62415157546E+04
6.66600E+00        1.62161976646E+04
6.67200E+00        1.61909380306E+04
6.67800E+00        1.61657366755E+04
6.68400E+00        1.61405934226E+04
6.69000E+00        1.61155080961E+04
6.69600E+00        1.60904805207E+04
6.70200E+00        1.60655105218E+04
6.70800E+00        1.60405979255E+04
6.71400E+00        1.60157425585E+04
6.72000E+00        1.59909442480E+04
6.72600E+00        1.59662028221E+04
6.73200E+00        1.59415181094E+04
6.73800E+00        1.59168899391E+04
6.74400E+00        1.58923181411E+04
6.75000E+00        1.58678025459E+04
6.75600E+00        1.58433429846E+04
6.76200E+00        1.58189392890E+04
6.76800E+00        1.57945912915E+04
6.77400E+00        1.57702988250E+04
6.78000E+00        1.57460617231E+04
6.78600E+00        1.57218798200E+04
6.79200E+00        1.56977529507E+04
6.79800E+00        1.56736809504E+04
6.80400E+00        1.56496636553E+04
6.81000E+00        1.56257009020E+04
6.81600E+00        1.56017925276E+04
6.82200E+00        1.55779383701E+04
6.82800E+00        1.55541382679E+04
6.83400E+00        1.55303920599E+04
6.84000E+00        1.55066995859E+04
6.84600E+00        1.54830606859E+04
6.85200E+00        1.54594752007E+04
6.85800E+00        1.54359429718E+04
6.86400E+00        1.54124638410E+04
6.87000E+00        1.53890376509E+04
6.87600E+00        1.53656642445E+04
6.88200E+00        1.53423434654E+04
6.88800E+00        1.53190751580E+04
6.89400E+00        1.52958591670E+04
6.90000E+00        1.52726953378E+04
6.90600E+00        1.52495835163E+04
6.91200E+00        1.52265235488E+04
6.91800E+00        1.52035152826E+04
6.92400E+00        1.51805585652E+04
6.93000E+00        1.51576532446E+04
6.93600E+00        1.51347991697E+04
6.94200E+00        1.51119961896E+04
6.94800E+00        1.50892441541E+04
6.95400E+00        1.50665429135E+04
6.96000E+00        1.50438923188E+04
6.96600E+00        1.50212922213E+04
6.97200E+00        1.49987424729E+04
6.97800E+00        1.49762429261E+04
6.98400E+00        1.49537934339E+04
6.99000E+00        1.49313938499E+04
6.99600E+00        1.49090440281E+04
7.00200E+00        1.48867438230E+04
7.00800E+00        1.48644930899E+04
7.01400E+00        1.48422916843E+04
7.02000E+00        1.48201394624E+04
7.02600E+00        1.47980362808E+04
7.03200E+00        1.47759819967E+04
7.03800E+00        1.47539764678E+04
7.04400E+00        1.47320195523E+04
7.05000E+00        1.47101111088E+04
7.05600E+00        1.46882509967E+04
7.06200E+00        1.46664390755E+04
7.06800E+00        1.46446752056E+04
7.07400E+00        1.46229592476E+04
7.08000E+00        1.46012910627E+04
7.08600E+00        1.45796705126E+04
7.09200E+00        1.45580974596E+04
7.09800E+00        1.45365717663E+04
7.10400E+00        1.45150932958E+04
7.11000E+00        1.44936619119E+04
7.11600E+00        1.44722774786E+04
7.12200E+00        1.44509398607E+04
7.12800E+00        1.44296489231E+04
7.13400E+00        1.44084045316E+04
7.14000E+00        1.43872065521E+04
7.14600E+00        1.43660548511E+04
7.15200E+00        1.43449492958E+04
7.15800E+00        1.43238897535E+04
7.16400E+00        1.43028760922E+04
7.17000E+00        1.42819081804E+04
7.17600E+00        1.42609858868E+04
7.18200E+00        1.42401090809E+04
7.18800E+00        1.42192776324E+04
7.19400E+00        1.41984914116E+04
7.20000E+00        1.41777502892E+04
7.20600E+00        1.41570541364E+04
7.21200E+00        1.41364028248E+04
7.21800E+00        1.41157962264E+04
7.22400E+00        1.40952342139E+04
7.23000E+00        1.40747166601E+04
7.23600E+00        1.40542434384E+04
7.24200E+00        1.40338144228E+04
7.24800E+00        1.40134294876E+04
7.25400E+00        1.39930885074E+04
7.26000E+00        1.39727913575E+04
7.26600E+00        1.39525379135E+04
7.27200E+00        1.39323280514E+04
7.27800E+00        1.39121616477E+04
7.28400E+00        1.38920385793E+04
7.29000E+00        1.38719587236E+04
7.29600E+00        1.38519219583E+04
7.30200E+00        1.38319281617E+04
7.30800E+00        1.38119772124E+04
7.31400E+00        1.37920689893E+04
7.32000E+00        1.37722033720E+04
7.32600E+00        1.37523802404E+04
7.33200E+00        1.37325994748E+04
7.33800E+00        1.37128609558E+04
7.34400E+00        1.36931645646E+04
7.35000E+00        1.36735101827E+04
7.35600E+00        1.36538976922E+04
7.36200E+00        1.36343269753E+04
7.36800E+00        1.36147979148E+04
7.37400E+00        1.35953103939E+04
7.38000E+00        1.35758642962E+04
7.38600E+00        1.35564595057E+04
7.39200E+00        1.35370959067E+04
7.39800E+00        1.35177733840E+04
7.40400E+00        1.34984918228E+04
7.41000E+00        1.34792511086E+04
7.41600E+00        1.34600511275E+04
7.42200E+00        1.34408917658E+04
7.42800E+00        1.34217729102E+04
7.43400E+00        1.34026944479E+04
7.44000E+00        1.33836562663E+04
7.44600E+00        1.33646582535E+04
7.45200E+00        1.33457002977E+04
7.45800E+00        1.33267822875E+04
7.46400E+00        1.33079041121E+04
7.47000E+00        1.32890656609E+04
7.47600E+00        1.32702668237E+04
7.48200E+00        1.32515074907E+04
7.48800E+00        1.32327875524E+04
7.49400E+00        1.32141068999E+04
7.50000E+00        1.31954654243E+04
7.50600E+00        1.31768630175E+04
7.51200E+00        1.31582995715E+04
7.51800E+00        1.31397749786E+04
7.52400E+00        1.31212891318E+04
7.53000E+00        1.31028419240E+04
7.53600E+00        1.30844332489E+04
7.54200E+00        1.30660630004E+04
7.54800E+00        1.30477310727E+04
7.55400E+00        1.30294373603E+04
7.56000E+00        1.30111817582E+04
7.56600E+00        1.29929641618E+04
7.57200E+00        1.29747844667E+04
7.57800E+00        1.29566425690E+04
7.58400E+00        1.29385383650E+04
7.59000E+00        1.29204717514E+04
7.59600E+00        1.29024426253E+04
7.60200E+00        1.28844508841E+04
7.60800E+00        1.28664964256E+04
7.61400E+00        1.28485791480E+04
7.62000E+00        1.28306989496E+04
7.62600E+00        1.28128557292E+04
7.63200E+00        1.27950493861E+04
7.63800E+00        1.27772798196E+04
7.64400E+00        1.27595469297E+04
7.65000E+00        1.27418506163E+04
7.65600E+00        1.27241907801E+04
7.66200E+00        1.27065673219E+04
7.66800E+00        1.26889801427E+04
7.67400E+00        1.26714291442E+04
7.68000E+00        1.26539142280E+04
7.68600E+00        1.26364352965E+04
7.69200E+00        1.26189922519E+04
7.69800E+00        1.26015849972E+04
7.70400E+00        1.25842134354E+04
7.71000E+00        1.25668774700E+04
7.71600E+00        1.25495770048E+04
7.72200E+00        1.25323119438E+04
7.72800E+00        1.25150821916E+04
7.73400E+00        1.24978876527E+04
7.74000E+00        1.24807282322E+04
7.74600E+00        1.24636038356E+04
7.75200E+00        1.24465143684E+04
7.75800E+00        1.24294597368E+04
7.76400E+00        1.24124398469E+04
7.77000E+00        1.23954546054E+04
7.77600E+00        1.23785039192E+04
7.78200E+00        1.23615876955E+04
7.78800E+00        1.23447058420E+04
7.79400E+00        1.23278582664E+04
7.80000E+00        1.23110448769E+04
7.80600E+00        1.22942655819E+04
7.81200E+00        1.22775202903E+04
7.81800E+00        1.22608089110E+04
7.82400E+00        1.22441313534E+04
7.83000E+00        1.22274875272E+04
7.83600E+00        1.22108773424E+04
7.84200E+00        1.21943007091E+04
7.84800E+00        1.21777575381E+04
7.85400E+00        1.21612477400E+04
7.86000E+00        1.21447712260E+04
7.86600E+00        1.21283279076E+04
7.87200E+00        1.21119176965E+04
7.87800E+00        1.20955405046E+04
7.88400E+00        1.20791962444E+04
7.89000E+00        1.20628848283E+04
7.89600E+00        1.20466061693E+04
7.90200E+00        1.20303601806E+04
7.90800E+00        1.20141467754E+04
7.91400E+00        1.19979658677E+04
7.92000E+00        1.19818173714E+04
7.92600E+00        1.19657012007E+04
7.93200E+00        1.19496172703E+04
7.93800E+00        1.19335654951E+04
7.94400E+00        1.19175457900E+04
7.95000E+00        1.19015580706E+04
7.95600E+00        1.18856022526E+04
7.96200E+00        1.18696782518E+04
7.96800E+00        1.18537859845E+04
7.97400E+00        1.18379253672E+04
7.98000E+00        1.18220963167E+04
7.98600E+00        1.18062987500E+04
7.99200E+00        1.17905325844E+04
7.99800E+00        1.17747977376E+04
8.00400E+00        1.17590941273E+04
8.01000E+00        1.17434216717E+04
8.01600E+00        1.17277802892E+04
8.02200E+00        1.17121698983E+04
8.02800E+00        1.16965904181E+04
8.03400E+00        1.16810417676E+04
8.04000E+00        1.16655238664E+04
8.04600E+00        1.16500366340E+04
8.05200E+00        1.16345799905E+04
8.05800E+00        1.16191538561E+04
8.06400E+00        1.16037581512E+04
8.07000E+00        1.15883927965E+04
8.07600E+00        1.15730577130E+04
8.08200E+00        1.15577528220E+04
8.08800E+00        1.15424780449E+04
8.09400E+00        1.15272333035E+04
8.10000E+00        1.15120185198E+04
8.10600E+00        1.14968336160E+04
8.11200E+00        1.14816785145E+04
8.11800E+00        1.14665531382E+04
8.12400E+00        1.14514574100E+04
8.13000E+00        1.14363912531E+04
8.13600E+00        1.14213545911E+04
8.14200E+00        1.14063473476E+04
8.14800E+00        1.13913694466E+04
8.15400E+00        1.13764208124E+04
8.16000E+00        1.13615013693E+04
8.16600E+00        1.13466110421E+04
8.17200E+00        1.13317497557E+04
8.17800E+00        1.13169174352E+04
