output/Noodles_2021-02-26/SED_07.dat
# %ECSV 0.9
# ---
# datatype:
# - {name: wavelength, unit: micron, datatype: float64}
# - {name: flux, unit: microJansky, datatype: float64}
# schema: astropy-2.0
#
#
#  - - File generated by ExoNoodle - -
#         V1.0.0 - MML (CEA-Saclay)
#       2021-02-26 14:01:48.325215
wavelength flux 
[from data line 1730]
1.33800E+01        4.61330217294E+03
1.33860E+01        4.60943380837E+03
1.33920E+01        4.60557029523E+03
1.33980E+01        4.60171162543E+03
1.34040E+01        4.59785779090E+03
1.34100E+01        4.59400878359E+03
1.34160E+01        4.59016459546E+03
1.34220E+01        4.58632521849E+03
1.34280E+01        4.58249064468E+03
1.34340E+01        4.57866086604E+03
1.34400E+01        4.57483587460E+03
1.34460E+01        4.57101566240E+03
1.34520E+01        4.56720022151E+03
1.34580E+01        4.56338954401E+03
1.34640E+01        4.55958362200E+03
1.34700E+01        4.55578244757E+03
1.34760E+01        4.55198601288E+03
1.34820E+01        4.54819431004E+03
1.34880E+01        4.54440733124E+03
1.34940E+01        4.54062506863E+03
1.35000E+01        4.53684751443E+03
1.35060E+01        4.53307466083E+03
1.35120E+01        4.52930650006E+03
1.35180E+01        4.52554302437E+03
1.35240E+01        4.52178422600E+03
1.35300E+01        4.51803009723E+03
1.35360E+01        4.51428063035E+03
1.35420E+01        4.51053581767E+03
1.35480E+01        4.50679565151E+03
1.35540E+01        4.50306012419E+03
1.35600E+01        4.49932922808E+03
1.35660E+01        4.49560295554E+03
1.35720E+01        4.49188129896E+03
1.35780E+01        4.48816425073E+03
1.35840E+01        4.48445180327E+03
1.35900E+01        4.48074394901E+03
1.35960E+01        4.47704068039E+03
1.36020E+01        4.47334198988E+03
1.36080E+01        4.46964786996E+03
1.36140E+01        4.46595831310E+03
1.36200E+01        4.46227331183E+03
1.36260E+01        4.45859285867E+03
1.36320E+01        4.45491694614E+03
1.36380E+01        4.45124556681E+03
1.36440E+01        4.44757871325E+03
1.36500E+01        4.44391637804E+03
1.36560E+01        4.44025855377E+03
1.36620E+01        4.43660523307E+03
1.36680E+01        4.43295640855E+03
1.36740E+01        4.42931207287E+03
1.36800E+01        4.42567221868E+03
1.36860E+01        4.42203683866E+03
1.36920E+01        4.41840592550E+03
1.36980E+01        4.41477947189E+03
1.37040E+01        4.41115747056E+03
1.37100E+01        4.40753991425E+03
1.37160E+01        4.40392679570E+03
1.37220E+01        4.40031810767E+03
1.37280E+01        4.39671384294E+03
1.37340E+01        4.39311399430E+03
1.37400E+01        4.38951855456E+03
1.37460E+01        4.38592751655E+03
1.37520E+01        4.38234087309E+03
1.37580E+01        4.37875861705E+03
1.37640E+01        4.37518074127E+03
1.37700E+01        4.37160723865E+03
1.37760E+01        4.36803810208E+03
1.37820E+01        4.36447332446E+03
1.37880E+01        4.36091289873E+03
1.37940E+01        4.35735681780E+03
1.38000E+01        4.35380507465E+03
1.38060E+01        4.35025766223E+03
1.38120E+01        4.34671457352E+03
1.38180E+01        4.34317580152E+03
1.38240E+01        4.33964133923E+03
1.38300E+01        4.33611117968E+03
1.38360E+01        4.33258531590E+03
1.38420E+01        4.32906374095E+03
1.38480E+01        4.32554644789E+03
1.38540E+01        4.32203342979E+03
1.38600E+01        4.31852467975E+03
1.38660E+01        4.31502019088E+03
1.38720E+01        4.31151995629E+03
1.38780E+01        4.30802396913E+03
1.38840E+01        4.30453222253E+03
1.38900E+01        4.30104470966E+03
1.38960E+01        4.29756142369E+03
1.39020E+01        4.29408235782E+03
1.39080E+01        4.29060750524E+03
1.39140E+01        4.28713685917E+03
1.39200E+01        4.28367041285E+03
1.39260E+01        4.28020815951E+03
1.39320E+01        4.27675009242E+03
1.39380E+01        4.27329620483E+03
1.39440E+01        4.26984649005E+03
1.39500E+01        4.26640094136E+03
1.39560E+01        4.26295955207E+03
1.39620E+01        4.25952231552E+03
1.39680E+01        4.25608922503E+03
1.39740E+01        4.25266027396E+03
1.39800E+01        4.24923545568E+03
1.39860E+01        4.24581476355E+03
1.39920E+01        4.24239819097E+03
1.39980E+01        4.23898573136E+03
1.40040E+01        4.23557737811E+03
