output/Noodles_2021-02-26/SED_11.dat
# %ECSV 0.9
# ---
# datatype:
# - {name: wavelength, unit: micron, datatype: float64}
# - {name: flux, unit: microJansky, datatype: float64}
# schema: astropy-2.0
#
#
#  - - File generated by ExoNoodle - -
#         V1.0.0 - MML (CEA-Saclay)
#       2021-02-26 14:01:48.325215
wavelength flux 
[from data line 1730]
1.33800E+01        4.60251823789E+03
1.33860E+01        4.59865890153E+03
1.33920E+01        4.59480440556E+03
1.33980E+01        4.59095474190E+03
1.34040E+01        4.58710990250E+03
1.34100E+01        4.58326987933E+03
1.34160E+01        4.57943466436E+03
1.34220E+01        4.57560424960E+03
1.34280E+01        4.57177862705E+03
1.34340E+01        4.56795778876E+03
1.34400E+01        4.56414172675E+03
1.34460E+01        4.56033043311E+03
1.34520E+01        4.55652389990E+03
1.34580E+01        4.55272211923E+03
1.34640E+01        4.54892508320E+03
1.34700E+01        4.54513278395E+03
1.34760E+01        4.54134521361E+03
1.34820E+01        4.53756236436E+03
1.34880E+01        4.53378422837E+03
1.34940E+01        4.53001079783E+03
1.35000E+01        4.52624206495E+03
1.35060E+01        4.52247802196E+03
1.35120E+01        4.51871866110E+03
1.35180E+01        4.51496397462E+03
1.35240E+01        4.51121395481E+03
1.35300E+01        4.50746859395E+03
1.35360E+01        4.50372788434E+03
1.35420E+01        4.49999181831E+03
1.35480E+01        4.49626038820E+03
1.35540E+01        4.49253358636E+03
1.35600E+01        4.48881140515E+03
1.35660E+01        4.48509383696E+03
1.35720E+01        4.48138087420E+03
1.35780E+01        4.47767250927E+03
1.35840E+01        4.47396873461E+03
1.35900E+01        4.47026954266E+03
1.35960E+01        4.46657492589E+03
1.36020E+01        4.46288487677E+03
1.36080E+01        4.45919938780E+03
1.36140E+01        4.45551845149E+03
1.36200E+01        4.45184206035E+03
1.36260E+01        4.44817020694E+03
1.36320E+01        4.44450288379E+03
1.36380E+01        4.44084008349E+03
1.36440E+01        4.43718179862E+03
1.36500E+01        4.43352802177E+03
1.36560E+01        4.42987874556E+03
1.36620E+01        4.42623396262E+03
1.36680E+01        4.42259366561E+03
1.36740E+01        4.41895784716E+03
1.36800E+01        4.41532649997E+03
1.36860E+01        4.41169961672E+03
1.36920E+01        4.40807719012E+03
1.36980E+01        4.40445921288E+03
1.37040E+01        4.40084567774E+03
1.37100E+01        4.39723657746E+03
1.37160E+01        4.39363190479E+03
1.37220E+01        4.39003165251E+03
1.37280E+01        4.38643581341E+03
1.37340E+01        4.38284438031E+03
1.37400E+01        4.37925734603E+03
1.37460E+01        4.37567470340E+03
1.37520E+01        4.37209644528E+03
1.37580E+01        4.36852256453E+03
1.37640E+01        4.36495305403E+03
1.37700E+01        4.36138790668E+03
1.37760E+01        4.35782711539E+03
1.37820E+01        4.35427067308E+03
1.37880E+01        4.35071857269E+03
1.37940E+01        4.34717080717E+03
1.38000E+01        4.34362736950E+03
1.38060E+01        4.34008825264E+03
1.38120E+01        4.33655344960E+03
1.38180E+01        4.33302295338E+03
1.38240E+01        4.32949675701E+03
1.38300E+01        4.32597485353E+03
1.38360E+01        4.32245723598E+03
1.38420E+01        4.31894389744E+03
1.38480E+01        4.31543483098E+03
1.38540E+01        4.31193002969E+03
1.38600E+01        4.30842948669E+03
1.38660E+01        4.30493319509E+03
1.38720E+01        4.30144114804E+03
1.38780E+01        4.29795333867E+03
1.38840E+01        4.29446976016E+03
1.38900E+01        4.29099040567E+03
1.38960E+01        4.28751526840E+03
1.39020E+01        4.28404434155E+03
1.39080E+01        4.28057761835E+03
1.39140E+01        4.27711509202E+03
1.39200E+01        4.27365675580E+03
1.39260E+01        4.27020260295E+03
1.39320E+01        4.26675262676E+03
1.39380E+01        4.26330682049E+03
1.39440E+01        4.25986517745E+03
1.39500E+01        4.25642769096E+03
1.39560E+01        4.25299435433E+03
1.39620E+01        4.24956516092E+03
1.39680E+01        4.24614010406E+03
1.39740E+01        4.24271917712E+03
1.39800E+01        4.23930237349E+03
1.39860E+01        4.23588968656E+03
1.39920E+01        4.23248110972E+03
1.39980E+01        4.22907663641E+03
1.40040E+01        4.22567626004E+03
