output/Noodles_2021-02-26/SED_13.dat
# %ECSV 0.9
# ---
# datatype:
# - {name: wavelength, unit: micron, datatype: float64}
# - {name: flux, unit: microJansky, datatype: float64}
# schema: astropy-2.0
#
#
#  - - File generated by ExoNoodle - -
#         V1.0.0 - MML (CEA-Saclay)
#       2021-02-26 14:01:48.325215
wavelength flux 
[from data line 1730]
1.33800E+01        4.59298506222E+03
1.33860E+01        4.58913370695E+03
1.33920E+01        4.58528718230E+03
1.33980E+01        4.58144548021E+03
1.34040E+01        4.57760859266E+03
1.34100E+01        4.57377651161E+03
1.34160E+01        4.56994922907E+03
1.34220E+01        4.56612673705E+03
1.34280E+01        4.56230902757E+03
1.34340E+01        4.55849609268E+03
1.34400E+01        4.55468792445E+03
1.34460E+01        4.55088451495E+03
1.34520E+01        4.54708585628E+03
1.34580E+01        4.54329194055E+03
1.34640E+01        4.53950275988E+03
1.34700E+01        4.53571830642E+03
1.34760E+01        4.53193857233E+03
1.34820E+01        4.52816354979E+03
1.34880E+01        4.52439323099E+03
1.34940E+01        4.52062760813E+03
1.35000E+01        4.51686667345E+03
1.35060E+01        4.51311041918E+03
1.35120E+01        4.50935883758E+03
1.35180E+01        4.50561192093E+03
1.35240E+01        4.50186966150E+03
1.35300E+01        4.49813205161E+03
1.35360E+01        4.49439908358E+03
1.35420E+01        4.49067074974E+03
1.35480E+01        4.48694704244E+03
1.35540E+01        4.48322795405E+03
1.35600E+01        4.47951347696E+03
1.35660E+01        4.47580360357E+03
1.35720E+01        4.47209832628E+03
1.35780E+01        4.46839763753E+03
1.35840E+01        4.46470152976E+03
1.35900E+01        4.46100999544E+03
1.35960E+01        4.45732302705E+03
1.36020E+01        4.45364061706E+03
1.36080E+01        4.44996275800E+03
1.36140E+01        4.44628944239E+03
1.36200E+01        4.44262066276E+03
1.36260E+01        4.43895641166E+03
1.36320E+01        4.43529668167E+03
1.36380E+01        4.43164146536E+03
1.36440E+01        4.42799075535E+03
1.36500E+01        4.42434454424E+03
1.36560E+01        4.42070282465E+03
1.36620E+01        4.41706558925E+03
1.36680E+01        4.41343283067E+03
1.36740E+01        4.40980454161E+03
1.36800E+01        4.40618071474E+03
1.36860E+01        4.40256134278E+03
1.36920E+01        4.39894641843E+03
1.36980E+01        4.39533593445E+03
1.37040E+01        4.39172988356E+03
1.37100E+01        4.38812825854E+03
1.37160E+01        4.38453105217E+03
1.37220E+01        4.38093825723E+03
1.37280E+01        4.37734986653E+03
1.37340E+01        4.37376587291E+03
1.37400E+01        4.37018626918E+03
1.37460E+01        4.36661104821E+03
1.37520E+01        4.36304020287E+03
1.37580E+01        4.35947372602E+03
1.37640E+01        4.35591161056E+03
1.37700E+01        4.35235384941E+03
1.37760E+01        4.34880043548E+03
1.37820E+01        4.34525136172E+03
1.37880E+01        4.34170662107E+03
1.37940E+01        4.33816620651E+03
1.38000E+01        4.33463011101E+03
1.38060E+01        4.33109832757E+03
1.38120E+01        4.32757084919E+03
1.38180E+01        4.32404766890E+03
1.38240E+01        4.32052877974E+03
1.38300E+01        4.31701417475E+03
1.38360E+01        4.31350384701E+03
1.38420E+01        4.30999778959E+03
1.38480E+01        4.30649599558E+03
1.38540E+01        4.30299845809E+03
1.38600E+01        4.29950517025E+03
1.38660E+01        4.29601612518E+03
1.38720E+01        4.29253131603E+03
1.38780E+01        4.28905073597E+03
1.38840E+01        4.28557437818E+03
1.38900E+01        4.28210223584E+03
1.38960E+01        4.27863430215E+03
1.39020E+01        4.27517057034E+03
1.39080E+01        4.27171103364E+03
1.39140E+01        4.26825568528E+03
1.39200E+01        4.26480451853E+03
1.39260E+01        4.26135752665E+03
1.39320E+01        4.25791470294E+03
1.39380E+01        4.25447604069E+03
1.39440E+01        4.25104153321E+03
1.39500E+01        4.24761117384E+03
1.39560E+01        4.24418495589E+03
1.39620E+01        4.24076287274E+03
1.39680E+01        4.23734491774E+03
1.39740E+01        4.23393108427E+03
1.39800E+01        4.23052136573E+03
1.39860E+01        4.22711575551E+03
1.39920E+01        4.22371424704E+03
1.39980E+01        4.22031683375E+03
1.40040E+01        4.21692350908E+03
