output/Noodles_2021-02-26/SED_15.dat
# %ECSV 0.9
# ---
# datatype:
# - {name: wavelength, unit: micron, datatype: float64}
# - {name: flux, unit: microJansky, datatype: float64}
# schema: astropy-2.0
#
#
#  - - File generated by ExoNoodle - -
#         V1.0.0 - MML (CEA-Saclay)
#       2021-02-26 14:01:48.325215
wavelength flux 
[from data line 865]
8.19000E+00        1.09919239665E+04
8.19600E+00        1.09775636038E+04
8.20200E+00        1.09632311633E+04
8.20800E+00        1.09489265731E+04
8.21400E+00        1.09346497617E+04
8.22000E+00        1.09204006578E+04
8.22600E+00        1.09061791905E+04
8.23200E+00        1.08919852888E+04
8.23800E+00        1.08778188822E+04
8.24400E+00        1.08636799003E+04
8.25000E+00        1.08495682729E+04
8.25600E+00        1.08354839300E+04
8.26200E+00        1.08214268020E+04
8.26800E+00        1.08073968194E+04
8.27400E+00        1.07933939129E+04
8.28000E+00        1.07794180134E+04
8.28600E+00        1.07654690522E+04
8.29200E+00        1.07515469604E+04
8.29800E+00        1.07376516699E+04
8.30400E+00        1.07237831123E+04
8.31000E+00        1.07099412197E+04
8.31600E+00        1.06961259244E+04
8.32200E+00        1.06823371587E+04
8.32800E+00        1.06685748554E+04
8.33400E+00        1.06548389473E+04
8.34000E+00        1.06411293675E+04
8.34600E+00        1.06274460494E+04
8.35200E+00        1.06137889263E+04
8.35800E+00        1.06001579320E+04
8.36400E+00        1.05865530005E+04
8.37000E+00        1.05729740659E+04
8.37600E+00        1.05594210624E+04
8.38200E+00        1.05458939247E+04
8.38800E+00        1.05323925875E+04
8.39400E+00        1.05189169857E+04
8.40000E+00        1.05054670544E+04
8.40600E+00        1.04920427291E+04
8.41200E+00        1.04786439453E+04
8.41800E+00        1.04652706387E+04
8.42400E+00        1.04519227453E+04
8.43000E+00        1.04386002012E+04
8.43600E+00        1.04253029429E+04
8.44200E+00        1.04120309067E+04
8.44800E+00        1.03987840296E+04
8.45400E+00        1.03855622484E+04
8.46000E+00        1.03723655002E+04
8.46600E+00        1.03591937225E+04
8.47200E+00        1.03460468526E+04
8.47800E+00        1.03329248285E+04
8.48400E+00        1.03198275879E+04
8.49000E+00        1.03067550689E+04
8.49600E+00        1.02937072100E+04
8.50200E+00        1.02806839495E+04
8.50800E+00        1.02676852261E+04
8.51400E+00        1.02547109787E+04
8.52000E+00        1.02417611464E+04
8.52600E+00        1.02288356684E+04
8.53200E+00        1.02159344841E+04
8.53800E+00        1.02030575331E+04
8.54400E+00        1.01902047553E+04
8.55000E+00        1.01773760907E+04
8.55600E+00        1.01645714793E+04
8.56200E+00        1.01517908617E+04
8.56800E+00        1.01390341782E+04
8.57400E+00        1.01263013696E+04
8.58000E+00        1.01135923769E+04
8.58600E+00        1.01009071411E+04
8.59200E+00        1.00882456035E+04
8.59800E+00        1.00756077055E+04
8.60400E+00        1.00629933888E+04
8.61000E+00        1.00504025951E+04
8.61600E+00        1.00378352665E+04
8.62200E+00        1.00252913450E+04
8.62800E+00        1.00127707731E+04
8.63400E+00        1.00002734932E+04
8.64000E+00        9.98779944808E+03
8.64600E+00        9.97534858051E+03
8.65200E+00        9.96292083355E+03
8.65800E+00        9.95051615042E+03
8.66400E+00        9.93813447450E+03
8.67000E+00        9.92577574935E+03
8.67600E+00        9.91343991867E+03
8.68200E+00        9.90112692638E+03
8.68800E+00        9.88883671653E+03
8.69400E+00        9.87656923336E+03
8.70000E+00        9.86432442127E+03
8.70600E+00        9.85210222485E+03
8.71200E+00        9.83990258882E+03
8.71800E+00        9.82772545809E+03
8.72400E+00        9.81557077775E+03
8.73000E+00        9.80343849303E+03
8.73600E+00        9.79132854934E+03
8.74200E+00        9.77924089224E+03
8.74800E+00        9.76717546747E+03
8.75400E+00        9.75513222094E+03
8.76000E+00        9.74311109870E+03
8.76600E+00        9.73111204698E+03
8.77200E+00        9.71913501217E+03
8.77800E+00        9.70717994081E+03
8.78400E+00        9.69524677960E+03
8.79000E+00        9.68333547543E+03
8.79600E+00        9.67144597532E+03
8.80200E+00        9.65957822645E+03
8.80800E+00        9.64773217617E+03
8.81400E+00        9.63590777198E+03
8.82000E+00        9.62410496156E+03
8.82600E+00        9.61232369270E+03
8.83200E+00        9.60056391340E+03
8.83800E+00        9.58882557177E+03
8.84400E+00        9.57710861611E+03
8.85000E+00        9.56541299485E+03
8.85600E+00        9.55373865659E+03
8.86200E+00        9.54208555007E+03
8.86800E+00        9.53045362419E+03
8.87400E+00        9.51884282801E+03
8.88000E+00        9.50725311074E+03
8.88600E+00        9.49568442172E+03
8.89200E+00        9.48413671046E+03
8.89800E+00        9.47260992663E+03
8.90400E+00        9.46110402002E+03
8.91000E+00        9.44961894059E+03
8.91600E+00        9.43815463845E+03
8.92200E+00        9.42671106385E+03
8.92800E+00        9.41528816719E+03
8.93400E+00        9.40388589902E+03
8.94000E+00        9.39250421003E+03
8.94600E+00        9.38114305106E+03
8.95200E+00        9.36980237309E+03
8.95800E+00        9.35848212726E+03
8.96400E+00        9.34718226485E+03
8.97000E+00        9.33590273726E+03
8.97600E+00        9.32464349607E+03
8.98200E+00        9.31340449298E+03
8.98800E+00        9.30218567984E+03
8.99400E+00        9.29098700863E+03
9.00000E+00        9.27980843150E+03
9.00600E+00        9.26864990070E+03
9.01200E+00        9.25751136867E+03
9.01800E+00        9.24639278794E+03
9.02400E+00        9.23529411121E+03
9.03000E+00        9.22421529131E+03
9.03600E+00        9.21315628122E+03
9.04200E+00        9.20211703405E+03
9.04800E+00        9.19109750303E+03
9.05400E+00        9.18009764155E+03
9.06000E+00        9.16911740313E+03
9.06600E+00        9.15815674144E+03
9.07200E+00        9.14721561025E+03
9.07800E+00        9.13629396350E+03
9.08400E+00        9.12539175525E+03
9.09000E+00        9.11450893969E+03
9.09600E+00        9.10364547115E+03
9.10200E+00        9.09280130411E+03
9.10800E+00        9.08197639315E+03
9.11400E+00        9.07117069300E+03
9.12000E+00        9.06038415852E+03
9.12600E+00        9.04961674471E+03
9.13200E+00        9.03886840669E+03
9.13800E+00        9.02813909971E+03
9.14400E+00        9.01742877916E+03
9.15000E+00        9.00673740054E+03
9.15600E+00        8.99606491951E+03
9.16200E+00        8.98541129183E+03
9.16800E+00        8.97477647341E+03
9.17400E+00        8.96416042027E+03
9.18000E+00        8.95356308856E+03
9.18600E+00        8.94298443458E+03
9.19200E+00        8.93242441472E+03
9.19800E+00        8.92188298553E+03
9.20400E+00        8.91136010367E+03
9.21000E+00        8.90085572591E+03
9.21600E+00        8.89036980918E+03
9.22200E+00        8.87990231051E+03
9.22800E+00        8.86945318706E+03
9.23400E+00        8.85902239610E+03
9.24000E+00        8.84860989506E+03
9.24600E+00        8.83821564145E+03
9.25200E+00        8.82783959292E+03
9.25800E+00        8.81748170726E+03
9.26400E+00        8.80714194236E+03
9.27000E+00        8.79682025623E+03
9.27600E+00        8.78651660701E+03
9.28200E+00        8.77623095295E+03
9.28800E+00        8.76596325243E+03
9.29400E+00        8.75571346395E+03
9.30000E+00        8.74548154613E+03
9.30600E+00        8.73526745769E+03
9.31200E+00        8.72507115749E+03
9.31800E+00        8.71489260450E+03
9.32400E+00        8.70473175781E+03
9.33000E+00        8.69458857661E+03
9.33600E+00        8.68446302024E+03
9.34200E+00        8.67435504812E+03
9.34800E+00        8.66426461981E+03
9.35400E+00        8.65419169498E+03
9.36000E+00        8.64413623341E+03
9.36600E+00        8.63409819500E+03
9.37200E+00        8.62407753976E+03
9.37800E+00        8.61407422781E+03
9.38400E+00        8.60408821941E+03
9.39000E+00        8.59411947489E+03
9.39600E+00        8.58416795473E+03
9.40200E+00        8.57423361949E+03
9.40800E+00        8.56431642988E+03
9.41400E+00        8.55441634669E+03
9.42000E+00        8.54453333083E+03
9.42600E+00        8.53466734333E+03
9.43200E+00        8.52481834533E+03
9.43800E+00        8.51498629805E+03
9.44400E+00        8.50517116287E+03
9.45000E+00        8.49537290123E+03
9.45600E+00        8.48559147471E+03
9.46200E+00        8.47582684500E+03
9.46800E+00        8.46607897388E+03
9.47400E+00        8.45634782324E+03
9.48000E+00        8.44663335509E+03
9.48600E+00        8.43693553155E+03
9.49200E+00        8.42725431482E+03
9.49800E+00        8.41758966723E+03
9.50400E+00        8.40794155122E+03
9.51000E+00        8.39830992932E+03
9.51600E+00        8.38869476416E+03
9.52200E+00        8.37909601851E+03
9.52800E+00        8.36951365520E+03
9.53400E+00        8.35994763719E+03
9.54000E+00        8.35039792755E+03
9.54600E+00        8.34086448943E+03
9.55200E+00        8.33134728610E+03
9.55800E+00        8.32184628093E+03
9.56400E+00        8.31236143739E+03
9.57000E+00        8.30289271905E+03
9.57600E+00        8.29344008960E+03
9.58200E+00        8.28400351281E+03
9.58800E+00        8.27458295255E+03
9.59400E+00        8.26517837280E+03
9.60000E+00        8.25578973766E+03
9.60600E+00        8.24641701128E+03
9.61200E+00        8.23706015797E+03
9.61800E+00        8.22771914209E+03
9.62400E+00        8.21839392812E+03
9.63000E+00        8.20908448065E+03
9.63600E+00        8.19979076434E+03
9.64200E+00        8.19051274397E+03
9.64800E+00        8.18125038442E+03
9.65400E+00        8.17200365066E+03
9.66000E+00        8.16277250775E+03
9.66600E+00        8.15355692085E+03
9.67200E+00        8.14435685523E+03
9.67800E+00        8.13517227624E+03
9.68400E+00        8.12600314934E+03
9.69000E+00        8.11684944008E+03
9.69600E+00        8.10771111410E+03
9.70200E+00        8.09858813713E+03
9.70800E+00        8.08948047502E+03
9.71400E+00        8.08038809369E+03
9.72000E+00        8.07131095916E+03
9.72600E+00        8.06224903755E+03
9.73200E+00        8.05320229507E+03
9.73800E+00        8.04417069802E+03
9.74400E+00        8.03515421281E+03
9.75000E+00        8.02615280590E+03
9.75600E+00        8.01716644389E+03
9.76200E+00        8.00819509346E+03
9.76800E+00        7.99923872135E+03
9.77400E+00        7.99029729443E+03
9.78000E+00        7.98137077965E+03
9.78600E+00        7.97245914404E+03
9.79200E+00        7.96356235473E+03
9.79800E+00        7.95468037894E+03
9.80400E+00        7.94581318397E+03
9.81000E+00        7.93696073723E+03
9.81600E+00        7.92812300620E+03
9.82200E+00        7.91929995845E+03
9.82800E+00        7.91049156166E+03
9.83400E+00        7.90169778357E+03
9.84000E+00        7.89291859202E+03
9.84600E+00        7.88415395494E+03
9.85200E+00        7.87540384035E+03
9.85800E+00        7.86666821636E+03
9.86400E+00        7.85794705115E+03
9.87000E+00        7.84924031300E+03
9.87600E+00        7.84054797028E+03
9.88200E+00        7.83186999143E+03
9.88800E+00        7.82320634499E+03
9.89400E+00        7.81455699958E+03
9.90000E+00        7.80592192391E+03
9.90600E+00        7.79730108677E+03
9.91200E+00        7.78869445703E+03
9.91800E+00        7.78010200367E+03
9.92400E+00        7.77152369572E+03
9.93000E+00        7.76295950231E+03
9.93600E+00        7.75440939265E+03
9.94200E+00        7.74587333604E+03
9.94800E+00        7.73735130187E+03
9.95400E+00        7.72884325959E+03
9.96000E+00        7.72034917874E+03
9.96600E+00        7.71186902896E+03
9.97200E+00        7.70340277995E+03
9.97800E+00        7.69495040151E+03
9.98400E+00        7.68651186350E+03
9.99000E+00        7.67808713589E+03
9.99600E+00        7.66967618870E+03
1.00020E+01        7.66127899205E+03
1.00080E+01        7.65289551613E+03
1.00140E+01        7.64452573124E+03
1.00200E+01        7.63616960771E+03
1.00260E+01        7.62782711598E+03
1.00320E+01        7.61949822658E+03
1.00380E+01        7.61118291009E+03
1.00440E+01        7.60288113720E+03
1.00500E+01        7.59459287864E+03
1.00560E+01        7.58631810526E+03
1.00620E+01        7.57805678796E+03
1.00680E+01        7.56980889772E+03
1.00740E+01        7.56157440562E+03
1.00800E+01        7.55335328280E+03
1.00860E+01        7.54514550047E+03
1.00920E+01        7.53695102993E+03
1.00980E+01        7.52876984255E+03
1.01040E+01        7.52060190979E+03
1.01100E+01        7.51244720316E+03
1.01160E+01        7.50430569428E+03
1.01220E+01        7.49617735481E+03
1.01280E+01        7.48806215652E+03
1.01340E+01        7.47996007122E+03
1.01400E+01        7.47187107083E+03
1.01460E+01        7.46379512732E+03
1.01520E+01        7.45573221274E+03
1.01580E+01        7.44768229922E+03
1.01640E+01        7.43964535896E+03
1.01700E+01        7.43162136423E+03
1.01760E+01        7.42361028739E+03
1.01820E+01        7.41561210086E+03
1.01880E+01        7.40762677713E+03
1.01940E+01        7.39965428876E+03
1.02000E+01        7.39169460840E+03
1.02060E+01        7.38374770877E+03
1.02120E+01        7.37581356264E+03
1.02180E+01        7.36789214288E+03
1.02240E+01        7.35998342242E+03
1.02300E+01        7.35208737424E+03
1.02360E+01        7.34420397143E+03
1.02420E+01        7.33633318713E+03
1.02480E+01        7.32847499456E+03
1.02540E+01        7.32062936699E+03
1.02600E+01        7.31279627778E+03
1.02660E+01        7.30497570036E+03
1.02720E+01        7.29716760823E+03
1.02780E+01        7.28937197494E+03
1.02840E+01        7.28158877413E+03
1.02900E+01        7.27381797951E+03
1.02960E+01        7.26605956485E+03
1.03020E+01        7.25831350398E+03
1.03080E+01        7.25057977083E+03
1.03140E+01        7.24285833936E+03
1.03200E+01        7.23514918364E+03
1.03260E+01        7.22745227776E+03
1.03320E+01        7.21976759592E+03
1.03380E+01        7.21209511237E+03
1.03440E+01        7.20443480141E+03
1.03500E+01        7.19678663745E+03
1.03560E+01        7.18915059493E+03
1.03620E+01        7.18152664837E+03
1.03680E+01        7.17391477235E+03
1.03740E+01        7.16631494153E+03
1.03800E+01        7.15872713062E+03
1.03860E+01        7.15115131442E+03
1.03920E+01        7.14358746776E+03
1.03980E+01        7.13603556557E+03
1.04040E+01        7.12849558282E+03
1.04100E+01        7.12096749456E+03
1.04160E+01        7.11345127591E+03
1.04220E+01        7.10594690203E+03
1.04280E+01        7.09845434816E+03
1.04340E+01        7.09097358962E+03
1.04400E+01        7.08350460177E+03
1.04460E+01        7.07604736004E+03
1.04520E+01        7.06860183992E+03
1.04580E+01        7.06116801698E+03
1.04640E+01        7.05374586685E+03
1.04700E+01        7.04633536519E+03
1.04760E+01        7.03893648778E+03
1.04820E+01        7.03154921040E+03
1.04880E+01        7.02417350895E+03
1.04940E+01        7.01680935936E+03
1.05000E+01        7.00945673762E+03
1.05060E+01        7.00211561980E+03
1.05120E+01        6.99478598202E+03
1.05180E+01        6.98746780047E+03
1.05240E+01        6.98016105138E+03
1.05300E+01        6.97286571107E+03
1.05360E+01        6.96558175590E+03
1.05420E+01        6.95830916231E+03
1.05480E+01        6.95104790678E+03
1.05540E+01        6.94379796586E+03
1.05600E+01        6.93655931616E+03
1.05660E+01        6.92933193435E+03
1.05720E+01        6.92211579717E+03
1.05780E+01        6.91491088140E+03
1.05840E+01        6.90771716389E+03
1.05900E+01        6.90053462155E+03
1.05960E+01        6.89336323134E+03
1.06020E+01        6.88620297031E+03
1.06080E+01        6.87905381552E+03
1.06140E+01        6.87191574413E+03
1.06200E+01        6.86478873334E+03
1.06260E+01        6.85767276041E+03
1.06320E+01        6.85056780266E+03
1.06380E+01        6.84347383747E+03
1.06440E+01        6.83639084226E+03
1.06500E+01        6.82931879455E+03
1.06560E+01        6.82225767186E+03
1.06620E+01        6.81520745182E+03
1.06680E+01        6.80816811208E+03
1.06740E+01        6.80113963037E+03
1.06800E+01        6.79412198446E+03
1.06860E+01        6.78711515219E+03
1.06920E+01        6.78011911146E+03
1.06980E+01        6.77313384020E+03
1.07040E+01        6.76615931642E+03
1.07100E+01        6.75919551818E+03
1.07160E+01        6.75224242359E+03
1.07220E+01        6.74530001082E+03
1.07280E+01        6.73836825811E+03
1.07340E+01        6.73144714373E+03
1.07400E+01        6.72453664601E+03
1.07460E+01        6.71763674335E+03
1.07520E+01        6.71074741418E+03
1.07580E+01        6.70386863702E+03
1.07640E+01        6.69700039042E+03
1.07700E+01        6.69014265298E+03
1.07760E+01        6.68329540336E+03
