output/Noodles_2021-02-26/SED_13.dat
# %ECSV 0.9
# ---
# datatype:
# - {name: wavelength, unit: micron, datatype: float64}
# - {name: flux, unit: microJansky, datatype: float64}
# schema: astropy-2.0
#
#
#  - - File generated by ExoNoodle - -
#         V1.0.0 - MML (CEA-Saclay)
#       2021-02-26 14:01:48.325215
wavelength flux 
[from data line 433]
5.59800E+00        2.18432476236E+04
5.60400E+00        2.18040249462E+04
5.61000E+00        2.17649058994E+04
5.61600E+00        2.17258901269E+04
5.62200E+00        2.16869772743E+04
5.62800E+00        2.16481669881E+04
5.63400E+00        2.16094589167E+04
5.64000E+00        2.15708527097E+04
5.64600E+00        2.15323480184E+04
5.65200E+00        2.14939444952E+04
5.65800E+00        2.14556417944E+04
5.66400E+00        2.14174395713E+04
5.67000E+00        2.13793374829E+04
5.67600E+00        2.13413351874E+04
5.68200E+00        2.13034323446E+04
5.68800E+00        2.12656286156E+04
5.69400E+00        2.12279236630E+04
5.70000E+00        2.11903171507E+04
5.70600E+00        2.11528087440E+04
5.71200E+00        2.11153981096E+04
5.71800E+00        2.10780849155E+04
5.72400E+00        2.10408688312E+04
5.73000E+00        2.10037495274E+04
5.73600E+00        2.09667266763E+04
5.74200E+00        2.09297999514E+04
5.74800E+00        2.08929690275E+04
5.75400E+00        2.08562335807E+04
5.76000E+00        2.08195932886E+04
5.76600E+00        2.07830478298E+04
5.77200E+00        2.07465968847E+04
5.77800E+00        2.07102401345E+04
5.78400E+00        2.06739772621E+04
5.79000E+00        2.06378079513E+04
5.79600E+00        2.06017318877E+04
5.80200E+00        2.05657487576E+04
5.80800E+00        2.05298582492E+04
5.81400E+00        2.04940600513E+04
5.82000E+00        2.04583538546E+04
5.82600E+00        2.04227393507E+04
5.83200E+00        2.03872162324E+04
5.83800E+00        2.03517841941E+04
5.84400E+00        2.03164429310E+04
5.85000E+00        2.02811921399E+04
5.85600E+00        2.02460315187E+04
5.86200E+00        2.02109607664E+04
5.86800E+00        2.01759795835E+04
5.87400E+00        2.01410876713E+04
5.88000E+00        2.01062847328E+04
5.88600E+00        2.00715704719E+04
5.89200E+00        2.00369445936E+04
5.89800E+00        2.00024068044E+04
5.90400E+00        1.99679568119E+04
5.91000E+00        1.99335943246E+04
5.91600E+00        1.98993190525E+04
5.92200E+00        1.98651307067E+04
5.92800E+00        1.98310289993E+04
5.93400E+00        1.97970136438E+04
5.94000E+00        1.97630843546E+04
5.94600E+00        1.97292408475E+04
5.95200E+00        1.96954828393E+04
5.95800E+00        1.96618100480E+04
5.96400E+00        1.96282221925E+04
5.97000E+00        1.95947189932E+04
5.97600E+00        1.95613001714E+04
5.98200E+00        1.95279654495E+04
5.98800E+00        1.94947145511E+04
5.99400E+00        1.94615472008E+04
6.00000E+00        1.94284631245E+04
6.00600E+00        1.93954620490E+04
6.01200E+00        1.93625437023E+04
6.01800E+00        1.93297078133E+04
6.02400E+00        1.92969541123E+04
6.03000E+00        1.92642823304E+04
6.03600E+00        1.92316921999E+04
6.04200E+00        1.91991834541E+04
6.04800E+00        1.91667558274E+04
6.05400E+00        1.91344090553E+04
6.06000E+00        1.91021428743E+04
6.06600E+00        1.90699570219E+04
6.07200E+00        1.90378512367E+04
6.07800E+00        1.90058252583E+04
6.08400E+00        1.89738788273E+04
6.09000E+00        1.89420116856E+04
6.09600E+00        1.89102235757E+04
6.10200E+00        1.88785142414E+04
6.10800E+00        1.88468834275E+04
6.11400E+00        1.88153308796E+04
6.12000E+00        1.87838563446E+04
6.12600E+00        1.87524595701E+04
6.13200E+00        1.87211403049E+04
6.13800E+00        1.86898982988E+04
6.14400E+00        1.86587333024E+04
6.15000E+00        1.86276450675E+04
6.15600E+00        1.85966333467E+04
6.16200E+00        1.85656978937E+04
6.16800E+00        1.85348384631E+04
6.17400E+00        1.85040548104E+04
6.18000E+00        1.84733466923E+04
6.18600E+00        1.84427138661E+04
6.19200E+00        1.84121560903E+04
6.19800E+00        1.83816731244E+04
6.20400E+00        1.83512647286E+04
6.21000E+00        1.83209306642E+04
6.21600E+00        1.82906706934E+04
6.22200E+00        1.82604845793E+04
6.22800E+00        1.82303720860E+04
6.23400E+00        1.82003329785E+04
6.24000E+00        1.81703670226E+04
6.24600E+00        1.81404739850E+04
6.25200E+00        1.81106536337E+04
6.25800E+00        1.80809057370E+04
6.26400E+00        1.80512300646E+04
6.27000E+00        1.80216263869E+04
6.27600E+00        1.79920944751E+04
6.28200E+00        1.79626341014E+04
6.28800E+00        1.79332450389E+04
6.29400E+00        1.79039270615E+04
6.30000E+00        1.78746799442E+04
6.30600E+00        1.78455034624E+04
6.31200E+00        1.78163973929E+04
6.31800E+00        1.77873615130E+04
6.32400E+00        1.77583956010E+04
6.33000E+00        1.77294994361E+04
6.33600E+00        1.77006727982E+04
6.34200E+00        1.76719154682E+04
6.34800E+00        1.76432272278E+04
6.35400E+00        1.76146078594E+04
6.36000E+00        1.75860571466E+04
6.36600E+00        1.75575748733E+04
6.37200E+00        1.75291608248E+04
6.37800E+00        1.75008147868E+04
6.38400E+00        1.74725365459E+04
6.39000E+00        1.74443258898E+04
6.39600E+00        1.74161826066E+04
6.40200E+00        1.73881064855E+04
6.40800E+00        1.73600973165E+04
6.41400E+00        1.73321548902E+04
6.42000E+00        1.73042789982E+04
6.42600E+00        1.72764694328E+04
6.43200E+00        1.72487259871E+04
6.43800E+00        1.72210484550E+04
6.44400E+00        1.71934366313E+04
6.45000E+00        1.71658903113E+04
6.45600E+00        1.71384092914E+04
6.46200E+00        1.71109933685E+04
6.46800E+00        1.70836423406E+04
6.47400E+00        1.70563560060E+04
6.48000E+00        1.70291341643E+04
6.48600E+00        1.70019766154E+04
6.49200E+00        1.69748831603E+04
6.49800E+00        1.69478536004E+04
6.50400E+00        1.69208877383E+04
6.51000E+00        1.68939853770E+04
6.51600E+00        1.68671463204E+04
6.52200E+00        1.68403703731E+04
6.52800E+00        1.68136573403E+04
6.53400E+00        1.67870070282E+04
6.54000E+00        1.67604192436E+04
6.54600E+00        1.67338937940E+04
6.55200E+00        1.67074304877E+04
6.55800E+00        1.66810291337E+04
6.56400E+00        1.66546895415E+04
6.57000E+00        1.66284115218E+04
6.57600E+00        1.66021948855E+04
6.58200E+00        1.65760394446E+04
6.58800E+00        1.65499450116E+04
6.59400E+00        1.65239113997E+04
6.60000E+00        1.64979384229E+04
6.60600E+00        1.64720258958E+04
6.61200E+00        1.64461736338E+04
6.61800E+00        1.64203814529E+04
6.62400E+00        1.63946491698E+04
6.63000E+00        1.63689766019E+04
6.63600E+00        1.63433635674E+04
6.64200E+00        1.63178098849E+04
6.64800E+00        1.62923153740E+04
6.65400E+00        1.62668798548E+04
6.66000E+00        1.62415031479E+04
6.66600E+00        1.62161850750E+04
6.67200E+00        1.61909254581E+04
6.67800E+00        1.61657241200E+04
6.68400E+00        1.61405808841E+04
6.69000E+00        1.61154955746E+04
6.69600E+00        1.60904680161E+04
6.70200E+00        1.60654980342E+04
6.70800E+00        1.60405854548E+04
6.71400E+00        1.60157301046E+04
6.72000E+00        1.59909318110E+04
6.72600E+00        1.59661904019E+04
6.73200E+00        1.59415057059E+04
6.73800E+00        1.59168775524E+04
6.74400E+00        1.58923057711E+04
6.75000E+00        1.58677901926E+04
6.75600E+00        1.58433306480E+04
6.76200E+00        1.58189269690E+04
6.76800E+00        1.57945789881E+04
6.77400E+00        1.57702865381E+04
6.78000E+00        1.57460494528E+04
6.78600E+00        1.57218675662E+04
6.79200E+00        1.56977407134E+04
6.79800E+00        1.56736687296E+04
6.80400E+00        1.56496514509E+04
6.81000E+00        1.56256887139E+04
6.81600E+00        1.56017803560E+04
6.82200E+00        1.55779262148E+04
6.82800E+00        1.55541261289E+04
6.83400E+00        1.55303799373E+04
6.84000E+00        1.55066874794E+04
6.84600E+00        1.54830485957E+04
6.85200E+00        1.54594631268E+04
6.85800E+00        1.54359309140E+04
6.86400E+00        1.54124517994E+04
6.87000E+00        1.53890256253E+04
6.87600E+00        1.53656522350E+04
6.88200E+00        1.53423314721E+04
6.88800E+00        1.53190631807E+04
6.89400E+00        1.52958472057E+04
6.90000E+00        1.52726833925E+04
6.90600E+00        1.52495715869E+04
6.91200E+00        1.52265116354E+04
6.91800E+00        1.52035033851E+04
6.92400E+00        1.51805466835E+04
6.93000E+00        1.51576413788E+04
6.93600E+00        1.51347873197E+04
6.94200E+00        1.51119843554E+04
6.94800E+00        1.50892323356E+04
6.95400E+00        1.50665311108E+04
6.96000E+00        1.50438805318E+04
6.96600E+00        1.50212804499E+04
6.97200E+00        1.49987307172E+04
6.97800E+00        1.49762311860E+04
6.98400E+00        1.49537817094E+04
6.99000E+00        1.49313821410E+04
6.99600E+00        1.49090323347E+04
7.00200E+00        1.48867321452E+04
7.00800E+00        1.48644814276E+04
7.01400E+00        1.48422800375E+04
7.02000E+00        1.48201278310E+04
7.02600E+00        1.47980246648E+04
7.03200E+00        1.47759703961E+04
7.03800E+00        1.47539648825E+04
7.04400E+00        1.47320079824E+04
7.05000E+00        1.47100995542E+04
7.05600E+00        1.46882394574E+04
7.06200E+00        1.46664275515E+04
7.06800E+00        1.46446636968E+04
7.07400E+00        1.46229477539E+04
7.08000E+00        1.46012795842E+04
7.08600E+00        1.45796590493E+04
7.09200E+00        1.45580860114E+04
7.09800E+00        1.45365603332E+04
7.10400E+00        1.45150818778E+04
7.11000E+00        1.44936505089E+04
7.11600E+00        1.44722660906E+04
7.12200E+00        1.44509284877E+04
7.12800E+00        1.44296375651E+04
7.13400E+00        1.44083931885E+04
7.14000E+00        1.43871952239E+04
7.14600E+00        1.43660435378E+04
7.15200E+00        1.43449379974E+04
7.15800E+00        1.43238784699E+04
7.16400E+00        1.43028648235E+04
7.17000E+00        1.42818969264E+04
7.17600E+00        1.42609746476E+04
7.18200E+00        1.42400978564E+04
7.18800E+00        1.42192664226E+04
7.19400E+00        1.41984802165E+04
7.20000E+00        1.41777391088E+04
7.20600E+00        1.41570429706E+04
7.21200E+00        1.41363916736E+04
7.21800E+00        1.41157850898E+04
7.22400E+00        1.40952230918E+04
7.23000E+00        1.40747055525E+04
7.23600E+00        1.40542323454E+04
7.24200E+00        1.40338033443E+04
7.24800E+00        1.40134184235E+04
7.25400E+00        1.39930774578E+04
7.26000E+00        1.39727803223E+04
7.26600E+00        1.39525268926E+04
7.27200E+00        1.39323170449E+04
7.27800E+00        1.39121506555E+04
7.28400E+00        1.38920276014E+04
7.29000E+00        1.38719477600E+04
7.29600E+00        1.38519110090E+04
7.30200E+00        1.38319172267E+04
7.30800E+00        1.38119662915E+04
7.31400E+00        1.37920580827E+04
7.32000E+00        1.37721924795E+04
7.32600E+00        1.37523693621E+04
7.33200E+00        1.37325886105E+04
7.33800E+00        1.37128501056E+04
7.34400E+00        1.36931537285E+04
7.35000E+00        1.36734993607E+04
7.35600E+00        1.36538868841E+04
7.36200E+00        1.36343161812E+04
7.36800E+00        1.36147871347E+04
7.37400E+00        1.35952996278E+04
7.38000E+00        1.35758535440E+04
7.38600E+00        1.35564487674E+04
7.39200E+00        1.35370851822E+04
7.39800E+00        1.35177626734E+04
7.40400E+00        1.34984811260E+04
7.41000E+00        1.34792404257E+04
7.41600E+00        1.34600404583E+04
7.42200E+00        1.34408811103E+04
7.42800E+00        1.34217622685E+04
7.43400E+00        1.34026838198E+04
7.44000E+00        1.33836456520E+04
7.44600E+00        1.33646476528E+04
7.45200E+00        1.33456897106E+04
7.45800E+00        1.33267717141E+04
7.46400E+00        1.33078935523E+04
7.47000E+00        1.32890551146E+04
7.47600E+00        1.32702562910E+04
7.48200E+00        1.32514969715E+04
7.48800E+00        1.32327770467E+04
7.49400E+00        1.32140964076E+04
7.50000E+00        1.31954549455E+04
7.50600E+00        1.31768525521E+04
7.51200E+00        1.31582891195E+04
7.51800E+00        1.31397645400E+04
7.52400E+00        1.31212787065E+04
7.53000E+00        1.31028315121E+04
7.53600E+00        1.30844228504E+04
7.54200E+00        1.30660526151E+04
7.54800E+00        1.30477207006E+04
7.55400E+00        1.30294270015E+04
7.56000E+00        1.30111714127E+04
7.56600E+00        1.29929538295E+04
7.57200E+00        1.29747741475E+04
7.57800E+00        1.29566322630E+04
7.58400E+00        1.29385280720E+04
7.59000E+00        1.29204614716E+04
7.59600E+00        1.29024323586E+04
7.60200E+00        1.28844406305E+04
7.60800E+00        1.28664861850E+04
7.61400E+00        1.28485689204E+04
7.62000E+00        1.28306887350E+04
7.62600E+00        1.28128455276E+04
7.63200E+00        1.27950391974E+04
7.63800E+00        1.27772696439E+04
7.64400E+00        1.27595367668E+04
7.65000E+00        1.27418404664E+04
7.65600E+00        1.27241806430E+04
7.66200E+00        1.27065571976E+04
7.66800E+00        1.26889700313E+04
7.67400E+00        1.26714190455E+04
7.68000E+00        1.26539041422E+04
7.68600E+00        1.26364252234E+04
7.69200E+00        1.26189821915E+04
7.69800E+00        1.26015749495E+04
7.70400E+00        1.25842034004E+04
7.71000E+00        1.25668674477E+04
7.71600E+00        1.25495669951E+04
7.72200E+00        1.25323019468E+04
7.72800E+00        1.25150722071E+04
7.73400E+00        1.24978776808E+04
7.74000E+00        1.24807182729E+04
7.74600E+00        1.24635938888E+04
7.75200E+00        1.24465044342E+04
7.75800E+00        1.24294498150E+04
7.76400E+00        1.24124299376E+04
7.77000E+00        1.23954447085E+04
7.77600E+00        1.23784940348E+04
7.78200E+00        1.23615778236E+04
7.78800E+00        1.23446959824E+04
7.79400E+00        1.23278484192E+04
7.80000E+00        1.23110350420E+04
7.80600E+00        1.22942557594E+04
7.81200E+00        1.22775104800E+04
7.81800E+00        1.22607991130E+04
7.82400E+00        1.22441215677E+04
7.83000E+00        1.22274777538E+04
7.83600E+00        1.22108675812E+04
7.84200E+00        1.21942909601E+04
7.84800E+00        1.21777478012E+04
7.85400E+00        1.21612380153E+04
7.86000E+00        1.21447615135E+04
7.86600E+00        1.21283182072E+04
7.87200E+00        1.21119080081E+04
7.87800E+00        1.20955308284E+04
7.88400E+00        1.20791865802E+04
7.89000E+00        1.20628751762E+04
7.89600E+00        1.20465965292E+04
7.90200E+00        1.20303505524E+04
7.90800E+00        1.20141371593E+04
7.91400E+00        1.19979562635E+04
7.92000E+00        1.19818077791E+04
7.92600E+00        1.19656916204E+04
7.93200E+00        1.19496077019E+04
7.93800E+00        1.19335559385E+04
7.94400E+00        1.19175362453E+04
7.95000E+00        1.19015485377E+04
7.95600E+00        1.18855927315E+04
7.96200E+00        1.18696687425E+04
7.96800E+00        1.18537764870E+04
7.97400E+00        1.18379158814E+04
7.98000E+00        1.18220868427E+04
7.98600E+00        1.18062892877E+04
7.99200E+00        1.17905231338E+04
7.99800E+00        1.17747882987E+04
8.00400E+00        1.17590847000E+04
8.01000E+00        1.17434122561E+04
8.01600E+00        1.17277708852E+04
8.02200E+00        1.17121605059E+04
8.02800E+00        1.16965810373E+04
8.03400E+00        1.16810323984E+04
8.04000E+00        1.16655145086E+04
8.04600E+00        1.16500272878E+04
8.05200E+00        1.16345706558E+04
8.05800E+00        1.16191445328E+04
8.06400E+00        1.16037488394E+04
8.07000E+00        1.15883834961E+04
8.07600E+00        1.15730484241E+04
8.08200E+00        1.15577435445E+04
8.08800E+00        1.15424687788E+04
8.09400E+00        1.15272240488E+04
8.10000E+00        1.15120092764E+04
8.10600E+00        1.14968243839E+04
8.11200E+00        1.14816692937E+04
8.11800E+00        1.14665439287E+04
8.12400E+00        1.14514482118E+04
8.13000E+00        1.14363820662E+04
8.13600E+00        1.14213454154E+04
8.14200E+00        1.14063381831E+04
8.14800E+00        1.13913602933E+04
8.15400E+00        1.13764116702E+04
8.16000E+00        1.13614922383E+04
8.16600E+00        1.13466019222E+04
8.17200E+00        1.13317406469E+04
8.17800E+00        1.13169083376E+04
