output/Noodles_2021-02-26/SED_08.dat
# %ECSV 0.9
# ---
# datatype:
# - {name: wavelength, unit: micron, datatype: float64}
# - {name: flux, unit: microJansky, datatype: float64}
# schema: astropy-2.0
#
#
#  - - File generated by ExoNoodle - -
#         V1.0.0 - MML (CEA-Saclay)
#       2021-02-26 14:01:48.325215
wavelength flux 
3.00000E+00        5.71205894494E+04
3.00600E+00        5.69662294629E+04
3.01200E+00        5.68124273298E+04
3.01800E+00        5.66591809565E+04
3.02400E+00        5.65064882522E+04
3.03000E+00        5.63543471289E+04
3.03600E+00        5.62027555012E+04
3.04200E+00        5.60517112867E+04
3.04800E+00        5.59012124063E+04
3.05400E+00        5.57512567839E+04
3.06000E+00        5.56018423467E+04
3.06600E+00        5.54529670254E+04
3.07200E+00        5.53046287543E+04
3.07800E+00        5.51568254712E+04
3.08400E+00        5.50095551176E+04
3.09000E+00        5.48628156391E+04
3.09600E+00        5.47166049851E+04
3.10200E+00        5.45709211090E+04
3.10800E+00        5.44257619683E+04
3.11400E+00        5.42811255248E+04
3.12000E+00        5.41370097447E+04
3.12600E+00        5.39934125984E+04
3.13200E+00        5.38503320608E+04
3.13800E+00        5.37077661115E+04
3.14400E+00        5.35657127346E+04
3.15000E+00        5.34241699191E+04
3.15600E+00        5.32831356584E+04
3.16200E+00        5.31426079510E+04
3.16800E+00        5.30025848005E+04
3.17400E+00        5.28630642151E+04
3.18000E+00        5.27240442084E+04
3.18600E+00        5.25855227988E+04
3.19200E+00        5.24474980101E+04
3.19800E+00        5.23099678712E+04
3.20400E+00        5.21729304164E+04
3.21000E+00        5.20363836853E+04
3.21600E+00        5.19003257228E+04
3.22200E+00        5.17647545794E+04
3.22800E+00        5.16296683111E+04
3.23400E+00        5.14950649793E+04
3.24000E+00        5.13609426510E+04
3.24600E+00        5.12272993990E+04
3.25200E+00        5.10941333017E+04
3.25800E+00        5.09614424432E+04
3.26400E+00        5.08292249133E+04
3.27000E+00        5.06974788077E+04
3.27600E+00        5.05662022279E+04
3.28200E+00        5.04353932813E+04
3.28800E+00        5.03050500811E+04
3.29400E+00        5.01751707466E+04
3.30000E+00        5.00457534030E+04
3.30600E+00        4.99167961814E+04
3.31200E+00        4.97882972190E+04
3.31800E+00        4.96602546591E+04
3.32400E+00        4.95326666512E+04
3.33000E+00        4.94055313505E+04
3.33600E+00        4.92788469187E+04
3.34200E+00        4.91526115235E+04
3.34800E+00        4.90268233389E+04
3.35400E+00        4.89014805450E+04
3.36000E+00        4.87765813280E+04
3.36600E+00        4.86521238806E+04
3.37200E+00        4.85281064016E+04
3.37800E+00        4.84045270959E+04
3.38400E+00        4.82813841751E+04
3.39000E+00        4.81586758567E+04
3.39600E+00        4.80364003646E+04
3.40200E+00        4.79145559293E+04
3.40800E+00        4.77931407872E+04
3.41400E+00        4.76721531815E+04
3.42000E+00        4.75515913613E+04
3.42600E+00        4.74314535823E+04
3.43200E+00        4.73117381067E+04
3.43800E+00        4.71924432029E+04
3.44400E+00        4.70735671456E+04
3.45000E+00        4.69551082161E+04
3.45600E+00        4.68370647020E+04
3.46200E+00        4.67194348973E+04
3.46800E+00        4.66022171025E+04
3.47400E+00        4.64854096242E+04
3.48000E+00        4.63690107759E+04
3.48600E+00        4.62530188771E+04
3.49200E+00        4.61374322538E+04
3.49800E+00        4.60222492386E+04
3.50400E+00        4.59074681703E+04
3.51000E+00        4.57930873943E+04
3.51600E+00        4.56791052622E+04
3.52200E+00        4.55655201321E+04
3.52800E+00        4.54523303686E+04
3.53400E+00        4.53395343425E+04
3.54000E+00        4.52271304313E+04
3.54600E+00        4.51151170186E+04
3.55200E+00        4.50034924945E+04
3.55800E+00        4.48922552555E+04
3.56400E+00        4.47814037045E+04
3.57000E+00        4.46709362507E+04
3.57600E+00        4.45608513097E+04
3.58200E+00        4.44511473036E+04
3.58800E+00        4.43418226605E+04
3.59400E+00        4.42328758151E+04
3.60000E+00        4.41243052085E+04
3.60600E+00        4.40161092880E+04
3.61200E+00        4.39082865072E+04
3.61800E+00        4.38008353261E+04
3.62400E+00        4.36937542108E+04
3.63000E+00        4.35870416339E+04
3.63600E+00        4.34806960742E+04
3.64200E+00        4.33747160169E+04
3.64800E+00        4.32690999531E+04
3.65400E+00        4.31638463805E+04
3.66000E+00        4.30589538028E+04
3.66600E+00        4.29544207301E+04
3.67200E+00        4.28502456786E+04
3.67800E+00        4.27464271706E+04
3.68400E+00        4.26429637349E+04
3.69000E+00        4.25398539060E+04
3.69600E+00        4.24370962250E+04
3.70200E+00        4.23346892388E+04
3.70800E+00        4.22326315007E+04
3.71400E+00        4.21309215698E+04
3.72000E+00        4.20295580117E+04
3.72600E+00        4.19285393976E+04
3.73200E+00        4.18278643051E+04
3.73800E+00        4.17275313178E+04
3.74400E+00        4.16275390252E+04
3.75000E+00        4.15278860230E+04
3.75600E+00        4.14285709128E+04
3.76200E+00        4.13295923021E+04
3.76800E+00        4.12309488045E+04
3.77400E+00        4.11326390395E+04
3.78000E+00        4.10346616326E+04
3.78600E+00        4.09370152151E+04
3.79200E+00        4.08396984243E+04
3.79800E+00        4.07427099033E+04
3.80400E+00        4.06460483011E+04
3.81000E+00        4.05497122726E+04
3.81600E+00        4.04537004784E+04
3.82200E+00        4.03580115852E+04
3.82800E+00        4.02626442651E+04
3.83400E+00        4.01675971962E+04
3.84000E+00        4.00728690623E+04
3.84600E+00        3.99784585531E+04
3.85200E+00        3.98843643638E+04
3.85800E+00        3.97905851954E+04
3.86400E+00        3.96971197545E+04
3.87000E+00        3.96039667536E+04
3.87600E+00        3.95111249105E+04
3.88200E+00        3.94185929489E+04
3.88800E+00        3.93263695981E+04
3.89400E+00        3.92344535928E+04
3.90000E+00        3.91428436733E+04
3.90600E+00        3.90515385857E+04
3.91200E+00        3.89605370814E+04
3.91800E+00        3.88698379174E+04
3.92400E+00        3.87794398560E+04
3.93000E+00        3.86893416653E+04
3.93600E+00        3.85995421186E+04
3.94200E+00        3.85100399948E+04
3.94800E+00        3.84208340781E+04
3.95400E+00        3.83319231580E+04
3.96000E+00        3.82433060297E+04
3.96600E+00        3.81549814934E+04
3.97200E+00        3.80669483549E+04
3.97800E+00        3.79792054251E+04
3.98400E+00        3.78917515203E+04
3.99000E+00        3.78045854621E+04
3.99600E+00        3.77177060773E+04
4.00200E+00        3.76311121980E+04
4.00800E+00        3.75448026614E+04
4.01400E+00        3.74587763100E+04
4.02000E+00        3.73730319914E+04
4.02600E+00        3.72875685584E+04
4.03200E+00        3.72023848689E+04
4.03800E+00        3.71174797860E+04
4.04400E+00        3.70328521777E+04
4.05000E+00        3.69485009173E+04
4.05600E+00        3.68644248830E+04
4.06200E+00        3.67806229580E+04
4.06800E+00        3.66970940308E+04
4.07400E+00        3.66138369945E+04
4.08000E+00        3.65308507473E+04
4.08600E+00        3.64481341926E+04
4.09200E+00        3.63656862384E+04
4.09800E+00        3.62835057978E+04
4.10400E+00        3.62015917886E+04
4.11000E+00        3.61199431338E+04
4.11600E+00        3.60385587609E+04
4.12200E+00        3.59574376024E+04
4.12800E+00        3.58765785957E+04
4.13400E+00        3.57959806827E+04
4.14000E+00        3.57156428104E+04
4.14600E+00        3.56355639303E+04
4.15200E+00        3.55557429987E+04
4.15800E+00        3.54761789768E+04
4.16400E+00        3.53968708302E+04
4.17000E+00        3.53178175293E+04
4.17600E+00        3.52390180492E+04
4.18200E+00        3.51604713694E+04
4.18800E+00        3.50821764744E+04
4.19400E+00        3.50041323530E+04
4.20000E+00        3.49263379986E+04
4.20600E+00        3.48487924092E+04
4.21200E+00        3.47714945873E+04
4.21800E+00        3.46944435400E+04
4.22400E+00        3.46176382788E+04
4.23000E+00        3.45410778196E+04
4.23600E+00        3.44647611829E+04
4.24200E+00        3.43886873937E+04
4.24800E+00        3.43128554811E+04
4.25400E+00        3.42372644789E+04
4.26000E+00        3.41619134251E+04
4.26600E+00        3.40868013621E+04
4.27200E+00        3.40119273367E+04
4.27800E+00        3.39372903999E+04
4.28400E+00        3.38628896072E+04
4.29000E+00        3.37887240180E+04
4.29600E+00        3.37147926964E+04
4.30200E+00        3.36410947104E+04
4.30800E+00        3.35676291324E+04
4.31400E+00        3.34943950390E+04
4.32000E+00        3.34213915108E+04
4.32600E+00        3.33486176329E+04
4.33200E+00        3.32760724941E+04
4.33800E+00        3.32037551878E+04
4.34400E+00        3.31316648111E+04
4.35000E+00        3.30598004655E+04
4.35600E+00        3.29881612563E+04
4.36200E+00        3.29167462931E+04
4.36800E+00        3.28455546894E+04
4.37400E+00        3.27745855626E+04
4.38000E+00        3.27038380344E+04
4.38600E+00        3.26333112302E+04
4.39200E+00        3.25630042795E+04
4.39800E+00        3.24929163157E+04
4.40400E+00        3.24230464761E+04
4.41000E+00        3.23533939019E+04
4.41600E+00        3.22839577384E+04
4.42200E+00        3.22147371343E+04
4.42800E+00        3.21457312427E+04
4.43400E+00        3.20769392201E+04
4.44000E+00        3.20083602271E+04
4.44600E+00        3.19399934279E+04
4.45200E+00        3.18718379906E+04
4.45800E+00        3.18038930871E+04
4.46400E+00        3.17361578928E+04
4.47000E+00        3.16686315871E+04
4.47600E+00        3.16013133529E+04
4.48200E+00        3.15342023771E+04
4.48800E+00        3.14672978499E+04
4.49400E+00        3.14005989654E+04
4.50000E+00        3.13341049213E+04
4.50600E+00        3.12678149188E+04
4.51200E+00        3.12017281629E+04
4.51800E+00        3.11358438621E+04
4.52400E+00        3.10701612283E+04
4.53000E+00        3.10046794773E+04
4.53600E+00        3.09393978282E+04
4.54200E+00        3.08743155036E+04
4.54800E+00        3.08094317298E+04
4.55400E+00        3.07447457364E+04
4.56000E+00        3.06802567567E+04
4.56600E+00        3.06159640270E+04
4.57200E+00        3.05518667877E+04
4.57800E+00        3.04879642820E+04
4.58400E+00        3.04242557568E+04
4.59000E+00        3.03607404626E+04
4.59600E+00        3.02974176527E+04
4.60200E+00        3.02342865844E+04
4.60800E+00        3.01713465178E+04
4.61400E+00        3.01085967168E+04
4.62000E+00        3.00460364481E+04
4.62600E+00        2.99836649823E+04
4.63200E+00        2.99214815926E+04
4.63800E+00        2.98594855561E+04
4.64400E+00        2.97976761528E+04
4.65000E+00        2.97360526659E+04
4.65600E+00        2.96746143820E+04
4.66200E+00        2.96133605907E+04
4.66800E+00        2.95522905851E+04
4.67400E+00        2.94914036611E+04
4.68000E+00        2.94306991180E+04
4.68600E+00        2.93701762582E+04
4.69200E+00        2.93098343871E+04
4.69800E+00        2.92496728134E+04
4.70400E+00        2.91896908487E+04
4.71000E+00        2.91298878079E+04
4.71600E+00        2.90702630088E+04
4.72200E+00        2.90108157723E+04
4.72800E+00        2.89515454223E+04
4.73400E+00        2.88924512857E+04
4.74000E+00        2.88335326927E+04
4.74600E+00        2.87747889760E+04
4.75200E+00        2.87162194717E+04
4.75800E+00        2.86578235186E+04
4.76400E+00        2.85996004586E+04
4.77000E+00        2.85415496365E+04
4.77600E+00        2.84836703999E+04
4.78200E+00        2.84259620996E+04
4.78800E+00        2.83684240890E+04
4.79400E+00        2.83110557244E+04
4.80000E+00        2.82538563652E+04
4.80600E+00        2.81968253734E+04
4.81200E+00        2.81399621140E+04
4.81800E+00        2.80832659548E+04
4.82400E+00        2.80267362663E+04
4.83000E+00        2.79703724218E+04
4.83600E+00        2.79141737976E+04
4.84200E+00        2.78581397726E+04
4.84800E+00        2.78022697284E+04
4.85400E+00        2.77465630495E+04
4.86000E+00        2.76910191230E+04
4.86600E+00        2.76356373388E+04
4.87200E+00        2.75804170895E+04
4.87800E+00        2.75253577702E+04
4.88400E+00        2.74704587791E+04
4.89000E+00        2.74157195166E+04
4.89600E+00        2.73611393860E+04
4.90200E+00        2.73067177932E+04
4.90800E+00        2.72524541467E+04
4.91400E+00        2.71983478577E+04
4.92000E+00        2.71443983398E+04
4.92600E+00        2.70906050095E+04
4.93200E+00        2.70369672855E+04
4.93800E+00        2.69834845894E+04
4.94400E+00        2.69301563451E+04
4.95000E+00        2.68769819792E+04
4.95600E+00        2.68239609208E+04
4.96200E+00        2.67710926014E+04
4.96800E+00        2.67183764551E+04
4.97400E+00        2.66658119185E+04
4.98000E+00        2.66133984307E+04
4.98600E+00        2.65611354330E+04
4.99200E+00        2.65090223696E+04
4.99800E+00        2.64570586868E+04
5.00400E+00        2.64052438334E+04
5.01000E+00        2.63535772607E+04
5.01600E+00        2.63020584223E+04
5.02200E+00        2.62506867743E+04
5.02800E+00        2.61994617751E+04
5.03400E+00        2.61483828856E+04
5.04000E+00        2.60974495688E+04
5.04600E+00        2.60466612903E+04
5.05200E+00        2.59960175179E+04
5.05800E+00        2.59455177217E+04
5.06400E+00        2.58951613744E+04
5.07000E+00        2.58449479506E+04
5.07600E+00        2.57948769274E+04
5.08200E+00        2.57449477842E+04
5.08800E+00        2.56951600026E+04
5.09400E+00        2.56455130664E+04
5.10000E+00        2.55960064619E+04
5.10600E+00        2.55466396773E+04
5.11200E+00        2.54974122033E+04
5.11800E+00        2.54483235326E+04
5.12400E+00        2.53993731603E+04
5.13000E+00        2.53505605835E+04
5.13600E+00        2.53018853016E+04
5.14200E+00        2.52533468162E+04
5.14800E+00        2.52049446311E+04
5.15400E+00        2.51566782519E+04
5.16000E+00        2.51085471869E+04
5.16600E+00        2.50605509460E+04
5.17200E+00        2.50126890416E+04
5.17800E+00        2.49649609879E+04
5.18400E+00        2.49173663016E+04
5.19000E+00        2.48699045010E+04
5.19600E+00        2.48225751069E+04
5.20200E+00        2.47753776420E+04
5.20800E+00        2.47283116309E+04
5.21400E+00        2.46813766005E+04
5.22000E+00        2.46345720797E+04
5.22600E+00        2.45878975993E+04
5.23200E+00        2.45413526921E+04
5.23800E+00        2.44949368932E+04
5.24400E+00        2.44486497394E+04
5.25000E+00        2.44024907696E+04
5.25600E+00        2.43564595246E+04
5.26200E+00        2.43105555473E+04
5.26800E+00        2.42647783826E+04
5.27400E+00        2.42191275771E+04
5.28000E+00        2.41736026795E+04
5.28600E+00        2.41282032405E+04
5.29200E+00        2.40829288126E+04
5.29800E+00        2.40377789504E+04
5.30400E+00        2.39927532101E+04
5.31000E+00        2.39478511500E+04
5.31600E+00        2.39030723303E+04
5.32200E+00        2.38584163130E+04
5.32800E+00        2.38138826621E+04
5.33400E+00        2.37694709432E+04
5.34000E+00        2.37251807240E+04
5.34600E+00        2.36810115739E+04
5.35200E+00        2.36369630643E+04
5.35800E+00        2.35930347682E+04
5.36400E+00        2.35492262606E+04
5.37000E+00        2.35055371181E+04
5.37600E+00        2.34619669193E+04
5.38200E+00        2.34185152446E+04
5.38800E+00        2.33751816760E+04
5.39400E+00        2.33319657974E+04
5.40000E+00        2.32888671944E+04
5.40600E+00        2.32458854544E+04
5.41200E+00        2.32030201666E+04
5.41800E+00        2.31602709218E+04
5.42400E+00        2.31176373126E+04
5.43000E+00        2.30751189334E+04
5.43600E+00        2.30327153802E+04
5.44200E+00        2.29904262507E+04
5.44800E+00        2.29482511443E+04
5.45400E+00        2.29061896623E+04
5.46000E+00        2.28642414073E+04
5.46600E+00        2.28224059839E+04
5.47200E+00        2.27806829983E+04
5.47800E+00        2.27390720582E+04
5.48400E+00        2.26975727731E+04
5.49000E+00        2.26561847540E+04
5.49600E+00        2.26149076138E+04
5.50200E+00        2.25737409667E+04
5.50800E+00        2.25326844287E+04
5.51400E+00        2.24917376174E+04
5.52000E+00        2.24509001520E+04
5.52600E+00        2.24101716532E+04
5.53200E+00        2.23695517434E+04
5.53800E+00        2.23290400466E+04
5.54400E+00        2.22886361882E+04
5.55000E+00        2.22483397954E+04
5.55600E+00        2.22081504967E+04
5.56200E+00        2.21680679224E+04
5.56800E+00        2.21280917041E+04
5.57400E+00        2.20882214751E+04
5.58000E+00        2.20484568703E+04
5.58600E+00        2.20087975259E+04
