output/Noodles_2021-02-26/SED_11.dat
# %ECSV 0.9
# ---
# datatype:
# - {name: wavelength, unit: micron, datatype: float64}
# - {name: flux, unit: microJansky, datatype: float64}
# schema: astropy-2.0
#
#
#  - - File generated by ExoNoodle - -
#         V1.0.0 - MML (CEA-Saclay)
#       2021-02-26 14:01:48.325215
wavelength flux 
[from data line 433]
5.59800E+00        2.18838691093E+04
5.60400E+00        2.18445886751E+04
5.61000E+00        2.18054119608E+04
5.61600E+00        2.17663386100E+04
5.62200E+00        2.17273682682E+04
5.62800E+00        2.16885005821E+04
5.63400E+00        2.16497351999E+04
5.64000E+00        2.16110717713E+04
5.64600E+00        2.15725099474E+04
5.65200E+00        2.15340493809E+04
5.65800E+00        2.14956897257E+04
5.66400E+00        2.14574306373E+04
5.67000E+00        2.14192717725E+04
5.67600E+00        2.13812127897E+04
5.68200E+00        2.13432533486E+04
5.68800E+00        2.13053931102E+04
5.69400E+00        2.12676317371E+04
5.70000E+00        2.12299688931E+04
5.70600E+00        2.11924042435E+04
5.71200E+00        2.11549374550E+04
5.71800E+00        2.11175681956E+04
5.72400E+00        2.10802961347E+04
5.73000E+00        2.10431209431E+04
5.73600E+00        2.10060422927E+04
5.74200E+00        2.09690598571E+04
5.74800E+00        2.09321733111E+04
5.75400E+00        2.08953823307E+04
5.76000E+00        2.08586865934E+04
5.76600E+00        2.08220857779E+04
5.77200E+00        2.07855795644E+04
5.77800E+00        2.07491676342E+04
5.78400E+00        2.07128496699E+04
5.79000E+00        2.06766253557E+04
5.79600E+00        2.06404943766E+04
5.80200E+00        2.06044564193E+04
5.80800E+00        2.05685111716E+04
5.81400E+00        2.05326583226E+04
5.82000E+00        2.04968975626E+04
5.82600E+00        2.04612285833E+04
5.83200E+00        2.04256510775E+04
5.83800E+00        2.03901647394E+04
5.84400E+00        2.03547692643E+04
5.85000E+00        2.03194643489E+04
5.85600E+00        2.02842496909E+04
5.86200E+00        2.02491249893E+04
5.86800E+00        2.02140899446E+04
5.87400E+00        2.01791442581E+04
5.88000E+00        2.01442876326E+04
5.88600E+00        2.01095197719E+04
5.89200E+00        2.00748403811E+04
5.89800E+00        2.00402491666E+04
5.90400E+00        2.00057458357E+04
5.91000E+00        1.99713300971E+04
5.91600E+00        1.99370016606E+04
5.92200E+00        1.99027602373E+04
5.92800E+00        1.98686055392E+04
5.93400E+00        1.98345372797E+04
5.94000E+00        1.98005551732E+04
5.94600E+00        1.97666589353E+04
5.95200E+00        1.97328482828E+04
5.95800E+00        1.96991229336E+04
5.96400E+00        1.96654826067E+04
5.97000E+00        1.96319270221E+04
5.97600E+00        1.95984559012E+04
5.98200E+00        1.95650689664E+04
5.98800E+00        1.95317659411E+04
5.99400E+00        1.94985465499E+04
6.00000E+00        1.94654105185E+04
6.00600E+00        1.94323575737E+04
6.01200E+00        1.93993874434E+04
6.01800E+00        1.93664998565E+04
6.02400E+00        1.93336945431E+04
6.03000E+00        1.93009712342E+04
6.03600E+00        1.92683296622E+04
6.04200E+00        1.92357695601E+04
6.04800E+00        1.92032906623E+04
6.05400E+00        1.91708927043E+04
6.06000E+00        1.91385754223E+04
6.06600E+00        1.91063385539E+04
6.07200E+00        1.90741818375E+04
6.07800E+00        1.90421050128E+04
6.08400E+00        1.90101078202E+04
6.09000E+00        1.89781900013E+04
6.09600E+00        1.89463512989E+04
6.10200E+00        1.89145914564E+04
6.10800E+00        1.88829102185E+04
6.11400E+00        1.88513073310E+04
6.12000E+00        1.88197825404E+04
6.12600E+00        1.87883355944E+04
6.13200E+00        1.87569662417E+04
6.13800E+00        1.87256742319E+04
6.14400E+00        1.86944593155E+04
6.15000E+00        1.86633212443E+04
6.15600E+00        1.86322597708E+04
6.16200E+00        1.86012746485E+04
6.16800E+00        1.85703656320E+04
6.17400E+00        1.85395324767E+04
6.18000E+00        1.85087749391E+04
6.18600E+00        1.84780927765E+04
6.19200E+00        1.84474857474E+04
6.19800E+00        1.84169536109E+04
6.20400E+00        1.83864961274E+04
6.21000E+00        1.83561130579E+04
6.21600E+00        1.83258041646E+04
6.22200E+00        1.82955692105E+04
6.22800E+00        1.82654079596E+04
6.23400E+00        1.82353201767E+04
6.24000E+00        1.82053056276E+04
6.24600E+00        1.81753640790E+04
6.25200E+00        1.81454952985E+04
6.25800E+00        1.81156990545E+04
6.26400E+00        1.80859751166E+04
6.27000E+00        1.80563232550E+04
6.27600E+00        1.80267432409E+04
6.28200E+00        1.79972348464E+04
6.28800E+00        1.79677978444E+04
6.29400E+00        1.79384320088E+04
6.30000E+00        1.79091371143E+04
6.30600E+00        1.78799129365E+04
6.31200E+00        1.78507592518E+04
6.31800E+00        1.78216758376E+04
6.32400E+00        1.77926624719E+04
6.33000E+00        1.77637189340E+04
6.33600E+00        1.77348450036E+04
6.34200E+00        1.77060404614E+04
6.34800E+00        1.76773050891E+04
6.35400E+00        1.76486386691E+04
6.36000E+00        1.76200409846E+04
6.36600E+00        1.75915118197E+04
6.37200E+00        1.75630509593E+04
6.37800E+00        1.75346581892E+04
6.38400E+00        1.75063332959E+04
6.39000E+00        1.74780760668E+04
6.39600E+00        1.74498862901E+04
6.40200E+00        1.74217637547E+04
6.40800E+00        1.73937082506E+04
6.41400E+00        1.73657195684E+04
6.42000E+00        1.73377974993E+04
6.42600E+00        1.73099418358E+04
6.43200E+00        1.72821523706E+04
6.43800E+00        1.72544288978E+04
6.44400E+00        1.72267712117E+04
6.45000E+00        1.71991791079E+04
6.45600E+00        1.71716523824E+04
6.46200E+00        1.71441908321E+04
6.46800E+00        1.71167942548E+04
6.47400E+00        1.70894624489E+04
6.48000E+00        1.70621952136E+04
6.48600E+00        1.70349923489E+04
6.49200E+00        1.70078536555E+04
6.49800E+00        1.69807789350E+04
6.50400E+00        1.69537679896E+04
6.51000E+00        1.69268206222E+04
6.51600E+00        1.68999366367E+04
6.52200E+00        1.68731158375E+04
6.52800E+00        1.68463580298E+04
6.53400E+00        1.68196630196E+04
6.54000E+00        1.67930306136E+04
6.54600E+00        1.67664606192E+04
6.55200E+00        1.67399528445E+04
6.55800E+00        1.67135070985E+04
6.56400E+00        1.66871231906E+04
6.57000E+00        1.66608009312E+04
6.57600E+00        1.66345401313E+04
6.58200E+00        1.66083406027E+04
6.58800E+00        1.65822021576E+04
6.59400E+00        1.65561246094E+04
6.60000E+00        1.65301077718E+04
6.60600E+00        1.65041514594E+04
6.61200E+00        1.64782554873E+04
6.61800E+00        1.64524196716E+04
6.62400E+00        1.64266438287E+04
6.63000E+00        1.64009277760E+04
6.63600E+00        1.63752713315E+04
6.64200E+00        1.63496743138E+04
6.64800E+00        1.63241365422E+04
6.65400E+00        1.62986578368E+04
6.66000E+00        1.62732380182E+04
6.66600E+00        1.62478769078E+04
6.67200E+00        1.62225743275E+04
6.67800E+00        1.61973301000E+04
6.68400E+00        1.61721440487E+04
6.69000E+00        1.61470159975E+04
6.69600E+00        1.61219457710E+04
6.70200E+00        1.60969331946E+04
6.70800E+00        1.60719780942E+04
6.71400E+00        1.60470802963E+04
6.72000E+00        1.60222396281E+04
6.72600E+00        1.59974559176E+04
6.73200E+00        1.59727289932E+04
6.73800E+00        1.59480586840E+04
6.74400E+00        1.59234448199E+04
6.75000E+00        1.58988872311E+04
6.75600E+00        1.58743857486E+04
6.76200E+00        1.58499402042E+04
6.76800E+00        1.58255504301E+04
6.77400E+00        1.58012162591E+04
6.78000E+00        1.57769375247E+04
6.78600E+00        1.57527140611E+04
6.79200E+00        1.57285457028E+04
6.79800E+00        1.57044322853E+04
6.80400E+00        1.56803736445E+04
6.81000E+00        1.56563696168E+04
6.81600E+00        1.56324200394E+04
6.82200E+00        1.56085247500E+04
6.82800E+00        1.55846835870E+04
6.83400E+00        1.55608963891E+04
6.84000E+00        1.55371629959E+04
6.84600E+00        1.55134832474E+04
6.85200E+00        1.54898569844E+04
6.85800E+00        1.54662840481E+04
6.86400E+00        1.54427642802E+04
6.87000E+00        1.54192975232E+04
6.87600E+00        1.53958836200E+04
6.88200E+00        1.53725224141E+04
6.88800E+00        1.53492137498E+04
6.89400E+00        1.53259574716E+04
6.90000E+00        1.53027534247E+04
6.90600E+00        1.52796014551E+04
6.91200E+00        1.52565014090E+04
6.91800E+00        1.52334531333E+04
6.92400E+00        1.52104564755E+04
6.93000E+00        1.51875112837E+04
6.93600E+00        1.51646174064E+04
6.94200E+00        1.51417746927E+04
6.94800E+00        1.51189829924E+04
6.95400E+00        1.50962421555E+04
6.96000E+00        1.50735520328E+04
6.96600E+00        1.50509124757E+04
6.97200E+00        1.50283233359E+04
6.97800E+00        1.50057844658E+04
6.98400E+00        1.49832957184E+04
6.99000E+00        1.49608569469E+04
6.99600E+00        1.49384680053E+04
7.00200E+00        1.49161287482E+04
7.00800E+00        1.48938390304E+04
7.01400E+00        1.48715987076E+04
7.02000E+00        1.48494076357E+04
7.02600E+00        1.48272656712E+04
7.03200E+00        1.48051726713E+04
7.03800E+00        1.47831284935E+04
7.04400E+00        1.47611329958E+04
7.05000E+00        1.47391860370E+04
7.05600E+00        1.47172874759E+04
7.06200E+00        1.46954371723E+04
7.06800E+00        1.46736349863E+04
7.07400E+00        1.46518807783E+04
7.08000E+00        1.46301744096E+04
7.08600E+00        1.46085157417E+04
7.09200E+00        1.45869046367E+04
7.09800E+00        1.45653409571E+04
7.10400E+00        1.45438245660E+04
7.11000E+00        1.45223553269E+04
7.11600E+00        1.45009331039E+04
7.12200E+00        1.44795577615E+04
7.12800E+00        1.44582291646E+04
7.13400E+00        1.44369471788E+04
7.14000E+00        1.44157116700E+04
7.14600E+00        1.43945225045E+04
7.15200E+00        1.43733795493E+04
7.15800E+00        1.43522826718E+04
7.16400E+00        1.43312317397E+04
7.17000E+00        1.43102266214E+04
7.17600E+00        1.42892671856E+04
7.18200E+00        1.42683533016E+04
7.18800E+00        1.42474848390E+04
7.19400E+00        1.42266616680E+04
7.20000E+00        1.42058836591E+04
7.20600E+00        1.41851506835E+04
7.21200E+00        1.41644626126E+04
7.21800E+00        1.41438193184E+04
7.22400E+00        1.41232206733E+04
7.23000E+00        1.41026665502E+04
7.23600E+00        1.40821568223E+04
7.24200E+00        1.40616913634E+04
7.24800E+00        1.40412700477E+04
7.25400E+00        1.40208927498E+04
7.26000E+00        1.40005593449E+04
7.26600E+00        1.39802697083E+04
7.27200E+00        1.39600237160E+04
7.27800E+00        1.39398212444E+04
7.28400E+00        1.39196621703E+04
7.29000E+00        1.38995463709E+04
7.29600E+00        1.38794737239E+04
7.30200E+00        1.38594441074E+04
7.30800E+00        1.38394573999E+04
7.31400E+00        1.38195134803E+04
7.32000E+00        1.37996122279E+04
7.32600E+00        1.37797535225E+04
7.33200E+00        1.37599372444E+04
7.33800E+00        1.37401632741E+04
7.34400E+00        1.37204314926E+04
7.35000E+00        1.37007417814E+04
7.35600E+00        1.36810940224E+04
7.36200E+00        1.36614880976E+04
7.36800E+00        1.36419238899E+04
7.37400E+00        1.36224012823E+04
7.38000E+00        1.36029201582E+04
7.38600E+00        1.35834804015E+04
7.39200E+00        1.35640818965E+04
7.39800E+00        1.35447245278E+04
7.40400E+00        1.35254081805E+04
7.41000E+00        1.35061327401E+04
7.41600E+00        1.34868980925E+04
7.42200E+00        1.34677041238E+04
7.42800E+00        1.34485507207E+04
7.43400E+00        1.34294377702E+04
7.44000E+00        1.34103651598E+04
7.44600E+00        1.33913327772E+04
7.45200E+00        1.33723405107E+04
7.45800E+00        1.33533882488E+04
7.46400E+00        1.33344758804E+04
7.47000E+00        1.33156032950E+04
7.47600E+00        1.32967703821E+04
7.48200E+00        1.32779770319E+04
7.48800E+00        1.32592231348E+04
7.49400E+00        1.32405085817E+04
7.50000E+00        1.32218332638E+04
7.50600E+00        1.32031970727E+04
7.51200E+00        1.31845999002E+04
7.51800E+00        1.31660416388E+04
7.52400E+00        1.31475221811E+04
7.53000E+00        1.31290414202E+04
7.53600E+00        1.31105992494E+04
7.54200E+00        1.30921955625E+04
7.54800E+00        1.30738302537E+04
7.55400E+00        1.30555032175E+04
7.56000E+00        1.30372143487E+04
7.56600E+00        1.30189635425E+04
7.57200E+00        1.30007506944E+04
7.57800E+00        1.29825757005E+04
7.58400E+00        1.29644384569E+04
7.59000E+00        1.29463388603E+04
7.59600E+00        1.29282768076E+04
7.60200E+00        1.29102521962E+04
7.60800E+00        1.28922649237E+04
7.61400E+00        1.28743148881E+04
7.62000E+00        1.28564019878E+04
7.62600E+00        1.28385261214E+04
7.63200E+00        1.28206871880E+04
7.63800E+00        1.28028850870E+04
7.64400E+00        1.27851197181E+04
7.65000E+00        1.27673909813E+04
7.65600E+00        1.27496987769E+04
7.66200E+00        1.27320430059E+04
7.66800E+00        1.27144235690E+04
7.67400E+00        1.26968403678E+04
7.68000E+00        1.26792933040E+04
7.68600E+00        1.26617822796E+04
7.69200E+00        1.26443071970E+04
7.69800E+00        1.26268679588E+04
7.70400E+00        1.26094644681E+04
7.71000E+00        1.25920966283E+04
7.71600E+00        1.25747643429E+04
7.72200E+00        1.25574675160E+04
7.72800E+00        1.25402060519E+04
7.73400E+00        1.25229798552E+04
7.74000E+00        1.25057888309E+04
7.74600E+00        1.24886328842E+04
7.75200E+00        1.24715119207E+04
7.75800E+00        1.24544258463E+04
7.76400E+00        1.24373745671E+04
7.77000E+00        1.24203579898E+04
7.77600E+00        1.24033760210E+04
7.78200E+00        1.23864285681E+04
7.78800E+00        1.23695155383E+04
7.79400E+00        1.23526368394E+04
7.80000E+00        1.23357923795E+04
7.80600E+00        1.23189820670E+04
7.81200E+00        1.23022058104E+04
7.81800E+00        1.22854635188E+04
7.82400E+00        1.22687551014E+04
7.83000E+00        1.22520804678E+04
7.83600E+00        1.22354395279E+04
7.84200E+00        1.22188321917E+04
7.84800E+00        1.22022583697E+04
7.85400E+00        1.21857179727E+04
7.86000E+00        1.21692109117E+04
7.86600E+00        1.21527370981E+04
7.87200E+00        1.21362964435E+04
7.87800E+00        1.21198888597E+04
7.88400E+00        1.21035142590E+04
7.89000E+00        1.20871725539E+04
7.89600E+00        1.20708636571E+04
7.90200E+00        1.20545874817E+04
7.90800E+00        1.20383439411E+04
7.91400E+00        1.20221329489E+04
7.92000E+00        1.20059544190E+04
7.92600E+00        1.19898082655E+04
7.93200E+00        1.19736944030E+04
7.93800E+00        1.19576127462E+04
7.94400E+00        1.19415632102E+04
7.95000E+00        1.19255457102E+04
7.95600E+00        1.19095601618E+04
7.96200E+00        1.18936064809E+04
7.96800E+00        1.18776845837E+04
7.97400E+00        1.18617943865E+04
7.98000E+00        1.18459358059E+04
7.98600E+00        1.18301087590E+04
7.99200E+00        1.18143131630E+04
7.99800E+00        1.17985489354E+04
8.00400E+00        1.17828159938E+04
8.01000E+00        1.17671142563E+04
8.01600E+00        1.17514436413E+04
8.02200E+00        1.17358040672E+04
8.02800E+00        1.17201954528E+04
8.03400E+00        1.17046177173E+04
8.04000E+00        1.16890707800E+04
8.04600E+00        1.16735545604E+04
8.05200E+00        1.16580689785E+04
8.05800E+00        1.16426139543E+04
8.06400E+00        1.16271894082E+04
8.07000E+00        1.16117952608E+04
8.07600E+00        1.15964314331E+04
8.08200E+00        1.15810978461E+04
8.08800E+00        1.15657944212E+04
8.09400E+00        1.15505210802E+04
8.10000E+00        1.15352777448E+04
8.10600E+00        1.15200643373E+04
8.11200E+00        1.15048807800E+04
8.11800E+00        1.14897269955E+04
8.12400E+00        1.14746029069E+04
8.13000E+00        1.14595084371E+04
8.13600E+00        1.14444435096E+04
8.14200E+00        1.14294080481E+04
8.14800E+00        1.14144019763E+04
8.15400E+00        1.13994252185E+04
8.16000E+00        1.13844776989E+04
8.16600E+00        1.13695593422E+04
8.17200E+00        1.13546700732E+04
8.17800E+00        1.13398098170E+04
