output/Noodles_2021-02-26/SED_07.dat
# %ECSV 0.9
# ---
# datatype:
# - {name: wavelength, unit: micron, datatype: float64}
# - {name: flux, unit: microJansky, datatype: float64}
# schema: astropy-2.0
#
#
#  - - File generated by ExoNoodle - -
#         V1.0.0 - MML (CEA-Saclay)
#       2021-02-26 14:01:48.325215
wavelength flux 
[from data line 433]
5.59800E+00        2.19298201626E+04
5.60400E+00        2.18904743939E+04
5.61000E+00        2.18512324460E+04
5.61600E+00        2.18120939627E+04
5.62200E+00        2.17730585892E+04
5.62800E+00        2.17341259722E+04
5.63400E+00        2.16952957600E+04
5.64000E+00        2.16565676022E+04
5.64600E+00        2.16179411500E+04
5.65200E+00        2.15794160559E+04
5.65800E+00        2.15409919739E+04
5.66400E+00        2.15026685594E+04
5.67000E+00        2.14644454692E+04
5.67600E+00        2.14263223617E+04
5.68200E+00        2.13882988964E+04
5.68800E+00        2.13503747345E+04
5.69400E+00        2.13125495385E+04
5.70000E+00        2.12748229721E+04
5.70600E+00        2.12371947005E+04
5.71200E+00        2.11996643906E+04
5.71800E+00        2.11622317101E+04
5.72400E+00        2.11248963284E+04
5.73000E+00        2.10876579163E+04
5.73600E+00        2.10505161458E+04
5.74200E+00        2.10134706902E+04
5.74800E+00        2.09765212244E+04
5.75400E+00        2.09396674243E+04
5.76000E+00        2.09029089674E+04
5.76600E+00        2.08662455324E+04
5.77200E+00        2.08296767992E+04
5.77800E+00        2.07932024493E+04
5.78400E+00        2.07568221652E+04
5.79000E+00        2.07205356308E+04
5.79600E+00        2.06843425314E+04
5.80200E+00        2.06482425535E+04
5.80800E+00        2.06122353847E+04
5.81400E+00        2.05763207142E+04
5.82000E+00        2.05404982322E+04
5.82600E+00        2.05047676304E+04
5.83200E+00        2.04691286014E+04
5.83800E+00        2.04335808394E+04
5.84400E+00        2.03981240396E+04
5.85000E+00        2.03627578986E+04
5.85600E+00        2.03274821142E+04
5.86200E+00        2.02922963852E+04
5.86800E+00        2.02572004120E+04
5.87400E+00        2.02221938960E+04
5.88000E+00        2.01872765397E+04
5.88600E+00        2.01524480469E+04
5.89200E+00        2.01177081227E+04
5.89800E+00        2.00830564733E+04
5.90400E+00        2.00484928061E+04
5.91000E+00        2.00140168296E+04
5.91600E+00        1.99796282536E+04
5.92200E+00        1.99453267889E+04
5.92800E+00        1.99111121477E+04
5.93400E+00        1.98769840431E+04
5.94000E+00        1.98429421896E+04
5.94600E+00        1.98089863027E+04
5.95200E+00        1.97751160989E+04
5.95800E+00        1.97413312962E+04
5.96400E+00        1.97076316135E+04
5.97000E+00        1.96740167707E+04
5.97600E+00        1.96404864891E+04
5.98200E+00        1.96070404909E+04
5.98800E+00        1.95736784996E+04
5.99400E+00        1.95404002397E+04
6.00000E+00        1.95072054367E+04
6.00600E+00        1.94740938173E+04
6.01200E+00        1.94410651094E+04
6.01800E+00        1.94081190417E+04
6.02400E+00        1.93752553443E+04
6.03000E+00        1.93424737482E+04
6.03600E+00        1.93097739853E+04
6.04200E+00        1.92771557890E+04
6.04800E+00        1.92446188934E+04
6.05400E+00        1.92121630337E+04
6.06000E+00        1.91797879463E+04
6.06600E+00        1.91474933686E+04
6.07200E+00        1.91152790389E+04
6.07800E+00        1.90831446967E+04
6.08400E+00        1.90510900825E+04
6.09000E+00        1.90191149377E+04
6.09600E+00        1.89872190048E+04
6.10200E+00        1.89554020274E+04
6.10800E+00        1.89236637500E+04
6.11400E+00        1.88920039182E+04
6.12000E+00        1.88604222785E+04
6.12600E+00        1.88289185785E+04
6.13200E+00        1.87974925667E+04
6.13800E+00        1.87661439926E+04
6.14400E+00        1.87348726068E+04
6.15000E+00        1.87036781607E+04
6.15600E+00        1.86725604069E+04
6.16200E+00        1.86415190987E+04
6.16800E+00        1.86105539905E+04
6.17400E+00        1.85796648378E+04
6.18000E+00        1.85488513969E+04
6.18600E+00        1.85181134250E+04
6.19200E+00        1.84874506804E+04
6.19800E+00        1.84568629222E+04
6.20400E+00        1.84263499105E+04
6.21000E+00        1.83959114065E+04
6.21600E+00        1.83655471721E+04
6.22200E+00        1.83352569701E+04
6.22800E+00        1.83050405645E+04
6.23400E+00        1.82748977200E+04
6.24000E+00        1.82448282023E+04
6.24600E+00        1.82148317779E+04
6.25200E+00        1.81849082143E+04
6.25800E+00        1.81550572799E+04
6.26400E+00        1.81252787440E+04
6.27000E+00        1.80955723768E+04
6.27600E+00        1.80659379494E+04
6.28200E+00        1.80363752336E+04
6.28800E+00        1.80068840025E+04
6.29400E+00        1.79774640296E+04
6.30000E+00        1.79481150896E+04
6.30600E+00        1.79188369579E+04
6.31200E+00        1.78896294109E+04
6.31800E+00        1.78604922257E+04
6.32400E+00        1.78314251805E+04
6.33000E+00        1.78024280542E+04
6.33600E+00        1.77735006264E+04
6.34200E+00        1.77446426779E+04
6.34800E+00        1.77158539900E+04
6.35400E+00        1.76871343450E+04
6.36000E+00        1.76584835262E+04
6.36600E+00        1.76299013174E+04
6.37200E+00        1.76013875034E+04
6.37800E+00        1.75729418699E+04
6.38400E+00        1.75445642033E+04
6.39000E+00        1.75162542908E+04
6.39600E+00        1.74880119206E+04
6.40200E+00        1.74598368814E+04
6.40800E+00        1.74317289631E+04
6.41400E+00        1.74036879560E+04
6.42000E+00        1.73757136515E+04
6.42600E+00        1.73478058416E+04
6.43200E+00        1.73199643193E+04
6.43800E+00        1.72921888782E+04
6.44400E+00        1.72644793127E+04
6.45000E+00        1.72368354181E+04
6.45600E+00        1.72092569904E+04
6.46200E+00        1.71817438264E+04
6.46800E+00        1.71542957236E+04
6.47400E+00        1.71269124804E+04
6.48000E+00        1.70995938959E+04
6.48600E+00        1.70723397699E+04
6.49200E+00        1.70451499031E+04
6.49800E+00        1.70180240967E+04
6.50400E+00        1.69909621530E+04
6.51000E+00        1.69639638748E+04
6.51600E+00        1.69370290657E+04
6.52200E+00        1.69101575300E+04
6.52800E+00        1.68833490729E+04
6.53400E+00        1.68566035002E+04
6.54000E+00        1.68299206184E+04
6.54600E+00        1.68033002349E+04
6.55200E+00        1.67767421576E+04
6.55800E+00        1.67502461952E+04
6.56400E+00        1.67238121573E+04
6.57000E+00        1.66974398540E+04
6.57600E+00        1.66711290962E+04
6.58200E+00        1.66448796954E+04
6.58800E+00        1.66186914640E+04
6.59400E+00        1.65925642150E+04
6.60000E+00        1.65664977621E+04
6.60600E+00        1.65404919196E+04
6.61200E+00        1.65145465027E+04
6.61800E+00        1.64886613272E+04
6.62400E+00        1.64628362095E+04
6.63000E+00        1.64370709667E+04
6.63600E+00        1.64113654168E+04
6.64200E+00        1.63857193783E+04
6.64800E+00        1.63601326702E+04
6.65400E+00        1.63346051126E+04
6.66000E+00        1.63091365259E+04
6.66600E+00        1.62837267314E+04
6.67200E+00        1.62583755509E+04
6.67800E+00        1.62330828069E+04
6.68400E+00        1.62078483227E+04
6.69000E+00        1.61826719221E+04
6.69600E+00        1.61575534296E+04
6.70200E+00        1.61324926703E+04
6.70800E+00        1.61074894700E+04
6.71400E+00        1.60825436553E+04
6.72000E+00        1.60576550531E+04
6.72600E+00        1.60328234911E+04
6.73200E+00        1.60080487978E+04
6.73800E+00        1.59833308022E+04
6.74400E+00        1.59586693338E+04
6.75000E+00        1.59340642229E+04
6.75600E+00        1.59095153004E+04
6.76200E+00        1.58850223978E+04
6.76800E+00        1.58605853472E+04
6.77400E+00        1.58362039813E+04
6.78000E+00        1.58118781335E+04
6.78600E+00        1.57876076378E+04
6.79200E+00        1.57633923287E+04
6.79800E+00        1.57392320413E+04
6.80400E+00        1.57151266116E+04
6.81000E+00        1.56910758758E+04
6.81600E+00        1.56670796710E+04
6.82200E+00        1.56431378347E+04
6.82800E+00        1.56192502051E+04
6.83400E+00        1.55954166209E+04
6.84000E+00        1.55716369216E+04
6.84600E+00        1.55479109470E+04
6.85200E+00        1.55242385377E+04
6.85800E+00        1.55006195348E+04
6.86400E+00        1.54770537799E+04
6.87000E+00        1.54535411154E+04
6.87600E+00        1.54300813840E+04
6.88200E+00        1.54066744291E+04
6.88800E+00        1.53833200948E+04
6.89400E+00        1.53600182255E+04
6.90000E+00        1.53367686664E+04
6.90600E+00        1.53135712632E+04
6.91200E+00        1.52904258620E+04
6.91800E+00        1.52673323096E+04
6.92400E+00        1.52442904534E+04
6.93000E+00        1.52213001413E+04
6.93600E+00        1.51983612216E+04
6.94200E+00        1.51754735434E+04
6.94800E+00        1.51526369563E+04
6.95400E+00        1.51298513102E+04
6.96000E+00        1.51071164558E+04
6.96600E+00        1.50844322442E+04
6.97200E+00        1.50617985272E+04
6.97800E+00        1.50392151569E+04
6.98400E+00        1.50166819861E+04
6.99000E+00        1.49941988681E+04
6.99600E+00        1.49717656567E+04
7.00200E+00        1.49493822062E+04
7.00800E+00        1.49270483714E+04
7.01400E+00        1.49047640079E+04
7.02000E+00        1.48825289714E+04
7.02600E+00        1.48603431183E+04
7.03200E+00        1.48382063056E+04
7.03800E+00        1.48161183908E+04
7.04400E+00        1.47940792316E+04
7.05000E+00        1.47720886868E+04
7.05600E+00        1.47501466150E+04
7.06200E+00        1.47282528759E+04
7.06800E+00        1.47064073294E+04
7.07400E+00        1.46846098360E+04
7.08000E+00        1.46628602565E+04
7.08600E+00        1.46411584525E+04
7.09200E+00        1.46195042859E+04
7.09800E+00        1.45978976192E+04
7.10400E+00        1.45763383152E+04
7.11000E+00        1.45548262373E+04
7.11600E+00        1.45333612496E+04
7.12200E+00        1.45119432163E+04
7.12800E+00        1.44905720022E+04
7.13400E+00        1.44692474728E+04
7.14000E+00        1.44479694939E+04
7.14600E+00        1.44267379317E+04
7.15200E+00        1.44055526530E+04
7.15800E+00        1.43844135250E+04
7.16400E+00        1.43633204154E+04
7.17000E+00        1.43422731924E+04
7.17600E+00        1.43212717246E+04
7.18200E+00        1.43003158811E+04
7.18800E+00        1.42794055315E+04
7.19400E+00        1.42585405457E+04
7.20000E+00        1.42377207943E+04
7.20600E+00        1.42169461481E+04
7.21200E+00        1.41962164786E+04
7.21800E+00        1.41755316576E+04
7.22400E+00        1.41548915573E+04
7.23000E+00        1.41342960504E+04
7.23600E+00        1.41137450102E+04
7.24200E+00        1.40932383103E+04
7.24800E+00        1.40727758247E+04
7.25400E+00        1.40523574279E+04
7.26000E+00        1.40319829948E+04
7.26600E+00        1.40116524009E+04
7.27200E+00        1.39913655219E+04
7.27800E+00        1.39711222341E+04
7.28400E+00        1.39509224141E+04
7.29000E+00        1.39307659391E+04
7.29600E+00        1.39106526865E+04
7.30200E+00        1.38905825344E+04
7.30800E+00        1.38705553611E+04
7.31400E+00        1.38505710454E+04
7.32000E+00        1.38306294666E+04
7.32600E+00        1.38107305042E+04
7.33200E+00        1.37908740384E+04
7.33800E+00        1.37710599496E+04
7.34400E+00        1.37512881187E+04
7.35000E+00        1.37315584271E+04
7.35600E+00        1.37118707563E+04
7.36200E+00        1.36922249887E+04
7.36800E+00        1.36726210066E+04
7.37400E+00        1.36530586930E+04
7.38000E+00        1.36335379312E+04
7.38600E+00        1.36140586051E+04
7.39200E+00        1.35946205987E+04
7.39800E+00        1.35752237965E+04
7.40400E+00        1.35558680836E+04
7.41000E+00        1.35365533452E+04
7.41600E+00        1.35172794672E+04
7.42200E+00        1.34980463355E+04
7.42800E+00        1.34788538367E+04
7.43400E+00        1.34597018577E+04
7.44000E+00        1.34405902859E+04
7.44600E+00        1.34215190088E+04
7.45200E+00        1.34024879146E+04
7.45800E+00        1.33834968916E+04
7.46400E+00        1.33645458288E+04
7.47000E+00        1.33456346153E+04
7.47600E+00        1.33267631407E+04
7.48200E+00        1.33079312949E+04
7.48800E+00        1.32891389684E+04
7.49400E+00        1.32703860517E+04
7.50000E+00        1.32516724361E+04
7.50600E+00        1.32329980129E+04
7.51200E+00        1.32143626740E+04
7.51800E+00        1.31957663115E+04
7.52400E+00        1.31772088181E+04
7.53000E+00        1.31586900867E+04
7.53600E+00        1.31402100104E+04
7.54200E+00        1.31217684831E+04
7.54800E+00        1.31033653986E+04
7.55400E+00        1.30850006515E+04
7.56000E+00        1.30666741363E+04
7.56600E+00        1.30483857482E+04
7.57200E+00        1.30301353826E+04
7.57800E+00        1.30119229353E+04
7.58400E+00        1.29937483025E+04
7.59000E+00        1.29756113807E+04
7.59600E+00        1.29575120666E+04
7.60200E+00        1.29394502576E+04
7.60800E+00        1.29214258510E+04
7.61400E+00        1.29034387449E+04
7.62000E+00        1.28854888375E+04
7.62600E+00        1.28675760272E+04
7.63200E+00        1.28497002131E+04
7.63800E+00        1.28318612944E+04
7.64400E+00        1.28140591706E+04
7.65000E+00        1.27962937417E+04
7.65600E+00        1.27785649081E+04
7.66200E+00        1.27608725701E+04
7.66800E+00        1.27432166289E+04
7.67400E+00        1.27255969856E+04
7.68000E+00        1.27080135418E+04
7.68600E+00        1.26904661996E+04
7.69200E+00        1.26729548610E+04
7.69800E+00        1.26554794288E+04
7.70400E+00        1.26380398057E+04
7.71000E+00        1.26206358951E+04
7.71600E+00        1.26032676005E+04
7.72200E+00        1.25859348257E+04
7.72800E+00        1.25686374749E+04
7.73400E+00        1.25513754527E+04
7.74000E+00        1.25341486638E+04
7.74600E+00        1.25169570135E+04
7.75200E+00        1.24998004071E+04
7.75800E+00        1.24826787505E+04
7.76400E+00        1.24655919497E+04
7.77000E+00        1.24485399111E+04
7.77600E+00        1.24315225415E+04
7.78200E+00        1.24145397478E+04
7.78800E+00        1.23975914374E+04
7.79400E+00        1.23806775178E+04
7.80000E+00        1.23637978972E+04
7.80600E+00        1.23469524836E+04
7.81200E+00        1.23301411856E+04
7.81800E+00        1.23133639121E+04
7.82400E+00        1.22966205722E+04
7.83000E+00        1.22799110753E+04
7.83600E+00        1.22632353313E+04
7.84200E+00        1.22465932501E+04
7.84800E+00        1.22299847421E+04
7.85400E+00        1.22134097178E+04
7.86000E+00        1.21968680884E+04
7.86600E+00        1.21803597648E+04
7.87200E+00        1.21638846587E+04
7.87800E+00        1.21474426819E+04
7.88400E+00        1.21310337464E+04
7.89000E+00        1.21146577647E+04
7.89600E+00        1.20983146493E+04
7.90200E+00        1.20820043133E+04
7.90800E+00        1.20657266698E+04
7.91400E+00        1.20494816325E+04
7.92000E+00        1.20332691150E+04
7.92600E+00        1.20170890315E+04
7.93200E+00        1.20009412963E+04
7.93800E+00        1.19848258241E+04
7.94400E+00        1.19687425298E+04
7.95000E+00        1.19526913286E+04
7.95600E+00        1.19366721359E+04
7.96200E+00        1.19206848676E+04
7.96800E+00        1.19047294396E+04
7.97400E+00        1.18888057682E+04
7.98000E+00        1.18729137700E+04
7.98600E+00        1.18570533619E+04
7.99200E+00        1.18412244609E+04
7.99800E+00        1.18254269844E+04
8.00400E+00        1.18096608500E+04
8.01000E+00        1.17939259757E+04
8.01600E+00        1.17782222797E+04
8.02200E+00        1.17625496804E+04
8.02800E+00        1.17469080964E+04
8.03400E+00        1.17312974468E+04
8.04000E+00        1.17157176508E+04
8.04600E+00        1.17001686278E+04
8.05200E+00        1.16846502977E+04
8.05800E+00        1.16691625804E+04
8.06400E+00        1.16537053961E+04
8.07000E+00        1.16382786655E+04
8.07600E+00        1.16228823093E+04
8.08200E+00        1.16075162485E+04
8.08800E+00        1.15921804044E+04
8.09400E+00        1.15768746985E+04
8.10000E+00        1.15615990527E+04
8.10600E+00        1.15463533890E+04
8.11200E+00        1.15311376296E+04
8.11800E+00        1.15159516971E+04
8.12400E+00        1.15007955143E+04
8.13000E+00        1.14856690042E+04
8.13600E+00        1.14705720902E+04
8.14200E+00        1.14555046956E+04
8.14800E+00        1.14404667444E+04
8.15400E+00        1.14254581605E+04
8.16000E+00        1.14104788681E+04
8.16600E+00        1.13955287919E+04
8.17200E+00        1.13806078564E+04
8.17800E+00        1.13657159867E+04
