output/Noodles_2021-02-26/SED_08.dat
# %ECSV 0.9
# ---
# datatype:
# - {name: wavelength, unit: micron, datatype: float64}
# - {name: flux, unit: microJansky, datatype: float64}
# schema: astropy-2.0
#
#
#  - - File generated by ExoNoodle - -
#         V1.0.0 - MML (CEA-Saclay)
#       2021-02-26 14:01:48.325215
wavelength flux 
[from data line 433]
5.59800E+00        2.19297931710E+04
5.60400E+00        2.18904474408E+04
5.61000E+00        2.18512055312E+04
5.61600E+00        2.18120670861E+04
5.62200E+00        2.17730317508E+04
5.62800E+00        2.17340991719E+04
5.63400E+00        2.16952689978E+04
5.64000E+00        2.16565408781E+04
5.64600E+00        2.16179144638E+04
5.65200E+00        2.15793894076E+04
5.65800E+00        2.15409653634E+04
5.66400E+00        2.15026419867E+04
5.67000E+00        2.14644189343E+04
5.67600E+00        2.14262958644E+04
5.68200E+00        2.13882724368E+04
5.68800E+00        2.13503483124E+04
5.69400E+00        2.13125231539E+04
5.70000E+00        2.12747966249E+04
5.70600E+00        2.12371683907E+04
5.71200E+00        2.11996381181E+04
5.71800E+00        2.11622054748E+04
5.72400E+00        2.11248701304E+04
5.73000E+00        2.10876317554E+04
5.73600E+00        2.10504900219E+04
5.74200E+00        2.10134446034E+04
5.74800E+00        2.09764951745E+04
5.75400E+00        2.09396414114E+04
5.76000E+00        2.09028829913E+04
5.76600E+00        2.08662195930E+04
5.77200E+00        2.08296508966E+04
5.77800E+00        2.07931765833E+04
5.78400E+00        2.07567963358E+04
5.79000E+00        2.07205098380E+04
5.79600E+00        2.06843167751E+04
5.80200E+00        2.06482168336E+04
5.80800E+00        2.06122097012E+04
5.81400E+00        2.05762950670E+04
5.82000E+00        2.05404726213E+04
5.82600E+00        2.05047420556E+04
5.83200E+00        2.04691030628E+04
5.83800E+00        2.04335553369E+04
5.84400E+00        2.03980985731E+04
5.85000E+00        2.03627324681E+04
5.85600E+00        2.03274567195E+04
5.86200E+00        2.02922710265E+04
5.86800E+00        2.02571750891E+04
5.87400E+00        2.02221686087E+04
5.88000E+00        2.01872512881E+04
5.88600E+00        2.01524228309E+04
5.89200E+00        2.01176829423E+04
5.89800E+00        2.00830313284E+04
5.90400E+00        2.00484676966E+04
5.91000E+00        2.00139917555E+04
5.91600E+00        1.99796032148E+04
5.92200E+00        1.99453017854E+04
5.92800E+00        1.99110871794E+04
5.93400E+00        1.98769591100E+04
5.94000E+00        1.98429172916E+04
5.94600E+00        1.98089614397E+04
5.95200E+00        1.97750912709E+04
5.95800E+00        1.97413065031E+04
5.96400E+00        1.97076068552E+04
5.97000E+00        1.96739920473E+04
5.97600E+00        1.96404618004E+04
5.98200E+00        1.96070158370E+04
5.98800E+00        1.95736538803E+04
5.99400E+00        1.95403756549E+04
6.00000E+00        1.95071808864E+04
6.00600E+00        1.94740693016E+04
6.01200E+00        1.94410406280E+04
6.01800E+00        1.94080945947E+04
6.02400E+00        1.93752309316E+04
6.03000E+00        1.93424493697E+04
6.03600E+00        1.93097496410E+04
6.04200E+00        1.92771314788E+04
6.04800E+00        1.92445946173E+04
6.05400E+00        1.92121387916E+04
6.06000E+00        1.91797637382E+04
6.06600E+00        1.91474691944E+04
6.07200E+00        1.91152548985E+04
6.07800E+00        1.90831205901E+04
6.08400E+00        1.90510660096E+04
6.09000E+00        1.90190908984E+04
6.09600E+00        1.89871949992E+04
6.10200E+00        1.89553780554E+04
6.10800E+00        1.89236398115E+04
6.11400E+00        1.88919800131E+04
6.12000E+00        1.88603984069E+04
6.12600E+00        1.88288947402E+04
6.13200E+00        1.87974687616E+04
6.13800E+00        1.87661202208E+04
6.14400E+00        1.87348488681E+04
6.15000E+00        1.87036544552E+04
6.15600E+00        1.86725367344E+04
6.16200E+00        1.86414954592E+04
6.16800E+00        1.86105303840E+04
6.17400E+00        1.85796412642E+04
6.18000E+00        1.85488278561E+04
6.18600E+00        1.85180899169E+04
6.19200E+00        1.84874272050E+04
6.19800E+00        1.84568394795E+04
6.20400E+00        1.84263265005E+04
6.21000E+00        1.83958880290E+04
6.21600E+00        1.83655238271E+04
6.22200E+00        1.83352336576E+04
6.22800E+00        1.83050172844E+04
6.23400E+00        1.82748744723E+04
6.24000E+00        1.82448049868E+04
6.24600E+00        1.82148085946E+04
6.25200E+00        1.81848850632E+04
6.25800E+00        1.81550341610E+04
6.26400E+00        1.81252556572E+04
6.27000E+00        1.80955493220E+04
6.27600E+00        1.80659149265E+04
6.28200E+00        1.80363522427E+04
6.28800E+00        1.80068610434E+04
6.29400E+00        1.79774411023E+04
6.30000E+00        1.79480921940E+04
6.30600E+00        1.79188140940E+04
6.31200E+00        1.78896065786E+04
6.31800E+00        1.78604694251E+04
6.32400E+00        1.78314024114E+04
6.33000E+00        1.78024053165E+04
6.33600E+00        1.77734779202E+04
6.34200E+00        1.77446200030E+04
6.34800E+00        1.77158313464E+04
6.35400E+00        1.76871117327E+04
6.36000E+00        1.76584609451E+04
6.36600E+00        1.76298787675E+04
6.37200E+00        1.76013649846E+04
6.37800E+00        1.75729193822E+04
6.38400E+00        1.75445417465E+04
6.39000E+00        1.75162318650E+04
6.39600E+00        1.74879895257E+04
6.40200E+00        1.74598145174E+04
6.40800E+00        1.74317066298E+04
6.41400E+00        1.74036656535E+04
6.42000E+00        1.73756913796E+04
6.42600E+00        1.73477836004E+04
6.43200E+00        1.73199421086E+04
6.43800E+00        1.72921666980E+04
6.44400E+00        1.72644571630E+04
6.45000E+00        1.72368132989E+04
6.45600E+00        1.72092349015E+04
6.46200E+00        1.71817217678E+04
6.46800E+00        1.71542736953E+04
6.47400E+00        1.71268904824E+04
6.48000E+00        1.70995719280E+04
6.48600E+00        1.70723178321E+04
6.49200E+00        1.70451279953E+04
6.49800E+00        1.70180022190E+04
6.50400E+00        1.69909403052E+04
6.51000E+00        1.69639420569E+04
6.51600E+00        1.69370072777E+04
6.52200E+00        1.69101357718E+04
6.52800E+00        1.68833273445E+04
6.53400E+00        1.68565818015E+04
6.54000E+00        1.68298989493E+04
6.54600E+00        1.68032785954E+04
6.55200E+00        1.67767205476E+04
6.55800E+00        1.67502246148E+04
6.56400E+00        1.67237906063E+04
6.57000E+00        1.66974183324E+04
6.57600E+00        1.66711076039E+04
6.58200E+00        1.66448582324E+04
6.58800E+00        1.66186700303E+04
6.59400E+00        1.65925428105E+04
6.60000E+00        1.65664763867E+04
6.60600E+00        1.65404705733E+04
6.61200E+00        1.65145251855E+04
6.61800E+00        1.64886400389E+04
6.62400E+00        1.64628149501E+04
6.63000E+00        1.64370497363E+04
6.63600E+00        1.64113442152E+04
6.64200E+00        1.63856982055E+04
6.64800E+00        1.63601115262E+04
6.65400E+00        1.63345839973E+04
6.66000E+00        1.63091154392E+04
6.66600E+00        1.62837056733E+04
6.67200E+00        1.62583545213E+04
6.67800E+00        1.62330618059E+04
6.68400E+00        1.62078273501E+04
6.69000E+00        1.61826509779E+04
6.69600E+00        1.61575325137E+04
6.70200E+00        1.61324717827E+04
6.70800E+00        1.61074686107E+04
6.71400E+00        1.60825228242E+04
6.72000E+00        1.60576342501E+04
6.72600E+00        1.60328027163E+04
6.73200E+00        1.60080280511E+04
6.73800E+00        1.59833100834E+04
6.74400E+00        1.59586486430E+04
6.75000E+00        1.59340435600E+04
6.75600E+00        1.59094946654E+04
6.76200E+00        1.58850017906E+04
6.76800E+00        1.58605647678E+04
6.77400E+00        1.58361834296E+04
6.78000E+00        1.58118576095E+04
6.78600E+00        1.57875871414E+04
6.79200E+00        1.57633718598E+04
6.79800E+00        1.57392116000E+04
6.80400E+00        1.57151061978E+04
6.81000E+00        1.56910554894E+04
6.81600E+00        1.56670593120E+04
6.82200E+00        1.56431175030E+04
6.82800E+00        1.56192299007E+04
6.83400E+00        1.55953963438E+04
6.84000E+00        1.55716166717E+04
6.84600E+00        1.55478907243E+04
6.85200E+00        1.55242183421E+04
6.85800E+00        1.55005993662E+04
6.86400E+00        1.54770336383E+04
6.87000E+00        1.54535210007E+04
6.87600E+00        1.54300612963E+04
6.88200E+00        1.54066543683E+04
6.88800E+00        1.53833000608E+04
6.89400E+00        1.53599982183E+04
6.90000E+00        1.53367486860E+04
6.90600E+00        1.53135513094E+04
6.91200E+00        1.52904059348E+04
6.91800E+00        1.52673124091E+04
6.92400E+00        1.52442705794E+04
6.93000E+00        1.52212802938E+04
6.93600E+00        1.51983414006E+04
6.94200E+00        1.51754537488E+04
6.94800E+00        1.51526171880E+04
6.95400E+00        1.51298315682E+04
6.96000E+00        1.51070967401E+04
6.96600E+00        1.50844125548E+04
6.97200E+00        1.50617788639E+04
6.97800E+00        1.50391955198E+04
6.98400E+00        1.50166623751E+04
6.99000E+00        1.49941792831E+04
6.99600E+00        1.49717460977E+04
7.00200E+00        1.49493626732E+04
7.00800E+00        1.49270288644E+04
7.01400E+00        1.49047445267E+04
7.02000E+00        1.48825095160E+04
7.02600E+00        1.48603236887E+04
7.03200E+00        1.48381869017E+04
7.03800E+00        1.48160990126E+04
7.04400E+00        1.47940598791E+04
7.05000E+00        1.47720693598E+04
7.05600E+00        1.47501273136E+04
7.06200E+00        1.47282336001E+04
7.06800E+00        1.47063880790E+04
7.07400E+00        1.46845906110E+04
7.08000E+00        1.46628410569E+04
7.08600E+00        1.46411392783E+04
7.09200E+00        1.46194851370E+04
7.09800E+00        1.45978784955E+04
7.10400E+00        1.45763192167E+04
7.11000E+00        1.45548071640E+04
7.11600E+00        1.45333422014E+04
7.12200E+00        1.45119241931E+04
7.12800E+00        1.44905530041E+04
7.13400E+00        1.44692284997E+04
7.14000E+00        1.44479505457E+04
7.14600E+00        1.44267190084E+04
7.15200E+00        1.44055337546E+04
7.15800E+00        1.43843946514E+04
7.16400E+00        1.43633015666E+04
7.17000E+00        1.43422543683E+04
7.17600E+00        1.43212529252E+04
7.18200E+00        1.43002971064E+04
7.18800E+00        1.42793867813E+04
7.19400E+00        1.42585218201E+04
7.20000E+00        1.42377020932E+04
7.20600E+00        1.42169274716E+04
7.21200E+00        1.41961978265E+04
7.21800E+00        1.41755130298E+04
7.22400E+00        1.41548729539E+04
7.23000E+00        1.41342774713E+04
7.23600E+00        1.41137264554E+04
7.24200E+00        1.40932197797E+04
7.24800E+00        1.40727573183E+04
7.25400E+00        1.40523389456E+04
7.26000E+00        1.40319645366E+04
7.26600E+00        1.40116339668E+04
7.27200E+00        1.39913471118E+04
7.27800E+00        1.39711038479E+04
7.28400E+00        1.39509040519E+04
7.29000E+00        1.39307476008E+04
7.29600E+00        1.39106343721E+04
7.30200E+00        1.38905642438E+04
7.30800E+00        1.38705370942E+04
7.31400E+00        1.38505528023E+04
7.32000E+00        1.38306112471E+04
7.32600E+00        1.38107123084E+04
7.33200E+00        1.37908558662E+04
7.33800E+00        1.37710418010E+04
7.34400E+00        1.37512699936E+04
7.35000E+00        1.37315403255E+04
7.35600E+00        1.37118526782E+04
7.36200E+00        1.36922069339E+04
7.36800E+00        1.36726029751E+04
7.37400E+00        1.36530406849E+04
7.38000E+00        1.36335199464E+04
7.38600E+00        1.36140406435E+04
7.39200E+00        1.35946026603E+04
7.39800E+00        1.35752058813E+04
7.40400E+00        1.35558501915E+04
7.41000E+00        1.35365354762E+04
7.41600E+00        1.35172616212E+04
7.42200E+00        1.34980285125E+04
7.42800E+00        1.34788360367E+04
7.43400E+00        1.34596840807E+04
7.44000E+00        1.34405725317E+04
7.44600E+00        1.34215012775E+04
7.45200E+00        1.34024702061E+04
7.45800E+00        1.33834792059E+04
7.46400E+00        1.33645281658E+04
7.47000E+00        1.33456169750E+04
7.47600E+00        1.33267455230E+04
7.48200E+00        1.33079136999E+04
7.48800E+00        1.32891213959E+04
7.49400E+00        1.32703685018E+04
7.50000E+00        1.32516549086E+04
7.50600E+00        1.32329805079E+04
7.51200E+00        1.32143451914E+04
7.51800E+00        1.31957488513E+04
7.52400E+00        1.31771913803E+04
7.53000E+00        1.31586726711E+04
7.53600E+00        1.31401926171E+04
7.54200E+00        1.31217511120E+04
7.54800E+00        1.31033480498E+04
7.55400E+00        1.30849833247E+04
7.56000E+00        1.30666568317E+04
7.56600E+00        1.30483684656E+04
7.57200E+00        1.30301181221E+04
7.57800E+00        1.30119056968E+04
7.58400E+00        1.29937310860E+04
7.59000E+00        1.29755941861E+04
7.59600E+00        1.29574948939E+04
7.60200E+00        1.29394331067E+04
7.60800E+00        1.29214087220E+04
7.61400E+00        1.29034216376E+04
7.62000E+00        1.28854717519E+04
7.62600E+00        1.28675589634E+04
7.63200E+00        1.28496831709E+04
7.63800E+00        1.28318442738E+04
7.64400E+00        1.28140421716E+04
7.65000E+00        1.27962767643E+04
7.65600E+00        1.27785479522E+04
7.66200E+00        1.27608556357E+04
7.66800E+00        1.27431997159E+04
7.67400E+00        1.27255800940E+04
7.68000E+00        1.27079966716E+04
7.68600E+00        1.26904493507E+04
7.69200E+00        1.26729380335E+04
7.69800E+00        1.26554626225E+04
7.70400E+00        1.26380230206E+04
7.71000E+00        1.26206191312E+04
7.71600E+00        1.26032508577E+04
7.72200E+00        1.25859181040E+04
7.72800E+00        1.25686207743E+04
7.73400E+00        1.25513587732E+04
7.74000E+00        1.25341320053E+04
7.74600E+00        1.25169403759E+04
7.75200E+00        1.24997837905E+04
7.75800E+00        1.24826621548E+04
7.76400E+00        1.24655753748E+04
7.77000E+00        1.24485233571E+04
7.77600E+00        1.24315060083E+04
7.78200E+00        1.24145232353E+04
7.78800E+00        1.23975749456E+04
7.79400E+00        1.23806610468E+04
7.80000E+00        1.23637814468E+04
7.80600E+00        1.23469360538E+04
7.81200E+00        1.23301247764E+04
7.81800E+00        1.23133475235E+04
7.82400E+00        1.22966042041E+04
7.83000E+00        1.22798947277E+04
7.83600E+00        1.22632190041E+04
7.84200E+00        1.22465769433E+04
7.84800E+00        1.22299684557E+04
7.85400E+00        1.22133934518E+04
7.86000E+00        1.21968518426E+04
7.86600E+00        1.21803435393E+04
7.87200E+00        1.21638684535E+04
7.87800E+00        1.21474264969E+04
7.88400E+00        1.21310175816E+04
7.89000E+00        1.21146416199E+04
7.89600E+00        1.20982985247E+04
7.90200E+00        1.20819882087E+04
7.90800E+00        1.20657105853E+04
7.91400E+00        1.20494655679E+04
7.92000E+00        1.20332530704E+04
7.92600E+00        1.20170730068E+04
7.93200E+00        1.20009252915E+04
7.93800E+00        1.19848098392E+04
7.94400E+00        1.19687265647E+04
7.95000E+00        1.19526753833E+04
7.95600E+00        1.19366562104E+04
7.96200E+00        1.19206689618E+04
7.96800E+00        1.19047135535E+04
7.97400E+00        1.18887899018E+04
7.98000E+00        1.18728979232E+04
7.98600E+00        1.18570375347E+04
7.99200E+00        1.18412086532E+04
7.99800E+00        1.18254111963E+04
8.00400E+00        1.18096450814E+04
8.01000E+00        1.17939102266E+04
8.01600E+00        1.17782065500E+04
8.02200E+00        1.17625339700E+04
8.02800E+00        1.17468924055E+04
8.03400E+00        1.17312817752E+04
8.04000E+00        1.17157019985E+04
8.04600E+00        1.17001529948E+04
8.05200E+00        1.16846346839E+04
8.05800E+00        1.16691469858E+04
8.06400E+00        1.16536898207E+04
8.07000E+00        1.16382631092E+04
8.07600E+00        1.16228667721E+04
8.08200E+00        1.16075007304E+04
8.08800E+00        1.15921649053E+04
8.09400E+00        1.15768592185E+04
8.10000E+00        1.15615835916E+04
8.10600E+00        1.15463379468E+04
8.11200E+00        1.15311222064E+04
8.11800E+00        1.15159362928E+04
8.12400E+00        1.15007801288E+04
8.13000E+00        1.14856536376E+04
8.13600E+00        1.14705567423E+04
8.14200E+00        1.14554893665E+04
8.14800E+00        1.14404514340E+04
8.15400E+00        1.14254428688E+04
8.16000E+00        1.14104635951E+04
8.16600E+00        1.13955135375E+04
8.17200E+00        1.13805926206E+04
8.17800E+00        1.13657007695E+04
