output/Noodles_2021-02-26/SED_15.dat
# %ECSV 0.9
# ---
# datatype:
# - {name: wavelength, unit: micron, datatype: float64}
# - {name: flux, unit: microJansky, datatype: float64}
# schema: astropy-2.0
#
#
#  - - File generated by ExoNoodle - -
#         V1.0.0 - MML (CEA-Saclay)
#       2021-02-26 14:01:48.325215
wavelength flux 
[from data line 1298]
1.07880E+01        6.66963228252E+03
1.07940E+01        6.66281636890E+03
1.08000E+01        6.65601085828E+03
1.08060E+01        6.64921572961E+03
1.08120E+01        6.64243096186E+03
1.08180E+01        6.63565653408E+03
1.08240E+01        6.62889242534E+03
1.08300E+01        6.62213861479E+03
1.08360E+01        6.61539508163E+03
1.08420E+01        6.60866180510E+03
1.08480E+01        6.60193876450E+03
1.08540E+01        6.59522593918E+03
1.08600E+01        6.58852330854E+03
1.08660E+01        6.58183085203E+03
1.08720E+01        6.57514854917E+03
1.08780E+01        6.56847637950E+03
1.08840E+01        6.56181432263E+03
1.08900E+01        6.55516235823E+03
1.08960E+01        6.54852046599E+03
1.09020E+01        6.54188862569E+03
1.09080E+01        6.53526681713E+03
1.09140E+01        6.52865502018E+03
1.09200E+01        6.52205321474E+03
1.09260E+01        6.51546138077E+03
1.09320E+01        6.50887949830E+03
1.09380E+01        6.50230754737E+03
1.09440E+01        6.49574550811E+03
1.09500E+01        6.48919336067E+03
1.09560E+01        6.48265108526E+03
1.09620E+01        6.47611866214E+03
1.09680E+01        6.46959607161E+03
1.09740E+01        6.46308329405E+03
1.09800E+01        6.45658030985E+03
1.09860E+01        6.45008709946E+03
1.09920E+01        6.44360364339E+03
1.09980E+01        6.43712992220E+03
1.10040E+01        6.43066591648E+03
1.10100E+01        6.42421160687E+03
1.10160E+01        6.41776697409E+03
1.10220E+01        6.41133199886E+03
1.10280E+01        6.40490666198E+03
1.10340E+01        6.39849094429E+03
1.10400E+01        6.39208482668E+03
1.10460E+01        6.38568829007E+03
1.10520E+01        6.37930131546E+03
1.10580E+01        6.37292388386E+03
1.10640E+01        6.36655597636E+03
1.10700E+01        6.36019757406E+03
1.10760E+01        6.35384865815E+03
1.10820E+01        6.34750920982E+03
1.10880E+01        6.34117921036E+03
1.10940E+01        6.33485864105E+03
1.11000E+01        6.32854748326E+03
1.11060E+01        6.32224571837E+03
1.11120E+01        6.31595332784E+03
1.11180E+01        6.30967029316E+03
1.11240E+01        6.30339659586E+03
1.11300E+01        6.29713221751E+03
1.11360E+01        6.29087713975E+03
1.11420E+01        6.28463134425E+03
1.11480E+01        6.27839481271E+03
1.11540E+01        6.27216752691E+03
1.11600E+01        6.26594946865E+03
1.11660E+01        6.25974061977E+03
1.11720E+01        6.25354096217E+03
1.11780E+01        6.24735047779E+03
1.11840E+01        6.24116914861E+03
1.11900E+01        6.23499695666E+03
1.11960E+01        6.22883388401E+03
1.12020E+01        6.22267991277E+03
1.12080E+01        6.21653502509E+03
1.12140E+01        6.21039920319E+03
1.12200E+01        6.20427242930E+03
1.12260E+01        6.19815468572E+03
1.12320E+01        6.19204595477E+03
1.12380E+01        6.18594621882E+03
1.12440E+01        6.17985546031E+03
1.12500E+01        6.17377366167E+03
1.12560E+01        6.16770080542E+03
1.12620E+01        6.16163687411E+03
1.12680E+01        6.15558185031E+03
1.12740E+01        6.14953571666E+03
1.12800E+01        6.14349845583E+03
1.12860E+01        6.13747005053E+03
1.12920E+01        6.13145048353E+03
1.12980E+01        6.12543973760E+03
1.13040E+01        6.11943779561E+03
1.13100E+01        6.11344464041E+03
1.13160E+01        6.10746025495E+03
1.13220E+01        6.10148462217E+03
1.13280E+01        6.09551772509E+03
1.13340E+01        6.08955954675E+03
1.13400E+01        6.08361007023E+03
1.13460E+01        6.07766927867E+03
1.13520E+01        6.07173715523E+03
1.13580E+01        6.06581368312E+03
1.13640E+01        6.05989884559E+03
1.13700E+01        6.05399262592E+03
1.13760E+01        6.04809500745E+03
1.13820E+01        6.04220597355E+03
1.13880E+01        6.03632550763E+03
1.13940E+01        6.03045359313E+03
1.14000E+01        6.02459021354E+03
1.14060E+01        6.01873535240E+03
1.14120E+01        6.01288899328E+03
1.14180E+01        6.00705111977E+03
1.14240E+01        6.00122171553E+03
1.14300E+01        5.99540076425E+03
1.14360E+01        5.98958824964E+03
1.14420E+01        5.98378415548E+03
1.14480E+01        5.97798846557E+03
1.14540E+01        5.97220116374E+03
1.14600E+01        5.96642223389E+03
1.14660E+01        5.96065165993E+03
1.14720E+01        5.95488942582E+03
1.14780E+01        5.94913551555E+03
1.14840E+01        5.94338991316E+03
1.14900E+01        5.93765260271E+03
1.14960E+01        5.93192356833E+03
1.15020E+01        5.92620279416E+03
1.15080E+01        5.92049026439E+03
1.15140E+01        5.91478596324E+03
1.15200E+01        5.90908987496E+03
1.15260E+01        5.90340198387E+03
1.15320E+01        5.89772227429E+03
1.15380E+01        5.89205073060E+03
1.15440E+01        5.88638733721E+03
1.15500E+01        5.88073207857E+03
1.15560E+01        5.87508493915E+03
1.15620E+01        5.86944590350E+03
1.15680E+01        5.86381495615E+03
1.15740E+01        5.85819208171E+03
1.15800E+01        5.85257726480E+03
1.15860E+01        5.84697049010E+03
1.15920E+01        5.84137174231E+03
1.15980E+01        5.83578100617E+03
1.16040E+01        5.83019826645E+03
1.16100E+01        5.82462350797E+03
1.16160E+01        5.81905671557E+03
1.16220E+01        5.81349787414E+03
1.16280E+01        5.80794696860E+03
1.16340E+01        5.80240398390E+03
1.16400E+01        5.79686890504E+03
1.16460E+01        5.79134171704E+03
1.16520E+01        5.78582240496E+03
1.16580E+01        5.78031095389E+03
1.16640E+01        5.77480734898E+03
1.16700E+01        5.76931157538E+03
1.16760E+01        5.76382361830E+03
1.16820E+01        5.75834346298E+03
1.16880E+01        5.75287109468E+03
1.16940E+01        5.74740649871E+03
1.17000E+01        5.74194966041E+03
1.17060E+01        5.73650056516E+03
1.17120E+01        5.73105919836E+03
1.17180E+01        5.72562554546E+03
1.17240E+01        5.72019959193E+03
1.17300E+01        5.71478132329E+03
1.17360E+01        5.70937072509E+03
1.17420E+01        5.70396778289E+03
1.17480E+01        5.69857248231E+03
1.17540E+01        5.69318480901E+03
1.17600E+01        5.68780474865E+03
1.17660E+01        5.68243228696E+03
1.17720E+01        5.67706740967E+03
1.17780E+01        5.67171010258E+03
1.17840E+01        5.66636035149E+03
1.17900E+01        5.66101814225E+03
1.17960E+01        5.65568346074E+03
1.18020E+01        5.65035629286E+03
1.18080E+01        5.64503662458E+03
1.18140E+01        5.63972444185E+03
1.18200E+01        5.63441973071E+03
1.18260E+01        5.62912247718E+03
1.18320E+01        5.62383266734E+03
1.18380E+01        5.61855028730E+03
1.18440E+01        5.61327532320E+03
1.18500E+01        5.60800776122E+03
1.18560E+01        5.60274758755E+03
1.18620E+01        5.59749478843E+03
1.18680E+01        5.59224935014E+03
1.18740E+01        5.58701125897E+03
1.18800E+01        5.58178050125E+03
1.18860E+01        5.57655706334E+03
1.18920E+01        5.57134093165E+03
1.18980E+01        5.56613209260E+03
1.19040E+01        5.56093053265E+03
1.19100E+01        5.55573623827E+03
1.19160E+01        5.55054919601E+03
1.19220E+01        5.54536939240E+03
1.19280E+01        5.54019681403E+03
1.19340E+01        5.53503144752E+03
1.19400E+01        5.52987327950E+03
1.19460E+01        5.52472229665E+03
1.19520E+01        5.51957848569E+03
1.19580E+01        5.51444183334E+03
1.19640E+01        5.50931232637E+03
1.19700E+01        5.50418995158E+03
1.19760E+01        5.49907469580E+03
1.19820E+01        5.49396654588E+03
1.19880E+01        5.48886548872E+03
1.19940E+01        5.48377151123E+03
1.20000E+01        5.47868460036E+03
1.20060E+01        5.47360474309E+03
1.20120E+01        5.46853192643E+03
1.20180E+01        5.46346613741E+03
1.20240E+01        5.45840736311E+03
1.20300E+01        5.45335559062E+03
1.20360E+01        5.44831080706E+03
1.20420E+01        5.44327299960E+03
1.20480E+01        5.43824215542E+03
1.20540E+01        5.43321826174E+03
1.20600E+01        5.42820130580E+03
1.20660E+01        5.42319127486E+03
1.20720E+01        5.41818815625E+03
1.20780E+01        5.41319193728E+03
1.20840E+01        5.40820260532E+03
1.20900E+01        5.40322014775E+03
1.20960E+01        5.39824455200E+03
1.21020E+01        5.39327580551E+03
1.21080E+01        5.38831389576E+03
1.21140E+01        5.38335881025E+03
1.21200E+01        5.37841053651E+03
1.21260E+01        5.37346906210E+03
1.21320E+01        5.36853437462E+03
1.21380E+01        5.36360646167E+03
1.21440E+01        5.35868531091E+03
1.21500E+01        5.35377091001E+03
1.21560E+01        5.34886324667E+03
1.21620E+01        5.34396230861E+03
1.21680E+01        5.33906808360E+03
1.21740E+01        5.33418055941E+03
1.21800E+01        5.32929972387E+03
1.21860E+01        5.32442556481E+03
1.21920E+01        5.31955807010E+03
1.21980E+01        5.31469722764E+03
1.22040E+01        5.30984302533E+03
1.22100E+01        5.30499545115E+03
1.22160E+01        5.30015449306E+03
1.22220E+01        5.29532013906E+03
1.22280E+01        5.29049237720E+03
1.22340E+01        5.28567119552E+03
1.22400E+01        5.28085658210E+03
1.22460E+01        5.27604852508E+03
1.22520E+01        5.27124701257E+03
1.22580E+01        5.26645203275E+03
1.22640E+01        5.26166357381E+03
1.22700E+01        5.25688162396E+03
1.22760E+01        5.25210617146E+03
1.22820E+01        5.24733720457E+03
1.22880E+01        5.24257471160E+03
1.22940E+01        5.23781868086E+03
1.23000E+01        5.23306910070E+03
1.23060E+01        5.22832595951E+03
1.23120E+01        5.22358924568E+03
1.23180E+01        5.21885894765E+03
1.23240E+01        5.21413505387E+03
1.23300E+01        5.20941755282E+03
1.23360E+01        5.20470643300E+03
1.23420E+01        5.20000168294E+03
1.23480E+01        5.19530329122E+03
1.23540E+01        5.19061124640E+03
1.23600E+01        5.18592553710E+03
1.23660E+01        5.18124615194E+03
1.23720E+01        5.17657307960E+03
1.23780E+01        5.17190630876E+03
1.23840E+01        5.16724582812E+03
1.23900E+01        5.16259162642E+03
1.23960E+01        5.15794369242E+03
1.24020E+01        5.15330201491E+03
1.24080E+01        5.14866658270E+03
1.24140E+01        5.14403738462E+03
1.24200E+01        5.13941440954E+03
1.24260E+01        5.13479764633E+03
1.24320E+01        5.13018708391E+03
1.24380E+01        5.12558271121E+03
1.24440E+01        5.12098451720E+03
1.24500E+01        5.11639249085E+03
1.24560E+01        5.11180662117E+03
1.24620E+01        5.10722689720E+03
1.24680E+01        5.10265330799E+03
1.24740E+01        5.09808584262E+03
1.24800E+01        5.09352449020E+03
1.24860E+01        5.08896923986E+03
1.24920E+01        5.08442008075E+03
1.24980E+01        5.07987700205E+03
1.25040E+01        5.07533999296E+03
1.25100E+01        5.07080904271E+03
1.25160E+01        5.06628414054E+03
1.25220E+01        5.06176527573E+03
1.25280E+01        5.05725243757E+03
1.25340E+01        5.05274561538E+03
1.25400E+01        5.04824479851E+03
1.25460E+01        5.04374997633E+03
1.25520E+01        5.03926113822E+03
1.25580E+01        5.03477827360E+03
1.25640E+01        5.03030137191E+03
1.25700E+01        5.02583042261E+03
1.25760E+01        5.02136541518E+03
1.25820E+01        5.01690633912E+03
1.25880E+01        5.01245318398E+03
1.25940E+01        5.00800593929E+03
1.26000E+01        5.00356459465E+03
1.26060E+01        4.99912913964E+03
1.26120E+01        4.99469956388E+03
1.26180E+01        4.99027585703E+03
1.26240E+01        4.98585800875E+03
1.26300E+01        4.98144600873E+03
1.26360E+01        4.97703984669E+03
1.26420E+01        4.97263951235E+03
1.26480E+01        4.96824499547E+03
1.26540E+01        4.96385628584E+03
1.26600E+01        4.95947337326E+03
1.26660E+01        4.95509624755E+03
1.26720E+01        4.95072489855E+03
1.26780E+01        4.94635931615E+03
1.26840E+01        4.94199949022E+03
1.26900E+01        4.93764541068E+03
1.26960E+01        4.93329706748E+03
1.27020E+01        4.92895445055E+03
1.27080E+01        4.92461754989E+03
1.27140E+01        4.92028635550E+03
1.27200E+01        4.91596085739E+03
1.27260E+01        4.91164104561E+03
1.27320E+01        4.90732691023E+03
1.27380E+01        4.90301844133E+03
1.27440E+01        4.89871562903E+03
1.27500E+01        4.89441846346E+03
1.27560E+01        4.89012693476E+03
1.27620E+01        4.88584103311E+03
1.27680E+01        4.88156074871E+03
1.27740E+01        4.87728607178E+03
1.27800E+01        4.87301699254E+03
1.27860E+01        4.86875350126E+03
1.27920E+01        4.86449558822E+03
1.27980E+01        4.86024324371E+03
1.28040E+01        4.85599645807E+03
1.28100E+01        4.85175522164E+03
1.28160E+01        4.84751952477E+03
1.28220E+01        4.84328935785E+03
1.28280E+01        4.83906471128E+03
1.28340E+01        4.83484557551E+03
1.28400E+01        4.83063194096E+03
1.28460E+01        4.82642379811E+03
1.28520E+01        4.82222113744E+03
1.28580E+01        4.81802394947E+03
1.28640E+01        4.81383222471E+03
1.28700E+01        4.80964595373E+03
1.28760E+01        4.80546512710E+03
1.28820E+01        4.80128973539E+03
1.28880E+01        4.79711976923E+03
1.28940E+01        4.79295521923E+03
1.29000E+01        4.78879607606E+03
1.29060E+01        4.78464233038E+03
1.29120E+01        4.78049397289E+03
1.29180E+01        4.77635099429E+03
1.29240E+01        4.77221338532E+03
1.29300E+01        4.76808113672E+03
1.29360E+01        4.76395423927E+03
1.29420E+01        4.75983268376E+03
1.29480E+01        4.75571646099E+03
1.29540E+01        4.75160556181E+03
1.29600E+01        4.74749997704E+03
1.29660E+01        4.74339969757E+03
1.29720E+01        4.73930471429E+03
1.29780E+01        4.73521501809E+03
1.29840E+01        4.73113059992E+03
1.29900E+01        4.72705145071E+03
1.29960E+01        4.72297756143E+03
1.30020E+01        4.71890892307E+03
1.30080E+01        4.71484552663E+03
1.30140E+01        4.71078736313E+03
1.30200E+01        4.70673442363E+03
1.30260E+01        4.70268669917E+03
1.30320E+01        4.69864418085E+03
1.30380E+01        4.69460685976E+03
1.30440E+01        4.69057472702E+03
1.30500E+01        4.68654777377E+03
1.30560E+01        4.68252599116E+03
1.30620E+01        4.67850937038E+03
1.30680E+01        4.67449790261E+03
1.30740E+01        4.67049157908E+03
1.30800E+01        4.66649039100E+03
1.30860E+01        4.66249432964E+03
1.30920E+01        4.65850338625E+03
1.30980E+01        4.65451755214E+03
1.31040E+01        4.65053681859E+03
1.31100E+01        4.64656117695E+03
1.31160E+01        4.64259061855E+03
1.31220E+01        4.63862513475E+03
1.31280E+01        4.63466471694E+03
1.31340E+01        4.63070935650E+03
1.31400E+01        4.62675904486E+03
1.31460E+01        4.62281377345E+03
1.31520E+01        4.61887353372E+03
1.31580E+01        4.61493831714E+03
1.31640E+01        4.61100811521E+03
1.31700E+01        4.60708291941E+03
1.31760E+01        4.60316272130E+03
1.31820E+01        4.59924751239E+03
1.31880E+01        4.59533728425E+03
1.31940E+01        4.59143202847E+03
1.32000E+01        4.58753173663E+03
1.32060E+01        4.58363640035E+03
1.32120E+01        4.57974601126E+03
1.32180E+01        4.57586056101E+03
1.32240E+01        4.57198004126E+03
1.32300E+01        4.56810444369E+03
1.32360E+01        4.56423376002E+03
1.32420E+01        4.56036798195E+03
1.32480E+01        4.55650710122E+03
1.32540E+01        4.55265110959E+03
1.32600E+01        4.54879999882E+03
1.32660E+01        4.54495376071E+03
1.32720E+01        4.54111238705E+03
1.32780E+01        4.53727586967E+03
1.32840E+01        4.53344420042E+03
1.32900E+01        4.52961737113E+03
1.32960E+01        4.52579537370E+03
1.33020E+01        4.52197820000E+03
1.33080E+01        4.51816584195E+03
1.33140E+01        4.51435829147E+03
1.33200E+01        4.51055554050E+03
1.33260E+01        4.50675758100E+03
1.33320E+01        4.50296440494E+03
1.33380E+01        4.49917600432E+03
1.33440E+01        4.49539237113E+03
1.33500E+01        4.49161349742E+03
1.33560E+01        4.48783937522E+03
1.33620E+01        4.48406999658E+03
1.33680E+01        4.48030535358E+03
