output/Noodles_2021-02-26/SED_06.dat
# %ECSV 0.9
# ---
# datatype:
# - {name: wavelength, unit: micron, datatype: float64}
# - {name: flux, unit: microJansky, datatype: float64}
# schema: astropy-2.0
#
#
#  - - File generated by ExoNoodle - -
#         V1.0.0 - MML (CEA-Saclay)
#       2021-02-26 14:01:48.325215
wavelength flux 
[from data line 1730]
1.33800E+01        4.61122170176E+03
1.33860E+01        4.60735507894E+03
1.33920E+01        4.60349330542E+03
1.33980E+01        4.59963637311E+03
1.34040E+01        4.59578427395E+03
1.34100E+01        4.59193699989E+03
1.34160E+01        4.58809454289E+03
1.34220E+01        4.58425689494E+03
1.34280E+01        4.58042404803E+03
1.34340E+01        4.57659599419E+03
1.34400E+01        4.57277272545E+03
1.34460E+01        4.56895423385E+03
1.34520E+01        4.56514051146E+03
1.34580E+01        4.56133155036E+03
1.34640E+01        4.55752734266E+03
1.34700E+01        4.55372788046E+03
1.34760E+01        4.54993315590E+03
1.34820E+01        4.54614316113E+03
1.34880E+01        4.54235788831E+03
1.34940E+01        4.53857732962E+03
1.35000E+01        4.53480147725E+03
1.35060E+01        4.53103032342E+03
1.35120E+01        4.52726386036E+03
1.35180E+01        4.52350208031E+03
1.35240E+01        4.51974497553E+03
1.35300E+01        4.51599253829E+03
1.35360E+01        4.51224476090E+03
1.35420E+01        4.50850163565E+03
1.35480E+01        4.50476315487E+03
1.35540E+01        4.50102931090E+03
1.35600E+01        4.49730009610E+03
1.35660E+01        4.49357550283E+03
1.35720E+01        4.48985552349E+03
1.35780E+01        4.48614015047E+03
1.35840E+01        4.48242937619E+03
1.35900E+01        4.47872319309E+03
1.35960E+01        4.47502159362E+03
1.36020E+01        4.47132457023E+03
1.36080E+01        4.46763211542E+03
1.36140E+01        4.46394422166E+03
1.36200E+01        4.46026088149E+03
1.36260E+01        4.45658208741E+03
1.36320E+01        4.45290783198E+03
1.36380E+01        4.44923810775E+03
1.36440E+01        4.44557290728E+03
1.36500E+01        4.44191222318E+03
1.36560E+01        4.43825604803E+03
1.36620E+01        4.43460437446E+03
1.36680E+01        4.43095719509E+03
1.36740E+01        4.42731450258E+03
1.36800E+01        4.42367628959E+03
1.36860E+01        4.42004254880E+03
1.36920E+01        4.41641327289E+03
1.36980E+01        4.41278845457E+03
1.37040E+01        4.40916808657E+03
1.37100E+01        4.40555216162E+03
1.37160E+01        4.40194067247E+03
1.37220E+01        4.39833361189E+03
1.37280E+01        4.39473097266E+03
1.37340E+01        4.39113274758E+03
1.37400E+01        4.38753892945E+03
1.37460E+01        4.38394951110E+03
1.37520E+01        4.38036448537E+03
1.37580E+01        4.37678384511E+03
1.37640E+01        4.37320758319E+03
1.37700E+01        4.36963569250E+03
1.37760E+01        4.36606816592E+03
1.37820E+01        4.36250499638E+03
1.37880E+01        4.35894617680E+03
1.37940E+01        4.35539170011E+03
1.38000E+01        4.35184155927E+03
1.38060E+01        4.34829574726E+03
1.38120E+01        4.34475425705E+03
1.38180E+01        4.34121708163E+03
1.38240E+01        4.33768421403E+03
1.38300E+01        4.33415564727E+03
1.38360E+01        4.33063137438E+03
1.38420E+01        4.32711138843E+03
1.38480E+01        4.32359568246E+03
1.38540E+01        4.32008424958E+03
1.38600E+01        4.31657708287E+03
1.38660E+01        4.31307417544E+03
1.38720E+01        4.30957552042E+03
1.38780E+01        4.30608111094E+03
1.38840E+01        4.30259094016E+03
1.38900E+01        4.29910500123E+03
1.38960E+01        4.29562328733E+03
1.39020E+01        4.29214579167E+03
1.39080E+01        4.28867250743E+03
1.39140E+01        4.28520342785E+03
1.39200E+01        4.28173854616E+03
1.39260E+01        4.27827785559E+03
1.39320E+01        4.27482134942E+03
1.39380E+01        4.27136902091E+03
1.39440E+01        4.26792086335E+03
1.39500E+01        4.26447687004E+03
1.39560E+01        4.26103703430E+03
1.39620E+01        4.25760134946E+03
1.39680E+01        4.25416980884E+03
1.39740E+01        4.25074240582E+03
1.39800E+01        4.24731913374E+03
1.39860E+01        4.24389998600E+03
1.39920E+01        4.24048495599E+03
1.39980E+01        4.23707403712E+03
1.40040E+01        4.23366722279E+03
