output/Noodles_2021-02-26/SED_06.dat
# %ECSV 0.9
# ---
# datatype:
# - {name: wavelength, unit: micron, datatype: float64}
# - {name: flux, unit: microJansky, datatype: float64}
# schema: astropy-2.0
#
#
#  - - File generated by ExoNoodle - -
#         V1.0.0 - MML (CEA-Saclay)
#       2021-02-26 14:01:48.325215
wavelength flux 
[from data line 865]
8.19000E+00        1.13310334121E+04
8.19600E+00        1.13162343605E+04
8.20200E+00        1.13014640667E+04
8.20800E+00        1.12867224571E+04
8.21400E+00        1.12720094580E+04
8.22000E+00        1.12573249961E+04
8.22600E+00        1.12426689982E+04
8.23200E+00        1.12280413915E+04
8.23800E+00        1.12134421034E+04
8.24400E+00        1.11988710613E+04
8.25000E+00        1.11843281931E+04
8.25600E+00        1.11698134268E+04
8.26200E+00        1.11553266908E+04
8.26800E+00        1.11408679134E+04
8.27400E+00        1.11264370233E+04
8.28000E+00        1.11120339497E+04
8.28600E+00        1.10976586214E+04
8.29200E+00        1.10833109681E+04
8.29800E+00        1.10689909192E+04
8.30400E+00        1.10546984046E+04
8.31000E+00        1.10404333544E+04
8.31600E+00        1.10261956988E+04
8.32200E+00        1.10119853683E+04
8.32800E+00        1.09978022936E+04
8.33400E+00        1.09836464056E+04
8.34000E+00        1.09695176354E+04
8.34600E+00        1.09554159145E+04
8.35200E+00        1.09413411744E+04
8.35800E+00        1.09272933468E+04
8.36400E+00        1.09132723639E+04
8.37000E+00        1.08992781576E+04
8.37600E+00        1.08853106606E+04
8.38200E+00        1.08713698055E+04
8.38800E+00        1.08574555250E+04
8.39400E+00        1.08435677522E+04
8.40000E+00        1.08297064204E+04
8.40600E+00        1.08158714630E+04
8.41200E+00        1.08020628138E+04
8.41800E+00        1.07882804066E+04
8.42400E+00        1.07745241755E+04
8.43000E+00        1.07607940548E+04
8.43600E+00        1.07470899790E+04
8.44200E+00        1.07334118827E+04
8.44800E+00        1.07197597010E+04
8.45400E+00        1.07061333688E+04
8.46000E+00        1.06925328215E+04
8.46600E+00        1.06789579947E+04
8.47200E+00        1.06654088239E+04
8.47800E+00        1.06518852452E+04
8.48400E+00        1.06383871946E+04
8.49000E+00        1.06249146083E+04
8.49600E+00        1.06114674231E+04
8.50200E+00        1.05980455754E+04
8.50800E+00        1.05846490022E+04
8.51400E+00        1.05712776405E+04
8.52000E+00        1.05579314277E+04
8.52600E+00        1.05446103013E+04
8.53200E+00        1.05313141988E+04
8.53800E+00        1.05180430582E+04
8.54400E+00        1.05047968174E+04
8.55000E+00        1.04915754147E+04
8.55600E+00        1.04783787886E+04
8.56200E+00        1.04652068777E+04
8.56800E+00        1.04520596207E+04
8.57400E+00        1.04389369566E+04
8.58000E+00        1.04258388246E+04
8.58600E+00        1.04127651642E+04
8.59200E+00        1.03997159147E+04
8.59800E+00        1.03866910160E+04
8.60400E+00        1.03736904080E+04
8.61000E+00        1.03607140308E+04
8.61600E+00        1.03477618246E+04
8.62200E+00        1.03348337300E+04
8.62800E+00        1.03219296875E+04
8.63400E+00        1.03090496381E+04
8.64000E+00        1.02961935226E+04
8.64600E+00        1.02833612824E+04
8.65200E+00        1.02705528587E+04
8.65800E+00        1.02577681931E+04
8.66400E+00        1.02450072274E+04
8.67000E+00        1.02322699034E+04
8.67600E+00        1.02195561632E+04
8.68200E+00        1.02068659490E+04
8.68800E+00        1.01941992034E+04
8.69400E+00        1.01815558688E+04
8.70000E+00        1.01689358881E+04
8.70600E+00        1.01563392042E+04
8.71200E+00        1.01437657603E+04
8.71800E+00        1.01312154995E+04
8.72400E+00        1.01186883655E+04
8.73000E+00        1.01061843018E+04
8.73600E+00        1.00937032522E+04
8.74200E+00        1.00812451607E+04
8.74800E+00        1.00688099715E+04
8.75400E+00        1.00563976288E+04
8.76000E+00        1.00440080772E+04
8.76600E+00        1.00316412612E+04
8.77200E+00        1.00192971258E+04
8.77800E+00        1.00069756158E+04
8.78400E+00        9.99467667646E+03
8.79000E+00        9.98240025305E+03
8.79600E+00        9.97014629105E+03
8.80200E+00        9.95791473609E+03
8.80800E+00        9.94570553397E+03
8.81400E+00        9.93351863066E+03
8.82000E+00        9.92135397227E+03
8.82600E+00        9.90921150510E+03
8.83200E+00        9.89709117559E+03
8.83800E+00        9.88499293035E+03
8.84400E+00        9.87291671614E+03
8.85000E+00        9.86086247988E+03
8.85600E+00        9.84883016867E+03
8.86200E+00        9.83681972974E+03
8.86800E+00        9.82483111048E+03
8.87400E+00        9.81286425846E+03
8.88000E+00        9.80091912138E+03
8.88600E+00        9.78899564712E+03
8.89200E+00        9.77709378368E+03
8.89800E+00        9.76521347926E+03
8.90400E+00        9.75335468217E+03
8.91000E+00        9.74151734091E+03
8.91600E+00        9.72970140411E+03
8.92200E+00        9.71790682056E+03
8.92800E+00        9.70613353919E+03
8.93400E+00        9.69438150911E+03
8.94000E+00        9.68265067955E+03
8.94600E+00        9.67094099990E+03
8.95200E+00        9.65925241972E+03
8.95800E+00        9.64758488869E+03
8.96400E+00        9.63593835664E+03
8.97000E+00        9.62431277358E+03
8.97600E+00        9.61270808964E+03
8.98200E+00        9.60112425509E+03
8.98800E+00        9.58956122038E+03
8.99400E+00        9.57801893606E+03
9.00000E+00        9.56649735288E+03
9.00600E+00        9.55499642169E+03
9.01200E+00        9.54351609350E+03
9.01800E+00        9.53205631947E+03
9.02400E+00        9.52061705090E+03
9.03000E+00        9.50919823922E+03
9.03600E+00        9.49779983603E+03
9.04200E+00        9.48642179305E+03
9.04800E+00        9.47506406214E+03
9.05400E+00        9.46372659532E+03
9.06000E+00        9.45240934474E+03
9.06600E+00        9.44111226267E+03
9.07200E+00        9.42983530156E+03
9.07800E+00        9.41857841397E+03
9.08400E+00        9.40734155261E+03
9.09000E+00        9.39612467031E+03
9.09600E+00        9.38492772007E+03
9.10200E+00        9.37375065500E+03
9.10800E+00        9.36259342836E+03
9.11400E+00        9.35145599354E+03
9.12000E+00        9.34033830407E+03
9.12600E+00        9.32924031361E+03
9.13200E+00        9.31816197596E+03
9.13800E+00        9.30710324506E+03
9.14400E+00        9.29606407496E+03
9.15000E+00        9.28504441987E+03
9.15600E+00        9.27404423412E+03
9.16200E+00        9.26306347217E+03
9.16800E+00        9.25210208863E+03
9.17400E+00        9.24116003822E+03
9.18000E+00        9.23023727581E+03
9.18600E+00        9.21933375637E+03
9.19200E+00        9.20844943504E+03
9.19800E+00        9.19758426706E+03
9.20400E+00        9.18673820781E+03
9.21000E+00        9.17591121280E+03
9.21600E+00        9.16510323768E+03
9.22200E+00        9.15431423820E+03
9.22800E+00        9.14354417025E+03
9.23400E+00        9.13279298986E+03
9.24000E+00        9.12206065317E+03
9.24600E+00        9.11134711646E+03
9.25200E+00        9.10065233612E+03
9.25800E+00        9.08997626868E+03
9.26400E+00        9.07931887079E+03
9.27000E+00        9.06868009922E+03
9.27600E+00        9.05805991087E+03
9.28200E+00        9.04745826276E+03
9.28800E+00        9.03687511203E+03
9.29400E+00        9.02631041595E+03
9.30000E+00        9.01576413191E+03
9.30600E+00        9.00523621743E+03
9.31200E+00        8.99472663013E+03
9.31800E+00        8.98423532778E+03
9.32400E+00        8.97376226824E+03
9.33000E+00        8.96330740951E+03
9.33600E+00        8.95287070971E+03
9.34200E+00        8.94245212708E+03
9.34800E+00        8.93205161996E+03
9.35400E+00        8.92166914683E+03
9.36000E+00        8.91130466628E+03
9.36600E+00        8.90095813703E+03
9.37200E+00        8.89062951789E+03
9.37800E+00        8.88031876782E+03
9.38400E+00        8.87002584587E+03
9.39000E+00        8.85975071121E+03
9.39600E+00        8.84949332316E+03
9.40200E+00        8.83925364110E+03
9.40800E+00        8.82903162457E+03
9.41400E+00        8.81882723320E+03
9.42000E+00        8.80864042674E+03
9.42600E+00        8.79847116508E+03
9.43200E+00        8.78831940817E+03
9.43800E+00        8.77818511612E+03
9.44400E+00        8.76806824914E+03
9.45000E+00        8.75796876754E+03
9.45600E+00        8.74788663176E+03
9.46200E+00        8.73782180233E+03
9.46800E+00        8.72777423992E+03
9.47400E+00        8.71774390528E+03
9.48000E+00        8.70773075929E+03
9.48600E+00        8.69773476294E+03
9.49200E+00        8.68775587733E+03
9.49800E+00        8.67779406366E+03
9.50400E+00        8.66784928324E+03
9.51000E+00        8.65792149750E+03
9.51600E+00        8.64801066797E+03
9.52200E+00        8.63811675629E+03
9.52800E+00        8.62823972421E+03
9.53400E+00        8.61837953358E+03
9.54000E+00        8.60853614636E+03
9.54600E+00        8.59870952462E+03
9.55200E+00        8.58889963053E+03
9.55800E+00        8.57910642639E+03
9.56400E+00        8.56932987456E+03
9.57000E+00        8.55956993755E+03
9.57600E+00        8.54982657795E+03
9.58200E+00        8.54009975846E+03
9.58800E+00        8.53038944188E+03
9.59400E+00        8.52069559112E+03
9.60000E+00        8.51101816920E+03
9.60600E+00        8.50135713922E+03
9.61200E+00        8.49171246441E+03
9.61800E+00        8.48208410809E+03
9.62400E+00        8.47247203368E+03
9.63000E+00        8.46287620470E+03
9.63600E+00        8.45329658478E+03
9.64200E+00        8.44373313765E+03
9.64800E+00        8.43418582712E+03
9.65400E+00        8.42465461713E+03
9.66000E+00        8.41513947172E+03
9.66600E+00        8.40564035499E+03
9.67200E+00        8.39615723119E+03
9.67800E+00        8.38669006463E+03
9.68400E+00        8.37723881974E+03
9.69000E+00        8.36780346105E+03
9.69600E+00        8.35838395317E+03
9.70200E+00        8.34898026083E+03
9.70800E+00        8.33959234884E+03
9.71400E+00        8.33022018211E+03
9.72000E+00        8.32086372565E+03
9.72600E+00        8.31152294458E+03
9.73200E+00        8.30219780409E+03
9.73800E+00        8.29288826949E+03
9.74400E+00        8.28359430616E+03
9.75000E+00        8.27431587960E+03
9.75600E+00        8.26505295540E+03
9.76200E+00        8.25580549922E+03
9.76800E+00        8.24657347685E+03
9.77400E+00        8.23735685416E+03
9.78000E+00        8.22815559709E+03
9.78600E+00        8.21896967172E+03
9.79200E+00        8.20979904418E+03
9.79800E+00        8.20064368072E+03
9.80400E+00        8.19150354767E+03
9.81000E+00        8.18237861145E+03
9.81600E+00        8.17326883859E+03
9.82200E+00        8.16417419569E+03
9.82800E+00        8.15509464945E+03
9.83400E+00        8.14603016666E+03
9.84000E+00        8.13698071421E+03
9.84600E+00        8.12794625906E+03
9.85200E+00        8.11892676828E+03
9.85800E+00        8.10992220902E+03
9.86400E+00        8.10093254852E+03
9.87000E+00        8.09195775411E+03
9.87600E+00        8.08299779321E+03
9.88200E+00        8.07405263334E+03
9.88800E+00        8.06512224208E+03
9.89400E+00        8.05620658712E+03
9.90000E+00        8.04730563624E+03
9.90600E+00        8.03841935728E+03
9.91200E+00        8.02954771821E+03
9.91800E+00        8.02069068706E+03
9.92400E+00        8.01184823194E+03
9.93000E+00        8.00302032106E+03
9.93600E+00        7.99420692272E+03
9.94200E+00        7.98540800530E+03
9.94800E+00        7.97662353725E+03
9.95400E+00        7.96785348714E+03
9.96000E+00        7.95909782358E+03
9.96600E+00        7.95035651532E+03
9.97200E+00        7.94162953114E+03
9.97800E+00        7.93291683994E+03
9.98400E+00        7.92421841069E+03
9.99000E+00        7.91553421244E+03
9.99600E+00        7.90686421434E+03
1.00020E+01        7.89820838560E+03
1.00080E+01        7.88956669554E+03
1.00140E+01        7.88093911353E+03
1.00200E+01        7.87232560905E+03
1.00260E+01        7.86372615165E+03
1.00320E+01        7.85514071097E+03
1.00380E+01        7.84656925672E+03
1.00440E+01        7.83801175870E+03
1.00500E+01        7.82946818678E+03
1.00560E+01        7.82093851092E+03
1.00620E+01        7.81242270116E+03
1.00680E+01        7.80392072763E+03
1.00740E+01        7.79543256051E+03
1.00800E+01        7.78695817010E+03
1.00860E+01        7.77849752674E+03
1.00920E+01        7.77005060087E+03
1.00980E+01        7.76161736301E+03
1.01040E+01        7.75319778376E+03
1.01100E+01        7.74479183379E+03
1.01160E+01        7.73639948384E+03
1.01220E+01        7.72802070476E+03
1.01280E+01        7.71965546745E+03
1.01340E+01        7.71130374288E+03
1.01400E+01        7.70296550213E+03
1.01460E+01        7.69464071634E+03
1.01520E+01        7.68632935671E+03
1.01580E+01        7.67803139455E+03
1.01640E+01        7.66974680121E+03
1.01700E+01        7.66147554815E+03
1.01760E+01        7.65321760688E+03
1.01820E+01        7.64497294901E+03
1.01880E+01        7.63674154619E+03
1.01940E+01        7.62852337018E+03
1.02000E+01        7.62031839280E+03
1.02060E+01        7.61212658594E+03
1.02120E+01        7.60394792158E+03
1.02180E+01        7.59578237175E+03
1.02240E+01        7.58762990858E+03
1.02300E+01        7.57949050425E+03
1.02360E+01        7.57136413103E+03
1.02420E+01        7.56325076127E+03
1.02480E+01        7.55515036736E+03
1.02540E+01        7.54706292180E+03
1.02600E+01        7.53898839713E+03
1.02660E+01        7.53092676600E+03
1.02720E+01        7.52287800109E+03
1.02780E+01        7.51484207518E+03
1.02840E+01        7.50681896112E+03
1.02900E+01        7.49880863182E+03
1.02960E+01        7.49081106026E+03
1.03020E+01        7.48282621950E+03
1.03080E+01        7.47485408268E+03
1.03140E+01        7.46689462298E+03
1.03200E+01        7.45894781368E+03
1.03260E+01        7.45101362812E+03
1.03320E+01        7.44309203970E+03
1.03380E+01        7.43518302191E+03
1.03440E+01        7.42728654829E+03
1.03500E+01        7.41940259245E+03
1.03560E+01        7.41153112808E+03
1.03620E+01        7.40367212894E+03
1.03680E+01        7.39582556885E+03
1.03740E+01        7.38799142170E+03
1.03800E+01        7.38016966145E+03
1.03860E+01        7.37236026212E+03
1.03920E+01        7.36456319781E+03
1.03980E+01        7.35677844269E+03
1.04040E+01        7.34900597098E+03
1.04100E+01        7.34124575698E+03
1.04160E+01        7.33349777505E+03
1.04220E+01        7.32576199962E+03
1.04280E+01        7.31803840519E+03
1.04340E+01        7.31032696632E+03
1.04400E+01        7.30262765764E+03
1.04460E+01        7.29494045384E+03
1.04520E+01        7.28726532968E+03
1.04580E+01        7.27960226000E+03
1.04640E+01        7.27195121967E+03
1.04700E+01        7.26431218365E+03
1.04760E+01        7.25668512697E+03
1.04820E+01        7.24907002471E+03
1.04880E+01        7.24146685202E+03
1.04940E+01        7.23387558411E+03
1.05000E+01        7.22629619626E+03
1.05060E+01        7.21872866381E+03
1.05120E+01        7.21117296216E+03
1.05180E+01        7.20362906679E+03
1.05240E+01        7.19609695323E+03
1.05300E+01        7.18857659706E+03
1.05360E+01        7.18106797395E+03
1.05420E+01        7.17357105962E+03
1.05480E+01        7.16608582984E+03
1.05540E+01        7.15861226047E+03
1.05600E+01        7.15115032742E+03
1.05660E+01        7.14370000663E+03
1.05720E+01        7.13626127416E+03
1.05780E+01        7.12883410609E+03
1.05840E+01        7.12141847858E+03
1.05900E+01        7.11401436783E+03
1.05960E+01        7.10662175013E+03
1.06020E+01        7.09924060180E+03
1.06080E+01        7.09187089925E+03
1.06140E+01        7.08451261893E+03
1.06200E+01        7.07716573736E+03
1.06260E+01        7.06983023112E+03
1.06320E+01        7.06250607684E+03
1.06380E+01        7.05519325122E+03
1.06440E+01        7.04789173101E+03
1.06500E+01        7.04060149304E+03
1.06560E+01        7.03332251417E+03
1.06620E+01        7.02605477133E+03
1.06680E+01        7.01879824153E+03
1.06740E+01        7.01155290180E+03
1.06800E+01        7.00431872926E+03
1.06860E+01        6.99709570108E+03
1.06920E+01        6.98988379448E+03
1.06980E+01        6.98268298675E+03
1.07040E+01        6.97549325521E+03
1.07100E+01        6.96831457728E+03
1.07160E+01        6.96114693041E+03
1.07220E+01        6.95399029211E+03
1.07280E+01        6.94684463994E+03
1.07340E+01        6.93970995155E+03
1.07400E+01        6.93258620460E+03
1.07460E+01        6.92547337684E+03
1.07520E+01        6.91837144606E+03
1.07580E+01        6.91128039012E+03
1.07640E+01        6.90420018693E+03
1.07700E+01        6.89713081444E+03
1.07760E+01        6.89007225068E+03
