output/Noodles_2021-02-26/SED_04.dat
# %ECSV 0.9
# ---
# datatype:
# - {name: wavelength, unit: micron, datatype: float64}
# - {name: flux, unit: microJansky, datatype: float64}
# schema: astropy-2.0
#
#
#  - - File generated by ExoNoodle - -
#         V1.0.0 - MML (CEA-Saclay)
#       2021-02-26 14:01:48.325215
wavelength flux 
[from data line 433]
5.59800E+00        2.18839412004E+04
5.60400E+00        2.18446606637E+04
5.61000E+00        2.18054838470E+04
5.61600E+00        2.17664103941E+04
5.62200E+00        2.17274399502E+04
5.62800E+00        2.16885721623E+04
5.63400E+00        2.16498066783E+04
5.64000E+00        2.16111431482E+04
5.64600E+00        2.15725812229E+04
5.65200E+00        2.15341205552E+04
5.65800E+00        2.14957607989E+04
5.66400E+00        2.14575016095E+04
5.67000E+00        2.14193426440E+04
5.67600E+00        2.13812835606E+04
5.68200E+00        2.13433240190E+04
5.68800E+00        2.13054636804E+04
5.69400E+00        2.12677022071E+04
5.70000E+00        2.12300392631E+04
5.70600E+00        2.11924745138E+04
5.71200E+00        2.11550076256E+04
5.71800E+00        2.11176382667E+04
5.72400E+00        2.10803661065E+04
5.73000E+00        2.10431908156E+04
5.73600E+00        2.10061120662E+04
5.74200E+00        2.09691295318E+04
5.74800E+00        2.09322428870E+04
5.75400E+00        2.08954518081E+04
5.76000E+00        2.08587559724E+04
5.76600E+00        2.08221550587E+04
5.77200E+00        2.07856487471E+04
5.77800E+00        2.07492367189E+04
5.78400E+00        2.07129186569E+04
5.79000E+00        2.06766942450E+04
5.79600E+00        2.06405631685E+04
5.80200E+00        2.06045251139E+04
5.80800E+00        2.05685797690E+04
5.81400E+00        2.05327268230E+04
5.82000E+00        2.04969659662E+04
5.82600E+00        2.04612968902E+04
5.83200E+00        2.04257192879E+04
5.83800E+00        2.03902328535E+04
5.84400E+00        2.03548372822E+04
5.85000E+00        2.03195322707E+04
5.85600E+00        2.02843175168E+04
5.86200E+00        2.02491927195E+04
5.86800E+00        2.02141575792E+04
5.87400E+00        2.01792117973E+04
5.88000E+00        2.01443550764E+04
5.88600E+00        2.01095871206E+04
5.89200E+00        2.00749076349E+04
5.89800E+00        2.00403163255E+04
5.90400E+00        2.00058129000E+04
5.91000E+00        1.99713970669E+04
5.91600E+00        1.99370685361E+04
5.92200E+00        1.99028270185E+04
5.92800E+00        1.98686722264E+04
5.93400E+00        1.98346038730E+04
5.94000E+00        1.98006216728E+04
5.94600E+00        1.97667253413E+04
5.95200E+00        1.97329145954E+04
5.95800E+00        1.96991891529E+04
5.96400E+00        1.96655487328E+04
5.97000E+00        1.96319930553E+04
5.97600E+00        1.95985218416E+04
5.98200E+00        1.95651348141E+04
5.98800E+00        1.95318316963E+04
5.99400E+00        1.94986122127E+04
6.00000E+00        1.94654760892E+04
6.00600E+00        1.94324230523E+04
6.01200E+00        1.93994528301E+04
6.01800E+00        1.93665651515E+04
6.02400E+00        1.93337597464E+04
6.03000E+00        1.93010363461E+04
6.03600E+00        1.92683946828E+04
6.04200E+00        1.92358344896E+04
6.04800E+00        1.92033555008E+04
6.05400E+00        1.91709574519E+04
6.06000E+00        1.91386400793E+04
6.06600E+00        1.91064031203E+04
6.07200E+00        1.90742463136E+04
6.07800E+00        1.90421693986E+04
6.08400E+00        1.90101721159E+04
6.09000E+00        1.89782542071E+04
6.09600E+00        1.89464154148E+04
6.10200E+00        1.89146554827E+04
6.10800E+00        1.88829741554E+04
6.11400E+00        1.88513711785E+04
6.12000E+00        1.88198462987E+04
6.12600E+00        1.87883992637E+04
6.13200E+00        1.87570298221E+04
6.13800E+00        1.87257377235E+04
6.14400E+00        1.86945227186E+04
6.15000E+00        1.86633845589E+04
6.15600E+00        1.86323229971E+04
6.16200E+00        1.86013377867E+04
6.16800E+00        1.85704286822E+04
6.17400E+00        1.85395954390E+04
6.18000E+00        1.85088378137E+04
6.18600E+00        1.84781555636E+04
6.19200E+00        1.84475484470E+04
6.19800E+00        1.84170162233E+04
6.20400E+00        1.83865586526E+04
6.21000E+00        1.83561754962E+04
6.21600E+00        1.83258665161E+04
6.22200E+00        1.82956314753E+04
6.22800E+00        1.82654701379E+04
6.23400E+00        1.82353822686E+04
6.24000E+00        1.82053676332E+04
6.24600E+00        1.81754259985E+04
6.25200E+00        1.81455571321E+04
6.25800E+00        1.81157608023E+04
6.26400E+00        1.80860367788E+04
6.27000E+00        1.80563848317E+04
6.27600E+00        1.80268047322E+04
6.28200E+00        1.79972962525E+04
6.28800E+00        1.79678591654E+04
6.29400E+00        1.79384932449E+04
6.30000E+00        1.79091982656E+04
6.30600E+00        1.78799740031E+04
6.31200E+00        1.78508202339E+04
6.31800E+00        1.78217367353E+04
6.32400E+00        1.77927232855E+04
6.33000E+00        1.77637796634E+04
6.33600E+00        1.77349056491E+04
6.34200E+00        1.77061010231E+04
6.34800E+00        1.76773655672E+04
6.35400E+00        1.76486990637E+04
6.36000E+00        1.76201012958E+04
6.36600E+00        1.75915720477E+04
6.37200E+00        1.75631111042E+04
6.37800E+00        1.75347182512E+04
6.38400E+00        1.75063932751E+04
6.39000E+00        1.74781359633E+04
6.39600E+00        1.74499461041E+04
6.40200E+00        1.74218234864E+04
6.40800E+00        1.73937679001E+04
6.41400E+00        1.73657791357E+04
6.42000E+00        1.73378569847E+04
6.42600E+00        1.73100012393E+04
6.43200E+00        1.72822116925E+04
6.43800E+00        1.72544881381E+04
6.44400E+00        1.72268303707E+04
6.45000E+00        1.71992381856E+04
6.45600E+00        1.71717113790E+04
6.46200E+00        1.71442497478E+04
6.46800E+00        1.71168530896E+04
6.47400E+00        1.70895212030E+04
6.48000E+00        1.70622538871E+04
6.48600E+00        1.70350509420E+04
6.49200E+00        1.70079121684E+04
6.49800E+00        1.69808373677E+04
6.50400E+00        1.69538263423E+04
6.51000E+00        1.69268788950E+04
6.51600E+00        1.68999948298E+04
6.52200E+00        1.68731739510E+04
6.52800E+00        1.68464160638E+04
6.53400E+00        1.68197209743E+04
6.54000E+00        1.67930884891E+04
6.54600E+00        1.67665184157E+04
6.55200E+00        1.67400105621E+04
6.55800E+00        1.67135647372E+04
6.56400E+00        1.66871807507E+04
6.57000E+00        1.66608584128E+04
6.57600E+00        1.66345975345E+04
6.58200E+00        1.66083979276E+04
6.58800E+00        1.65822594045E+04
6.59400E+00        1.65561817783E+04
6.60000E+00        1.65301648629E+04
6.60600E+00        1.65042084727E+04
6.61200E+00        1.64783124231E+04
6.61800E+00        1.64524765299E+04
6.62400E+00        1.64267006097E+04
6.63000E+00        1.64009844799E+04
6.63600E+00        1.63753279583E+04
6.64200E+00        1.63497308637E+04
6.64800E+00        1.63241930154E+04
6.65400E+00        1.62987142333E+04
6.66000E+00        1.62732943382E+04
6.66600E+00        1.62479331514E+04
6.67200E+00        1.62226304948E+04
6.67800E+00        1.61973861912E+04
6.68400E+00        1.61722000639E+04
6.69000E+00        1.61470719369E+04
6.69600E+00        1.61220016347E+04
6.70200E+00        1.60969889827E+04
6.70800E+00        1.60720338068E+04
6.71400E+00        1.60471359335E+04
6.72000E+00        1.60222951902E+04
6.72600E+00        1.59975114046E+04
6.73200E+00        1.59727844053E+04
6.73800E+00        1.59481140213E+04
6.74400E+00        1.59235000824E+04
6.75000E+00        1.58989424191E+04
6.75600E+00        1.58744408622E+04
6.76200E+00        1.58499952435E+04
6.76800E+00        1.58256053952E+04
6.77400E+00        1.58012711502E+04
6.78000E+00        1.57769923419E+04
6.78600E+00        1.57527688044E+04
6.79200E+00        1.57286003725E+04
6.79800E+00        1.57044868815E+04
6.80400E+00        1.56804281673E+04
6.81000E+00        1.56564240663E+04
6.81600E+00        1.56324744158E+04
6.82200E+00        1.56085790533E+04
6.82800E+00        1.55847378174E+04
6.83400E+00        1.55609505467E+04
6.84000E+00        1.55372170809E+04
6.84600E+00        1.55135372599E+04
6.85200E+00        1.54899109245E+04
6.85800E+00        1.54663379159E+04
6.86400E+00        1.54428180758E+04
6.87000E+00        1.54193512468E+04
6.87600E+00        1.53959372717E+04
6.88200E+00        1.53725759941E+04
6.88800E+00        1.53492672581E+04
6.89400E+00        1.53260109083E+04
6.90000E+00        1.53028067901E+04
6.90600E+00        1.52796547492E+04
6.91200E+00        1.52565546319E+04
6.91800E+00        1.52335062852E+04
6.92400E+00        1.52105095565E+04
6.93000E+00        1.51875642939E+04
6.93600E+00        1.51646703460E+04
6.94200E+00        1.51418275617E+04
6.94800E+00        1.51190357909E+04
6.95400E+00        1.50962948837E+04
6.96000E+00        1.50736046909E+04
6.96600E+00        1.50509650637E+04
6.97200E+00        1.50283758540E+04
6.97800E+00        1.50058369141E+04
6.98400E+00        1.49833480969E+04
6.99000E+00        1.49609092559E+04
6.99600E+00        1.49385202449E+04
7.00200E+00        1.49161809184E+04
7.00800E+00        1.48938911314E+04
7.01400E+00        1.48716507395E+04
7.02000E+00        1.48494595986E+04
7.02600E+00        1.48273175653E+04
7.03200E+00        1.48052244967E+04
7.03800E+00        1.47831802502E+04
7.04400E+00        1.47611846841E+04
7.05000E+00        1.47392376568E+04
7.05600E+00        1.47173390275E+04
7.06200E+00        1.46954886558E+04
7.06800E+00        1.46736864017E+04
7.07400E+00        1.46519321258E+04
7.08000E+00        1.46302256893E+04
7.08600E+00        1.46085669538E+04
7.09200E+00        1.45869557812E+04
7.09800E+00        1.45653920341E+04
7.10400E+00        1.45438755757E+04
7.11000E+00        1.45224062694E+04
7.11600E+00        1.45009839793E+04
7.12200E+00        1.44796085699E+04
7.12800E+00        1.44582799062E+04
7.13400E+00        1.44369978537E+04
7.14000E+00        1.44157622782E+04
7.14600E+00        1.43945730462E+04
7.15200E+00        1.43734300246E+04
7.15800E+00        1.43523330808E+04
7.16400E+00        1.43312820825E+04
7.17000E+00        1.43102768982E+04
7.17600E+00        1.42893173965E+04
7.18200E+00        1.42684034466E+04
7.18800E+00        1.42475349183E+04
7.19400E+00        1.42267116817E+04
7.20000E+00        1.42059336073E+04
7.20600E+00        1.41852005663E+04
7.21200E+00        1.41645124302E+04
7.21800E+00        1.41438690708E+04
7.22400E+00        1.41232703607E+04
7.23000E+00        1.41027161726E+04
7.23600E+00        1.40822063799E+04
7.24200E+00        1.40617408563E+04
7.24800E+00        1.40413194761E+04
7.25400E+00        1.40209421137E+04
7.26000E+00        1.40006086444E+04
7.26600E+00        1.39803189435E+04
7.27200E+00        1.39600728871E+04
7.27800E+00        1.39398703515E+04
7.28400E+00        1.39197112134E+04
7.29000E+00        1.38995953503E+04
7.29600E+00        1.38795226396E+04
7.30200E+00        1.38594929595E+04
7.30800E+00        1.38395061884E+04
7.31400E+00        1.38195622054E+04
7.32000E+00        1.37996608898E+04
7.32600E+00        1.37798021213E+04
7.33200E+00        1.37599857801E+04
7.33800E+00        1.37402117469E+04
7.34400E+00        1.37204799026E+04
7.35000E+00        1.37007901286E+04
7.35600E+00        1.36811423069E+04
7.36200E+00        1.36615363197E+04
7.36800E+00        1.36419720496E+04
7.37400E+00        1.36224493796E+04
7.38000E+00        1.36029681934E+04
7.38600E+00        1.35835283746E+04
7.39200E+00        1.35641298076E+04
7.39800E+00        1.35447723771E+04
7.40400E+00        1.35254559680E+04
7.41000E+00        1.35061804660E+04
7.41600E+00        1.34869457568E+04
7.42200E+00        1.34677517266E+04
7.42800E+00        1.34485982622E+04
7.43400E+00        1.34294852505E+04
7.44000E+00        1.34104125790E+04
7.44600E+00        1.33913801354E+04
7.45200E+00        1.33723878080E+04
7.45800E+00        1.33534354852E+04
7.46400E+00        1.33345230562E+04
7.47000E+00        1.33156504101E+04
7.47600E+00        1.32968174367E+04
7.48200E+00        1.32780240261E+04
7.48800E+00        1.32592700688E+04
7.49400E+00        1.32405554555E+04
7.50000E+00        1.32218800775E+04
7.50600E+00        1.32032438264E+04
7.51200E+00        1.31846465941E+04
7.51800E+00        1.31660882729E+04
7.52400E+00        1.31475687555E+04
7.53000E+00        1.31290879350E+04
7.53600E+00        1.31106457047E+04
7.54200E+00        1.30922419585E+04
7.54800E+00        1.30738765904E+04
7.55400E+00        1.30555494950E+04
7.56000E+00        1.30372605671E+04
7.56600E+00        1.30190097020E+04
7.57200E+00        1.30007967951E+04
7.57800E+00        1.29826217424E+04
7.58400E+00        1.29644844401E+04
7.59000E+00        1.29463847850E+04
7.59600E+00        1.29283226738E+04
7.60200E+00        1.29102980040E+04
7.60800E+00        1.28923106733E+04
7.61400E+00        1.28743605795E+04
7.62000E+00        1.28564476211E+04
7.62600E+00        1.28385716968E+04
7.63200E+00        1.28207327056E+04
7.63800E+00        1.28029305468E+04
7.64400E+00        1.27851651202E+04
7.65000E+00        1.27674363258E+04
7.65600E+00        1.27497440640E+04
7.66200E+00        1.27320882356E+04
7.66800E+00        1.27144687415E+04
7.67400E+00        1.26968854831E+04
7.68000E+00        1.26793383622E+04
7.68600E+00        1.26618272809E+04
7.69200E+00        1.26443521413E+04
7.69800E+00        1.26269128464E+04
7.70400E+00        1.26095092990E+04
7.71000E+00        1.25921414026E+04
7.71600E+00        1.25748090607E+04
7.72200E+00        1.25575121774E+04
7.72800E+00        1.25402506570E+04
7.73400E+00        1.25230244041E+04
7.74000E+00        1.25058333237E+04
7.74600E+00        1.24886773210E+04
7.75200E+00        1.24715563016E+04
7.75800E+00        1.24544701713E+04
7.76400E+00        1.24374188364E+04
7.77000E+00        1.24204022034E+04
7.77600E+00        1.24034201792E+04
7.78200E+00        1.23864726707E+04
7.78800E+00        1.23695595856E+04
7.79400E+00        1.23526808315E+04
7.80000E+00        1.23358363164E+04
7.80600E+00        1.23190259488E+04
7.81200E+00        1.23022496373E+04
7.81800E+00        1.22855072908E+04
7.82400E+00        1.22687988186E+04
7.83000E+00        1.22521241303E+04
7.83600E+00        1.22354831358E+04
7.84200E+00        1.22188757450E+04
7.84800E+00        1.22023018687E+04
7.85400E+00        1.21857614174E+04
7.86000E+00        1.21692543022E+04
7.86600E+00        1.21527804344E+04
7.87200E+00        1.21363397257E+04
7.87800E+00        1.21199320880E+04
7.88400E+00        1.21035574334E+04
7.89000E+00        1.20872156745E+04
7.89600E+00        1.20709067240E+04
7.90200E+00        1.20546304951E+04
7.90800E+00        1.20383869010E+04
7.91400E+00        1.20221758553E+04
7.92000E+00        1.20059972721E+04
7.92600E+00        1.19898510654E+04
7.93200E+00        1.19737371497E+04
7.93800E+00        1.19576554399E+04
7.94400E+00        1.19416058509E+04
7.95000E+00        1.19255882980E+04
7.95600E+00        1.19096026969E+04
7.96200E+00        1.18936489633E+04
7.96800E+00        1.18777270135E+04
7.97400E+00        1.18618367637E+04
7.98000E+00        1.18459781308E+04
7.98600E+00        1.18301510315E+04
7.99200E+00        1.18143553833E+04
7.99800E+00        1.17985911034E+04
8.00400E+00        1.17828581098E+04
8.01000E+00        1.17671563203E+04
8.01600E+00        1.17514856534E+04
8.02200E+00        1.17358460275E+04
8.02800E+00        1.17202373614E+04
8.03400E+00        1.17046595743E+04
8.04000E+00        1.16891125854E+04
8.04600E+00        1.16735963143E+04
8.05200E+00        1.16581106810E+04
8.05800E+00        1.16426556055E+04
8.06400E+00        1.16272310082E+04
8.07000E+00        1.16118368097E+04
8.07600E+00        1.15964729309E+04
8.08200E+00        1.15811392930E+04
8.08800E+00        1.15658358173E+04
8.09400E+00        1.15505624255E+04
8.10000E+00        1.15353190394E+04
8.10600E+00        1.15201055813E+04
8.11200E+00        1.15049219735E+04
8.11800E+00        1.14897681386E+04
8.12400E+00        1.14746439996E+04
8.13000E+00        1.14595494795E+04
8.13600E+00        1.14444845019E+04
8.14200E+00        1.14294489902E+04
8.14800E+00        1.14144428685E+04
8.15400E+00        1.13994660607E+04
8.16000E+00        1.13845184913E+04
8.16600E+00        1.13696000848E+04
8.17200E+00        1.13547107661E+04
8.17800E+00        1.13398504603E+04
