output/Noodles_2021-02-26/SED_08.dat
# %ECSV 0.9
# ---
# datatype:
# - {name: wavelength, unit: micron, datatype: float64}
# - {name: flux, unit: microJansky, datatype: float64}
# schema: astropy-2.0
#
#
#  - - File generated by ExoNoodle - -
#         V1.0.0 - MML (CEA-Saclay)
#       2021-02-26 14:01:48.325215
wavelength flux 
[from data line 1298]
1.07880E+01        6.87906752032E+03
1.07940E+01        6.87203817021E+03
1.08000E+01        6.86501954589E+03
1.08060E+01        6.85801162564E+03
1.08120E+01        6.85101438780E+03
1.08180E+01        6.84402781077E+03
1.08240E+01        6.83705187300E+03
1.08300E+01        6.83008655299E+03
1.08360E+01        6.82313182931E+03
1.08420E+01        6.81618768056E+03
1.08480E+01        6.80925408540E+03
1.08540E+01        6.80233102257E+03
1.08600E+01        6.79541847083E+03
1.08660E+01        6.78851640901E+03
1.08720E+01        6.78162481599E+03
1.08780E+01        6.77474367070E+03
1.08840E+01        6.76787295212E+03
1.08900E+01        6.76101263929E+03
1.08960E+01        6.75416271130E+03
1.09020E+01        6.74732314729E+03
1.09080E+01        6.74049392646E+03
1.09140E+01        6.73367502805E+03
1.09200E+01        6.72686643136E+03
1.09260E+01        6.72006811574E+03
1.09320E+01        6.71328006059E+03
1.09380E+01        6.70650224536E+03
1.09440E+01        6.69973464955E+03
1.09500E+01        6.69297725272E+03
1.09560E+01        6.68623003447E+03
1.09620E+01        6.67949297447E+03
1.09680E+01        6.67276605240E+03
1.09740E+01        6.66604924804E+03
1.09800E+01        6.65934254119E+03
1.09860E+01        6.65264591171E+03
1.09920E+01        6.64595933950E+03
1.09980E+01        6.63928280451E+03
1.10040E+01        6.63261628676E+03
1.10100E+01        6.62595976631E+03
1.10160E+01        6.61931322325E+03
1.10220E+01        6.61267663775E+03
1.10280E+01        6.60604999000E+03
1.10340E+01        6.59943326026E+03
1.10400E+01        6.59282642882E+03
1.10460E+01        6.58622947605E+03
1.10520E+01        6.57964238234E+03
1.10580E+01        6.57306512813E+03
1.10640E+01        6.56649769392E+03
1.10700E+01        6.55994006026E+03
1.10760E+01        6.55339220773E+03
1.10820E+01        6.54685411697E+03
1.10880E+01        6.54032576868E+03
1.10940E+01        6.53380714358E+03
1.11000E+01        6.52729822245E+03
1.11060E+01        6.52079898613E+03
1.11120E+01        6.51430941549E+03
1.11180E+01        6.50782949146E+03
1.11240E+01        6.50135919500E+03
1.11300E+01        6.49489850712E+03
1.11360E+01        6.48844740890E+03
1.11420E+01        6.48200588144E+03
1.11480E+01        6.47557390590E+03
1.11540E+01        6.46915146348E+03
1.11600E+01        6.46273853542E+03
1.11660E+01        6.45633510303E+03
1.11720E+01        6.44994114763E+03
1.11780E+01        6.44355665062E+03
1.11840E+01        6.43718159342E+03
1.11900E+01        6.43081595752E+03
1.11960E+01        6.42445972442E+03
1.12020E+01        6.41811287570E+03
1.12080E+01        6.41177539297E+03
1.12140E+01        6.40544725789E+03
1.12200E+01        6.39912845215E+03
1.12260E+01        6.39281895750E+03
1.12320E+01        6.38651875573E+03
1.12380E+01        6.38022782868E+03
1.12440E+01        6.37394615821E+03
1.12500E+01        6.36767372626E+03
1.12560E+01        6.36141051479E+03
1.12620E+01        6.35515650580E+03
1.12680E+01        6.34891168136E+03
1.12740E+01        6.34267602355E+03
1.12800E+01        6.33644951453E+03
1.12860E+01        6.33023213647E+03
1.12920E+01        6.32402387159E+03
1.12980E+01        6.31782470218E+03
1.13040E+01        6.31163461054E+03
1.13100E+01        6.30545357902E+03
1.13160E+01        6.29928159003E+03
1.13220E+01        6.29311862601E+03
1.13280E+01        6.28696466943E+03
1.13340E+01        6.28081970283E+03
1.13400E+01        6.27468370877E+03
1.13460E+01        6.26855666986E+03
1.13520E+01        6.26243856876E+03
1.13580E+01        6.25632938815E+03
1.13640E+01        6.25022911077E+03
1.13700E+01        6.24413771939E+03
1.13760E+01        6.23805519685E+03
1.13820E+01        6.23198152598E+03
1.13880E+01        6.22591668971E+03
1.13940E+01        6.21986067095E+03
1.14000E+01        6.21381345271E+03
1.14060E+01        6.20777501800E+03
1.14120E+01        6.20174534989E+03
1.14180E+01        6.19572443148E+03
1.14240E+01        6.18971224591E+03
1.14300E+01        6.18370877638E+03
1.14360E+01        6.17771400610E+03
1.14420E+01        6.17172791835E+03
1.14480E+01        6.16575049643E+03
1.14540E+01        6.15978172369E+03
1.14600E+01        6.15382158351E+03
1.14660E+01        6.14787005931E+03
1.14720E+01        6.14192713457E+03
1.14780E+01        6.13599279279E+03
1.14840E+01        6.13006701751E+03
1.14900E+01        6.12414979232E+03
1.14960E+01        6.11824110083E+03
1.15020E+01        6.11234092671E+03
1.15080E+01        6.10644925366E+03
1.15140E+01        6.10056606541E+03
1.15200E+01        6.09469134576E+03
1.15260E+01        6.08882507850E+03
1.15320E+01        6.08296724751E+03
1.15380E+01        6.07711783666E+03
1.15440E+01        6.07127682990E+03
1.15500E+01        6.06544421119E+03
1.15560E+01        6.05961996454E+03
1.15620E+01        6.05380407399E+03
1.15680E+01        6.04799652363E+03
1.15740E+01        6.04219729758E+03
1.15800E+01        6.03640638000E+03
1.15860E+01        6.03062375509E+03
1.15920E+01        6.02484940707E+03
1.15980E+01        6.01908332023E+03
1.16040E+01        6.01332547886E+03
1.16100E+01        6.00757586731E+03
1.16160E+01        6.00183446997E+03
1.16220E+01        5.99610127126E+03
1.16280E+01        5.99037625562E+03
1.16340E+01        5.98465940756E+03
1.16400E+01        5.97895071160E+03
1.16460E+01        5.97325015231E+03
1.16520E+01        5.96755771429E+03
1.16580E+01        5.96187338217E+03
1.16640E+01        5.95619714064E+03
1.16700E+01        5.95052897440E+03
1.16760E+01        5.94486886820E+03
1.16820E+01        5.93921680682E+03
1.16880E+01        5.93357277508E+03
1.16940E+01        5.92793675784E+03
1.17000E+01        5.92230873997E+03
1.17060E+01        5.91668870641E+03
1.17120E+01        5.91107664212E+03
1.17180E+01        5.90547253209E+03
1.17240E+01        5.89987636135E+03
1.17300E+01        5.89428811497E+03
1.17360E+01        5.88870777805E+03
1.17420E+01        5.88313533572E+03
1.17480E+01        5.87757077316E+03
1.17540E+01        5.87201407556E+03
1.17600E+01        5.86646522817E+03
1.17660E+01        5.86092421626E+03
1.17720E+01        5.85539102514E+03
1.17780E+01        5.84986564015E+03
1.17840E+01        5.84434804667E+03
1.17900E+01        5.83883823011E+03
1.17960E+01        5.83333617591E+03
1.18020E+01        5.82784186956E+03
1.18080E+01        5.82235529656E+03
1.18140E+01        5.81687644245E+03
1.18200E+01        5.81140529283E+03
1.18260E+01        5.80594183330E+03
1.18320E+01        5.80048604951E+03
1.18380E+01        5.79503792714E+03
1.18440E+01        5.78959745191E+03
1.18500E+01        5.78416460955E+03
1.18560E+01        5.77873938585E+03
1.18620E+01        5.77332176662E+03
1.18680E+01        5.76791173771E+03
1.18740E+01        5.76250928500E+03
1.18800E+01        5.75711439438E+03
1.18860E+01        5.75172705182E+03
1.18920E+01        5.74634724328E+03
1.18980E+01        5.74097495478E+03
1.19040E+01        5.73561017235E+03
1.19100E+01        5.73025288206E+03
1.19160E+01        5.72490307003E+03
1.19220E+01        5.71956072238E+03
1.19280E+01        5.71422582530E+03
1.19340E+01        5.70889836497E+03
1.19400E+01        5.70357832763E+03
1.19460E+01        5.69826569955E+03
1.19520E+01        5.69296046702E+03
1.19580E+01        5.68766261637E+03
1.19640E+01        5.68237213396E+03
1.19700E+01        5.67708900618E+03
1.19760E+01        5.67181321945E+03
1.19820E+01        5.66654476023E+03
1.19880E+01        5.66128361500E+03
1.19940E+01        5.65602977027E+03
1.20000E+01        5.65078321259E+03
1.20060E+01        5.64554392853E+03
1.20120E+01        5.64031190471E+03
1.20180E+01        5.63508712777E+03
1.20240E+01        5.62986958436E+03
1.20300E+01        5.62465926120E+03
1.20360E+01        5.61945614501E+03
1.20420E+01        5.61426022255E+03
1.20480E+01        5.60907148062E+03
1.20540E+01        5.60388990603E+03
1.20600E+01        5.59871548563E+03
1.20660E+01        5.59354820631E+03
1.20720E+01        5.58838805497E+03
1.20780E+01        5.58323501857E+03
1.20840E+01        5.57808908406E+03
1.20900E+01        5.57295023844E+03
1.20960E+01        5.56781846876E+03
1.21020E+01        5.56269376206E+03
1.21080E+01        5.55757610544E+03
1.21140E+01        5.55246548602E+03
1.21200E+01        5.54736189093E+03
1.21260E+01        5.54226530736E+03
1.21320E+01        5.53717572252E+03
1.21380E+01        5.53209312364E+03
1.21440E+01        5.52701749798E+03
1.21500E+01        5.52194883284E+03
1.21560E+01        5.51688711553E+03
1.21620E+01        5.51183233342E+03
1.21680E+01        5.50678447387E+03
1.21740E+01        5.50174352429E+03
1.21800E+01        5.49670947213E+03
1.21860E+01        5.49168230484E+03
1.21920E+01        5.48666200992E+03
1.21980E+01        5.48164857489E+03
1.22040E+01        5.47664198730E+03
1.22100E+01        5.47164223473E+03
1.22160E+01        5.46664930478E+03
1.22220E+01        5.46166318508E+03
1.22280E+01        5.45668386330E+03
1.22340E+01        5.45171132713E+03
1.22400E+01        5.44674556429E+03
1.22460E+01        5.44178656251E+03
1.22520E+01        5.43683430958E+03
1.22580E+01        5.43188879328E+03
1.22640E+01        5.42695000146E+03
1.22700E+01        5.42201792195E+03
1.22760E+01        5.41709254266E+03
1.22820E+01        5.41217385147E+03
1.22880E+01        5.40726183634E+03
1.22940E+01        5.40235648522E+03
1.23000E+01        5.39745778611E+03
1.23060E+01        5.39256572702E+03
1.23120E+01        5.38768029600E+03
1.23180E+01        5.38280148112E+03
1.23240E+01        5.37792927047E+03
1.23300E+01        5.37306365218E+03
1.23360E+01        5.36820461440E+03
1.23420E+01        5.36335214532E+03
1.23480E+01        5.35850623312E+03
1.23540E+01        5.35366686605E+03
1.23600E+01        5.34883403236E+03
1.23660E+01        5.34400772034E+03
1.23720E+01        5.33918791829E+03
1.23780E+01        5.33437461454E+03
1.23840E+01        5.32956779747E+03
1.23900E+01        5.32476745545E+03
1.23960E+01        5.31997357690E+03
1.24020E+01        5.31518615026E+03
1.24080E+01        5.31040516399E+03
1.24140E+01        5.30563060658E+03
1.24200E+01        5.30086246656E+03
1.24260E+01        5.29610073245E+03
1.24320E+01        5.29134539284E+03
1.24380E+01        5.28659643630E+03
1.24440E+01        5.28185385146E+03
1.24500E+01        5.27711762696E+03
1.24560E+01        5.27238775148E+03
1.24620E+01        5.26766421369E+03
1.24680E+01        5.26294700232E+03
1.24740E+01        5.25823610612E+03
1.24800E+01        5.25353151385E+03
1.24860E+01        5.24883321431E+03
1.24920E+01        5.24414119631E+03
1.24980E+01        5.23945544869E+03
1.25040E+01        5.23477596033E+03
1.25100E+01        5.23010272012E+03
1.25160E+01        5.22543571697E+03
1.25220E+01        5.22077493982E+03
1.25280E+01        5.21612037764E+03
1.25340E+01        5.21147201942E+03
1.25400E+01        5.20682985417E+03
1.25460E+01        5.20219387093E+03
1.25520E+01        5.19756405876E+03
1.25580E+01        5.19294040676E+03
1.25640E+01        5.18832290402E+03
1.25700E+01        5.18371153970E+03
1.25760E+01        5.17910630293E+03
1.25820E+01        5.17450718291E+03
1.25880E+01        5.16991416884E+03
1.25940E+01        5.16532724996E+03
1.26000E+01        5.16074641551E+03
1.26060E+01        5.15617165477E+03
1.26120E+01        5.15160295705E+03
1.26180E+01        5.14704031166E+03
1.26240E+01        5.14248370796E+03
1.26300E+01        5.13793313531E+03
1.26360E+01        5.13338858311E+03
1.26420E+01        5.12885004078E+03
1.26480E+01        5.12431749776E+03
1.26540E+01        5.11979094350E+03
1.26600E+01        5.11527036751E+03
1.26660E+01        5.11075575928E+03
1.26720E+01        5.10624710835E+03
1.26780E+01        5.10174440428E+03
1.26840E+01        5.09724763663E+03
1.26900E+01        5.09275679503E+03
1.26960E+01        5.08827186908E+03
1.27020E+01        5.08379284843E+03
1.27080E+01        5.07931972276E+03
1.27140E+01        5.07485248175E+03
1.27200E+01        5.07039111513E+03
1.27260E+01        5.06593561261E+03
1.27320E+01        5.06148596397E+03
1.27380E+01        5.05704215898E+03
1.27440E+01        5.05260418744E+03
1.27500E+01        5.04817203919E+03
1.27560E+01        5.04374570407E+03
1.27620E+01        5.03932517195E+03
1.27680E+01        5.03491043271E+03
1.27740E+01        5.03050147628E+03
1.27800E+01        5.02609829258E+03
1.27860E+01        5.02170087158E+03
1.27920E+01        5.01730920326E+03
1.27980E+01        5.01292327760E+03
1.28040E+01        5.00854308464E+03
1.28100E+01        5.00416861443E+03
1.28160E+01        4.99979985701E+03
1.28220E+01        4.99543680249E+03
1.28280E+01        4.99107944096E+03
1.28340E+01        4.98672776257E+03
1.28400E+01        4.98238175745E+03
1.28460E+01        4.97804141578E+03
1.28520E+01        4.97370672776E+03
1.28580E+01        4.96937768359E+03
1.28640E+01        4.96505427352E+03
1.28700E+01        4.96073648780E+03
1.28760E+01        4.95642431671E+03
1.28820E+01        4.95211775055E+03
1.28880E+01        4.94781677963E+03
1.28940E+01        4.94352139429E+03
1.29000E+01        4.93923158490E+03
1.29060E+01        4.93494734184E+03
1.29120E+01        4.93066865551E+03
1.29180E+01        4.92639551633E+03
1.29240E+01        4.92212791475E+03
1.29300E+01        4.91786584123E+03
1.29360E+01        4.91360928625E+03
1.29420E+01        4.90935824033E+03
1.29480E+01        4.90511269397E+03
1.29540E+01        4.90087263774E+03
1.29600E+01        4.89663806219E+03
1.29660E+01        4.89240895792E+03
1.29720E+01        4.88818531552E+03
1.29780E+01        4.88396712562E+03
1.29840E+01        4.87975437887E+03
1.29900E+01        4.87554706594E+03
1.29960E+01        4.87134517751E+03
1.30020E+01        4.86714870429E+03
1.30080E+01        4.86295763700E+03
1.30140E+01        4.85877196639E+03
1.30200E+01        4.85459168322E+03
1.30260E+01        4.85041677828E+03
1.30320E+01        4.84624724238E+03
1.30380E+01        4.84208306633E+03
1.30440E+01        4.83792424099E+03
1.30500E+01        4.83377075720E+03
1.30560E+01        4.82962260587E+03
1.30620E+01        4.82547977788E+03
1.30680E+01        4.82134226417E+03
1.30740E+01        4.81721005566E+03
1.30800E+01        4.81308314333E+03
1.30860E+01        4.80896151814E+03
1.30920E+01        4.80484517111E+03
1.30980E+01        4.80073409323E+03
1.31040E+01        4.79662827556E+03
1.31100E+01        4.79252770915E+03
1.31160E+01        4.78843238507E+03
1.31220E+01        4.78434229441E+03
1.31280E+01        4.78025742828E+03
1.31340E+01        4.77617777783E+03
1.31400E+01        4.77210333419E+03
1.31460E+01        4.76803408853E+03
1.31520E+01        4.76397003205E+03
1.31580E+01        4.75991115594E+03
1.31640E+01        4.75585745143E+03
1.31700E+01        4.75180890977E+03
1.31760E+01        4.74776552221E+03
1.31820E+01        4.74372728004E+03
1.31880E+01        4.73969417455E+03
1.31940E+01        4.73566619705E+03
1.32000E+01        4.73164333889E+03
1.32060E+01        4.72762559142E+03
1.32120E+01        4.72361294600E+03
1.32180E+01        4.71960539402E+03
1.32240E+01        4.71560292690E+03
1.32300E+01        4.71160553606E+03
1.32360E+01        4.70761321293E+03
1.32420E+01        4.70362594899E+03
1.32480E+01        4.69964373572E+03
1.32540E+01        4.69566656460E+03
1.32600E+01        4.69169442715E+03
1.32660E+01        4.68772731491E+03
1.32720E+01        4.68376521942E+03
1.32780E+01        4.67980813226E+03
1.32840E+01        4.67585604501E+03
1.32900E+01        4.67190894928E+03
1.32960E+01        4.66796683667E+03
1.33020E+01        4.66402969884E+03
1.33080E+01        4.66009752744E+03
1.33140E+01        4.65617031414E+03
1.33200E+01        4.65224805064E+03
1.33260E+01        4.64833072863E+03
1.33320E+01        4.64441833985E+03
1.33380E+01        4.64051087604E+03
1.33440E+01        4.63660832896E+03
1.33500E+01        4.63271069038E+03
1.33560E+01        4.62881795211E+03
1.33620E+01        4.62493010594E+03
1.33680E+01        4.62104714372E+03
