output/Noodles_2021-02-26/SED_07.dat
# %ECSV 0.9
# ---
# datatype:
# - {name: wavelength, unit: micron, datatype: float64}
# - {name: flux, unit: microJansky, datatype: float64}
# schema: astropy-2.0
#
#
#  - - File generated by ExoNoodle - -
#         V1.0.0 - MML (CEA-Saclay)
#       2021-02-26 14:01:48.325215
wavelength flux 
[from data line 865]
8.19000E+00        1.13360191458E+04
8.19600E+00        1.13212140257E+04
8.20200E+00        1.13064376737E+04
8.20800E+00        1.12916900159E+04
8.21400E+00        1.12769709787E+04
8.22000E+00        1.12622804888E+04
8.22600E+00        1.12476184730E+04
8.23200E+00        1.12329848585E+04
8.23800E+00        1.12183795725E+04
8.24400E+00        1.12038025426E+04
8.25000E+00        1.11892536965E+04
8.25600E+00        1.11747329624E+04
8.26200E+00        1.11602402684E+04
8.26800E+00        1.11457755430E+04
8.27400E+00        1.11313387149E+04
8.28000E+00        1.11169297130E+04
8.28600E+00        1.11025484665E+04
8.29200E+00        1.10881949047E+04
8.29800E+00        1.10738689572E+04
8.30400E+00        1.10595705538E+04
8.31000E+00        1.10452996245E+04
8.31600E+00        1.10310560996E+04
8.32200E+00        1.10168399096E+04
8.32800E+00        1.10026509851E+04
8.33400E+00        1.09884892571E+04
8.34000E+00        1.09743546566E+04
8.34600E+00        1.09602471150E+04
8.35200E+00        1.09461665639E+04
8.35800E+00        1.09321129349E+04
8.36400E+00        1.09180861602E+04
8.37000E+00        1.09040861719E+04
8.37600E+00        1.08901129023E+04
8.38200E+00        1.08761662841E+04
8.38800E+00        1.08622462502E+04
8.39400E+00        1.08483527335E+04
8.40000E+00        1.08344856673E+04
8.40600E+00        1.08206449851E+04
8.41200E+00        1.08068306204E+04
8.41800E+00        1.07930425072E+04
8.42400E+00        1.07792805796E+04
8.43000E+00        1.07655447718E+04
8.43600E+00        1.07518350182E+04
8.44200E+00        1.07381512536E+04
8.44800E+00        1.07244934129E+04
8.45400E+00        1.07108614311E+04
8.46000E+00        1.06972552436E+04
8.46600E+00        1.06836747857E+04
8.47200E+00        1.06701199933E+04
8.47800E+00        1.06565908021E+04
8.48400E+00        1.06430871483E+04
8.49000E+00        1.06296089682E+04
8.49600E+00        1.06161561982E+04
8.50200E+00        1.06027287750E+04
8.50800E+00        1.05893266355E+04
8.51400E+00        1.05759497167E+04
8.52000E+00        1.05625979559E+04
8.52600E+00        1.05492712905E+04
8.53200E+00        1.05359696583E+04
8.53800E+00        1.05226929970E+04
8.54400E+00        1.05094412446E+04
8.55000E+00        1.04962143394E+04
8.55600E+00        1.04830122198E+04
8.56200E+00        1.04698348243E+04
8.56800E+00        1.04566820918E+04
8.57400E+00        1.04435539613E+04
8.58000E+00        1.04304503718E+04
8.58600E+00        1.04173712628E+04
8.59200E+00        1.04043165737E+04
8.59800E+00        1.03912862443E+04
8.60400E+00        1.03782802145E+04
8.61000E+00        1.03652984243E+04
8.61600E+00        1.03523408141E+04
8.62200E+00        1.03394073243E+04
8.62800E+00        1.03264978954E+04
8.63400E+00        1.03136124684E+04
8.64000E+00        1.03007509842E+04
8.64600E+00        1.02879133839E+04
8.65200E+00        1.02750996090E+04
8.65800E+00        1.02623096010E+04
8.66400E+00        1.02495433015E+04
8.67000E+00        1.02368006524E+04
8.67600E+00        1.02240815959E+04
8.68200E+00        1.02113860740E+04
8.68800E+00        1.01987140294E+04
8.69400E+00        1.01860654044E+04
8.70000E+00        1.01734401420E+04
8.70600E+00        1.01608381850E+04
8.71200E+00        1.01482594765E+04
8.71800E+00        1.01357039598E+04
8.72400E+00        1.01231715783E+04
8.73000E+00        1.01106622758E+04
8.73600E+00        1.00981759958E+04
8.74200E+00        1.00857126825E+04
8.74800E+00        1.00732722800E+04
8.75400E+00        1.00608547324E+04
8.76000E+00        1.00484599844E+04
8.76600E+00        1.00360879805E+04
8.77200E+00        1.00237386656E+04
8.77800E+00        1.00114119845E+04
8.78400E+00        9.99910788242E+03
8.79000E+00        9.98682630466E+03
8.79600E+00        9.97456719668E+03
8.80200E+00        9.96233050409E+03
8.80800E+00        9.95011617266E+03
8.81400E+00        9.93792414836E+03
8.82000E+00        9.92575437728E+03
8.82600E+00        9.91360680569E+03
8.83200E+00        9.90148138003E+03
8.83800E+00        9.88937804688E+03
8.84400E+00        9.87729675300E+03
8.85000E+00        9.86523744529E+03
8.85600E+00        9.85320007082E+03
8.86200E+00        9.84118457682E+03
8.86800E+00        9.82919091066E+03
8.87400E+00        9.81721901989E+03
8.88000E+00        9.80526885220E+03
8.88600E+00        9.79334035544E+03
8.89200E+00        9.78143347762E+03
8.89800E+00        9.76954816690E+03
8.90400E+00        9.75768437159E+03
8.91000E+00        9.74584204016E+03
8.91600E+00        9.73402112123E+03
8.92200E+00        9.72222156358E+03
8.92800E+00        9.71044331613E+03
8.93400E+00        9.69868632795E+03
8.94000E+00        9.68695054827E+03
8.94600E+00        9.67523592648E+03
8.95200E+00        9.66354241210E+03
8.95800E+00        9.65186995479E+03
8.96400E+00        9.64021850440E+03
8.97000E+00        9.62858801089E+03
8.97600E+00        9.61697842439E+03
8.98200E+00        9.60538969515E+03
8.98800E+00        9.59382177360E+03
8.99400E+00        9.58227461030E+03
9.00000E+00        9.57074815595E+03
9.00600E+00        9.55924236140E+03
9.01200E+00        9.54775717765E+03
9.01800E+00        9.53629255584E+03
9.02400E+00        9.52484844725E+03
9.03000E+00        9.51342480331E+03
9.03600E+00        9.50202157559E+03
9.04200E+00        9.49063871580E+03
9.04800E+00        9.47927617579E+03
9.05400E+00        9.46793390756E+03
9.06000E+00        9.45661186324E+03
9.06600E+00        9.44530999509E+03
9.07200E+00        9.43402825555E+03
9.07800E+00        9.42276659716E+03
9.08400E+00        9.41152497261E+03
9.09000E+00        9.40030333473E+03
9.09600E+00        9.38910163649E+03
9.10200E+00        9.37791983099E+03
9.10800E+00        9.36675787148E+03
9.11400E+00        9.35561571134E+03
9.12000E+00        9.34449330407E+03
9.12600E+00        9.33339060332E+03
9.13200E+00        9.32230756288E+03
9.13800E+00        9.31124413667E+03
9.14400E+00        9.30020027874E+03
9.15000E+00        9.28917594327E+03
9.15600E+00        9.27817108458E+03
9.16200E+00        9.26718565713E+03
9.16800E+00        9.25621961549E+03
9.17400E+00        9.24527291438E+03
9.18000E+00        9.23434550864E+03
9.18600E+00        9.22343735325E+03
9.19200E+00        9.21254840332E+03
9.19800E+00        9.20167861409E+03
9.20400E+00        9.19082794091E+03
9.21000E+00        9.17999633929E+03
9.21600E+00        9.16918376485E+03
9.22200E+00        9.15839017333E+03
9.22800E+00        9.14761552062E+03
9.23400E+00        9.13685976272E+03
9.24000E+00        9.12612285577E+03
9.24600E+00        9.11540475602E+03
9.25200E+00        9.10470541985E+03
9.25800E+00        9.09402480379E+03
9.26400E+00        9.08336286446E+03
9.27000E+00        9.07271955862E+03
9.27600E+00        9.06209484316E+03
9.28200E+00        9.05148867508E+03
9.28800E+00        9.04090101152E+03
9.29400E+00        9.03033180972E+03
9.30000E+00        9.01978102707E+03
9.30600E+00        9.00924862106E+03
9.31200E+00        8.99873454932E+03
9.31800E+00        8.98823876958E+03
9.32400E+00        8.97776123970E+03
9.33000E+00        8.96730191767E+03
9.33600E+00        8.95686076159E+03
9.34200E+00        8.94643772968E+03
9.34800E+00        8.93603278028E+03
9.35400E+00        8.92564587186E+03
9.36000E+00        8.91527696298E+03
9.36600E+00        8.90492601235E+03
9.37200E+00        8.89459297878E+03
9.37800E+00        8.88427782120E+03
9.38400E+00        8.87398049865E+03
9.39000E+00        8.86370097030E+03
9.39600E+00        8.85343919544E+03
9.40200E+00        8.84319513345E+03
9.40800E+00        8.83296874384E+03
9.41400E+00        8.82275998625E+03
9.42000E+00        8.81256882041E+03
9.42600E+00        8.80239520618E+03
9.43200E+00        8.79223910351E+03
9.43800E+00        8.78210047250E+03
9.44400E+00        8.77197927334E+03
9.45000E+00        8.76187546633E+03
9.45600E+00        8.75178901188E+03
9.46200E+00        8.74171987054E+03
9.46800E+00        8.73166800295E+03
9.47400E+00        8.72163336984E+03
9.48000E+00        8.71161593210E+03
9.48600E+00        8.70161565068E+03
9.49200E+00        8.69163248668E+03
9.49800E+00        8.68166640128E+03
9.50400E+00        8.67171735579E+03
9.51000E+00        8.66178531162E+03
9.51600E+00        8.65187023029E+03
9.52200E+00        8.64197207342E+03
9.52800E+00        8.63209080275E+03
9.53400E+00        8.62222638012E+03
9.54000E+00        8.61237876749E+03
9.54600E+00        8.60254792689E+03
9.55200E+00        8.59273382051E+03
9.55800E+00        8.58293641060E+03
9.56400E+00        8.57315565954E+03
9.57000E+00        8.56339152981E+03
9.57600E+00        8.55364398398E+03
9.58200E+00        8.54391298476E+03
9.58800E+00        8.53419849493E+03
9.59400E+00        8.52450047738E+03
9.60000E+00        8.51481889512E+03
9.60600E+00        8.50515371125E+03
9.61200E+00        8.49550488898E+03
9.61800E+00        8.48587239161E+03
9.62400E+00        8.47625618254E+03
9.63000E+00        8.46665622531E+03
9.63600E+00        8.45707248351E+03
9.64200E+00        8.44750492086E+03
9.64800E+00        8.43795350117E+03
9.65400E+00        8.42841818837E+03
9.66000E+00        8.41889894646E+03
9.66600E+00        8.40939573957E+03
9.67200E+00        8.39990853191E+03
9.67800E+00        8.39043728778E+03
9.68400E+00        8.38098197161E+03
9.69000E+00        8.37154254790E+03
9.69600E+00        8.36211898126E+03
9.70200E+00        8.35271123641E+03
9.70800E+00        8.34331927814E+03
9.71400E+00        8.33394307136E+03
9.72000E+00        8.32458258106E+03
9.72600E+00        8.31523777235E+03
9.73200E+00        8.30590861040E+03
9.73800E+00        8.29659506051E+03
9.74400E+00        8.28729708807E+03
9.75000E+00        8.27801465854E+03
9.75600E+00        8.26874773751E+03
9.76200E+00        8.25949629064E+03
9.76800E+00        8.25026028369E+03
9.77400E+00        8.24103968251E+03
9.78000E+00        8.23183445307E+03
9.78600E+00        8.22264456139E+03
9.79200E+00        8.21346997363E+03
9.79800E+00        8.20431065599E+03
9.80400E+00        8.19516657482E+03
9.81000E+00        8.18603769652E+03
9.81600E+00        8.17692398759E+03
9.82200E+00        8.16782541464E+03
9.82800E+00        8.15874194436E+03
9.83400E+00        8.14967354351E+03
9.84000E+00        8.14062017898E+03
9.84600E+00        8.13158181772E+03
9.85200E+00        8.12255842678E+03
9.85800E+00        8.11354997331E+03
9.86400E+00        8.10455642454E+03
9.87000E+00        8.09557774778E+03
9.87600E+00        8.08661391044E+03
9.88200E+00        8.07766488003E+03
9.88800E+00        8.06873062412E+03
9.89400E+00        8.05981111038E+03
9.90000E+00        8.05090630659E+03
9.90600E+00        8.04201618059E+03
9.91200E+00        8.03314070031E+03
9.91800E+00        8.02427983378E+03
9.92400E+00        8.01543354912E+03
9.93000E+00        8.00660181450E+03
9.93600E+00        7.99778459822E+03
9.94200E+00        7.98898186865E+03
9.94800E+00        7.98019359424E+03
9.95400E+00        7.97141974352E+03
9.96000E+00        7.96266028512E+03
9.96600E+00        7.95391518776E+03
9.97200E+00        7.94518442022E+03
9.97800E+00        7.93646795138E+03
9.98400E+00        7.92776575021E+03
9.99000E+00        7.91907778574E+03
9.99600E+00        7.91040402711E+03
1.00020E+01        7.90174444352E+03
1.00080E+01        7.89309900428E+03
1.00140E+01        7.88446767876E+03
1.00200E+01        7.87585043641E+03
1.00260E+01        7.86724724679E+03
1.00320E+01        7.85865807951E+03
1.00380E+01        7.85008290428E+03
1.00440E+01        7.84152169088E+03
1.00500E+01        7.83297440918E+03
1.00560E+01        7.82444102913E+03
1.00620E+01        7.81592152076E+03
1.00680E+01        7.80741585417E+03
1.00740E+01        7.79892399956E+03
1.00800E+01        7.79044592719E+03
1.00860E+01        7.78198160741E+03
1.00920E+01        7.77353101065E+03
1.00980E+01        7.76509410741E+03
1.01040E+01        7.75667086828E+03
1.01100E+01        7.74826126393E+03
1.01160E+01        7.73986526508E+03
1.01220E+01        7.73148284257E+03
1.01280E+01        7.72311396728E+03
1.01340E+01        7.71475861020E+03
1.01400E+01        7.70641674237E+03
1.01460E+01        7.69808833493E+03
1.01520E+01        7.68977335908E+03
1.01580E+01        7.68147178610E+03
1.01640E+01        7.67318358735E+03
1.01700E+01        7.66490873427E+03
1.01760E+01        7.65664719836E+03
1.01820E+01        7.64839895121E+03
1.01880E+01        7.64016396448E+03
1.01940E+01        7.63194220991E+03
1.02000E+01        7.62373365931E+03
1.02060E+01        7.61553828456E+03
1.02120E+01        7.60735605763E+03
1.02180E+01        7.59918695054E+03
1.02240E+01        7.59103093541E+03
1.02300E+01        7.58288798442E+03
1.02360E+01        7.57475806981E+03
1.02420E+01        7.56664116393E+03
1.02480E+01        7.55853723917E+03
1.02540E+01        7.55044626800E+03
1.02600E+01        7.54236822298E+03
1.02660E+01        7.53430307671E+03
1.02720E+01        7.52625080190E+03
1.02780E+01        7.51821137130E+03
1.02840E+01        7.51018475774E+03
1.02900E+01        7.50217093414E+03
1.02960E+01        7.49416987347E+03
1.03020E+01        7.48618154877E+03
1.03080E+01        7.47820593317E+03
1.03140E+01        7.47024299985E+03
1.03200E+01        7.46229272207E+03
1.03260E+01        7.45435507317E+03
1.03320E+01        7.44643002654E+03
1.03380E+01        7.43851755564E+03
1.03440E+01        7.43061763403E+03
1.03500E+01        7.42273023529E+03
1.03560E+01        7.41485533312E+03
1.03620E+01        7.40699290125E+03
1.03680E+01        7.39914291350E+03
1.03740E+01        7.39130534375E+03
1.03800E+01        7.38348016595E+03
1.03860E+01        7.37566735411E+03
1.03920E+01        7.36786688233E+03
1.03980E+01        7.36007872476E+03
1.04040E+01        7.35230285560E+03
1.04100E+01        7.34453924916E+03
1.04160E+01        7.33678787979E+03
1.04220E+01        7.32904872191E+03
1.04280E+01        7.32132175000E+03
1.04340E+01        7.31360693861E+03
1.04400E+01        7.30590426237E+03
1.04460E+01        7.29821369597E+03
1.04520E+01        7.29053521414E+03
1.04580E+01        7.28286879172E+03
1.04640E+01        7.27521440357E+03
1.04700E+01        7.26757202466E+03
1.04760E+01        7.25994162998E+03
1.04820E+01        7.25232319461E+03
1.04880E+01        7.24471669369E+03
1.04940E+01        7.23712210244E+03
1.05000E+01        7.22953939611E+03
1.05060E+01        7.22196855004E+03
1.05120E+01        7.21440953962E+03
1.05180E+01        7.20686234032E+03
1.05240E+01        7.19932692765E+03
1.05300E+01        7.19180327721E+03
1.05360E+01        7.18429136464E+03
1.05420E+01        7.17679116565E+03
1.05480E+01        7.16930265601E+03
1.05540E+01        7.16182581156E+03
1.05600E+01        7.15436060821E+03
1.05660E+01        7.14690702190E+03
1.05720E+01        7.13946502866E+03
1.05780E+01        7.13203460458E+03
1.05840E+01        7.12461572579E+03
1.05900E+01        7.11720836850E+03
1.05960E+01        7.10981250899E+03
1.06020E+01        7.10242812357E+03
1.06080E+01        7.09505518863E+03
1.06140E+01        7.08769368063E+03
1.06200E+01        7.08034357607E+03
1.06260E+01        7.07300485152E+03
1.06320E+01        7.06567748360E+03
1.06380E+01        7.05836144901E+03
1.06440E+01        7.05105672449E+03
1.06500E+01        7.04376328684E+03
1.06560E+01        7.03648111295E+03
1.06620E+01        7.02921017972E+03
1.06680E+01        7.02195046414E+03
1.06740E+01        7.01470194326E+03
1.06800E+01        7.00746459418E+03
1.06860E+01        7.00023839404E+03
1.06920E+01        6.99302332008E+03
1.06980E+01        6.98581934956E+03
1.07040E+01        6.97862645982E+03
1.07100E+01        6.97144462825E+03
1.07160E+01        6.96427383229E+03
1.07220E+01        6.95711404944E+03
1.07280E+01        6.94996525728E+03
1.07340E+01        6.94282743341E+03
1.07400E+01        6.93570055552E+03
1.07460E+01        6.92858460133E+03
1.07520E+01        6.92147954863E+03
1.07580E+01        6.91438537526E+03
1.07640E+01        6.90730205913E+03
1.07700E+01        6.90022957819E+03
1.07760E+01        6.89316791045E+03
