output/Noodles_2021-02-26/SED_14.dat
# %ECSV 0.9
# ---
# datatype:
# - {name: wavelength, unit: micron, datatype: float64}
# - {name: flux, unit: microJansky, datatype: float64}
# schema: astropy-2.0
#
#
#  - - File generated by ExoNoodle - -
#         V1.0.0 - MML (CEA-Saclay)
#       2021-02-26 14:01:48.325215
wavelength flux 
[from data line 1730]
1.33800E+01        4.58997288364E+03
1.33860E+01        4.58612405013E+03
1.33920E+01        4.58228004417E+03
1.33980E+01        4.57844085769E+03
1.34040E+01        4.57460648266E+03
1.34100E+01        4.57077691107E+03
1.34160E+01        4.56695213492E+03
1.34220E+01        4.56313214623E+03
1.34280E+01        4.55931693703E+03
1.34340E+01        4.55550649937E+03
1.34400E+01        4.55170082532E+03
1.34460E+01        4.54789990695E+03
1.34520E+01        4.54410373638E+03
1.34580E+01        4.54031230572E+03
1.34640E+01        4.53652560709E+03
1.34700E+01        4.53274363265E+03
1.34760E+01        4.52896637457E+03
1.34820E+01        4.52519382502E+03
1.34880E+01        4.52142597620E+03
1.34940E+01        4.51766282032E+03
1.35000E+01        4.51390434962E+03
1.35060E+01        4.51015055634E+03
1.35120E+01        4.50640143274E+03
1.35180E+01        4.50265697110E+03
1.35240E+01        4.49891716371E+03
1.35300E+01        4.49518200287E+03
1.35360E+01        4.49145148093E+03
1.35420E+01        4.48772559021E+03
1.35480E+01        4.48400432308E+03
1.35540E+01        4.48028767190E+03
1.35600E+01        4.47657562906E+03
1.35660E+01        4.47286818697E+03
1.35720E+01        4.46916533805E+03
1.35780E+01        4.46546707472E+03
1.35840E+01        4.46177338945E+03
1.35900E+01        4.45808427470E+03
1.35960E+01        4.45439972294E+03
1.36020E+01        4.45071972668E+03
1.36080E+01        4.44704427843E+03
1.36140E+01        4.44337337071E+03
1.36200E+01        4.43970699607E+03
1.36260E+01        4.43604514706E+03
1.36320E+01        4.43238781627E+03
1.36380E+01        4.42873499626E+03
1.36440E+01        4.42508667966E+03
1.36500E+01        4.42144285908E+03
1.36560E+01        4.41780352715E+03
1.36620E+01        4.41416867652E+03
1.36680E+01        4.41053829985E+03
1.36740E+01        4.40691238983E+03
1.36800E+01        4.40329093915E+03
1.36860E+01        4.39967394051E+03
1.36920E+01        4.39606138664E+03
1.36980E+01        4.39245327028E+03
1.37040E+01        4.38884958418E+03
1.37100E+01        4.38525032110E+03
1.37160E+01        4.38165547384E+03
1.37220E+01        4.37806503518E+03
1.37280E+01        4.37447899795E+03
1.37340E+01        4.37089735495E+03
1.37400E+01        4.36732009905E+03
1.37460E+01        4.36374722309E+03
1.37520E+01        4.36017871994E+03
1.37580E+01        4.35661458248E+03
1.37640E+01        4.35305480362E+03
1.37700E+01        4.34949937627E+03
1.37760E+01        4.34594829336E+03
1.37820E+01        4.34240154782E+03
1.37880E+01        4.33885913262E+03
1.37940E+01        4.33532104072E+03
1.38000E+01        4.33178726512E+03
1.38060E+01        4.32825779880E+03
1.38120E+01        4.32473263478E+03
1.38180E+01        4.32121176609E+03
1.38240E+01        4.31769518577E+03
1.38300E+01        4.31418288688E+03
1.38360E+01        4.31067486248E+03
1.38420E+01        4.30717110566E+03
1.38480E+01        4.30367160951E+03
1.38540E+01        4.30017636715E+03
1.38600E+01        4.29668537170E+03
1.38660E+01        4.29319861631E+03
1.38720E+01        4.28971609411E+03
1.38780E+01        4.28623779828E+03
1.38840E+01        4.28276372201E+03
1.38900E+01        4.27929385847E+03
1.38960E+01        4.27582820089E+03
1.39020E+01        4.27236674248E+03
1.39080E+01        4.26890947648E+03
1.39140E+01        4.26545639613E+03
1.39200E+01        4.26200749470E+03
1.39260E+01        4.25856276546E+03
1.39320E+01        4.25512220171E+03
1.39380E+01        4.25168579674E+03
1.39440E+01        4.24825354387E+03
1.39500E+01        4.24482543643E+03
1.39560E+01        4.24140146776E+03
1.39620E+01        4.23798163123E+03
1.39680E+01        4.23456592019E+03
1.39740E+01        4.23115432803E+03
1.39800E+01        4.22774684814E+03
1.39860E+01        4.22434347395E+03
1.39920E+01        4.22094419885E+03
1.39980E+01        4.21754901631E+03
1.40040E+01        4.21415791975E+03
