output/Noodles_2021-02-26/SED_11.dat
# %ECSV 0.9
# ---
# datatype:
# - {name: wavelength, unit: micron, datatype: float64}
# - {name: flux, unit: microJansky, datatype: float64}
# schema: astropy-2.0
#
#
#  - - File generated by ExoNoodle - -
#         V1.0.0 - MML (CEA-Saclay)
#       2021-02-26 14:01:48.325215
wavelength flux 
[from data line 1298]
1.07880E+01        6.86306296224E+03
1.07940E+01        6.85604962261E+03
1.08000E+01        6.84904698576E+03
1.08060E+01        6.84205503001E+03
1.08120E+01        6.83507373375E+03
1.08180E+01        6.82810307542E+03
1.08240E+01        6.82114303350E+03
1.08300E+01        6.81419358655E+03
1.08360E+01        6.80725471316E+03
1.08420E+01        6.80032639199E+03
1.08480E+01        6.79340860174E+03
1.08540E+01        6.78650132118E+03
1.08600E+01        6.77960452911E+03
1.08660E+01        6.77271820441E+03
1.08720E+01        6.76584232600E+03
1.08780E+01        6.75897687284E+03
1.08840E+01        6.75212182396E+03
1.08900E+01        6.74527715845E+03
1.08960E+01        6.73844285542E+03
1.09020E+01        6.73161889407E+03
1.09080E+01        6.72480525362E+03
1.09140E+01        6.71800191337E+03
1.09200E+01        6.71120885265E+03
1.09260E+01        6.70442605084E+03
1.09320E+01        6.69765348740E+03
1.09380E+01        6.69089114181E+03
1.09440E+01        6.68413899361E+03
1.09500E+01        6.67739702240E+03
1.09560E+01        6.67066520783E+03
1.09620E+01        6.66394352958E+03
1.09680E+01        6.65723196741E+03
1.09740E+01        6.65053050111E+03
1.09800E+01        6.64383911052E+03
1.09860E+01        6.63715777555E+03
1.09920E+01        6.63048647613E+03
1.09980E+01        6.62382519227E+03
1.10040E+01        6.61717390401E+03
1.10100E+01        6.61053259145E+03
1.10160E+01        6.60390123472E+03
1.10220E+01        6.59727981403E+03
1.10280E+01        6.59066830961E+03
1.10340E+01        6.58406670176E+03
1.10400E+01        6.57747497081E+03
1.10460E+01        6.57089309716E+03
1.10520E+01        6.56432106124E+03
1.10580E+01        6.55775884354E+03
1.10640E+01        6.55120642458E+03
1.10700E+01        6.54466378496E+03
1.10760E+01        6.53813090530E+03
1.10820E+01        6.53160776627E+03
1.10880E+01        6.52509434861E+03
1.10940E+01        6.51859063308E+03
1.11000E+01        6.51209660050E+03
1.11060E+01        6.50561223174E+03
1.11120E+01        6.49913750771E+03
1.11180E+01        6.49267240938E+03
1.11240E+01        6.48621691775E+03
1.11300E+01        6.47977101387E+03
1.11360E+01        6.47333467884E+03
1.11420E+01        6.46690789381E+03
1.11480E+01        6.46049063998E+03
1.11540E+01        6.45408289857E+03
1.11600E+01        6.44768465089E+03
1.11660E+01        6.44129587825E+03
1.11720E+01        6.43491656203E+03
1.11780E+01        6.42854668365E+03
1.11840E+01        6.42218622459E+03
1.11900E+01        6.41583516635E+03
1.11960E+01        6.40949349049E+03
1.12020E+01        6.40316117861E+03
1.12080E+01        6.39683821236E+03
1.12140E+01        6.39052457344E+03
1.12200E+01        6.38422024357E+03
1.12260E+01        6.37792520455E+03
1.12320E+01        6.37163943819E+03
1.12380E+01        6.36536292636E+03
1.12440E+01        6.35909565099E+03
1.12500E+01        6.35283759402E+03
1.12560E+01        6.34658873746E+03
1.12620E+01        6.34034906335E+03
1.12680E+01        6.33411855378E+03
1.12740E+01        6.32789719089E+03
1.12800E+01        6.32168495685E+03
1.12860E+01        6.31548183388E+03
1.12920E+01        6.30928780424E+03
1.12980E+01        6.30310285024E+03
1.13040E+01        6.29692695422E+03
1.13100E+01        6.29076009858E+03
1.13160E+01        6.28460226574E+03
1.13220E+01        6.27845343819E+03
1.13280E+01        6.27231359843E+03
1.13340E+01        6.26618272904E+03
1.13400E+01        6.26006081261E+03
1.13460E+01        6.25394783179E+03
1.13520E+01        6.24784376926E+03
1.13580E+01        6.24174860775E+03
1.13640E+01        6.23566233003E+03
1.13700E+01        6.22958491891E+03
1.13760E+01        6.22351635724E+03
1.13820E+01        6.21745662792E+03
1.13880E+01        6.21140571389E+03
1.13940E+01        6.20536359810E+03
1.14000E+01        6.19933026360E+03
1.14060E+01        6.19330569342E+03
1.14120E+01        6.18728987067E+03
1.14180E+01        6.18128277849E+03
1.14240E+01        6.17528440005E+03
1.14300E+01        6.16929471858E+03
1.14360E+01        6.16331371733E+03
1.14420E+01        6.15734137961E+03
1.14480E+01        6.15137768875E+03
1.14540E+01        6.14542262813E+03
1.14600E+01        6.13947618118E+03
1.14660E+01        6.13353833135E+03
1.14720E+01        6.12760906213E+03
1.14780E+01        6.12168835707E+03
1.14840E+01        6.11577619975E+03
1.14900E+01        6.10987257378E+03
1.14960E+01        6.10397746281E+03
1.15020E+01        6.09809085054E+03
1.15080E+01        6.09221272071E+03
1.15140E+01        6.08634305708E+03
1.15200E+01        6.08048184346E+03
1.15260E+01        6.07462906371E+03
1.15320E+01        6.06878470170E+03
1.15380E+01        6.06294874138E+03
1.15440E+01        6.05712116670E+03
1.15500E+01        6.05130196165E+03
1.15560E+01        6.04549111029E+03
1.15620E+01        6.03968859669E+03
1.15680E+01        6.03389440497E+03
1.15740E+01        6.02810851927E+03
1.15800E+01        6.02233092380E+03
1.15860E+01        6.01656160277E+03
1.15920E+01        6.01080054045E+03
1.15980E+01        6.00504772115E+03
1.16040E+01        5.99930312921E+03
1.16100E+01        5.99356674900E+03
1.16160E+01        5.98783856493E+03
1.16220E+01        5.98211856146E+03
1.16280E+01        5.97640672308E+03
1.16340E+01        5.97070303430E+03
1.16400E+01        5.96500747970E+03
1.16460E+01        5.95932004386E+03
1.16520E+01        5.95364071141E+03
1.16580E+01        5.94796946704E+03
1.16640E+01        5.94230629543E+03
1.16700E+01        5.93665118134E+03
1.16760E+01        5.93100410955E+03
1.16820E+01        5.92536506485E+03
1.16880E+01        5.91973403212E+03
1.16940E+01        5.91411099621E+03
1.17000E+01        5.90849594207E+03
1.17060E+01        5.90288885464E+03
1.17120E+01        5.89728971891E+03
1.17180E+01        5.89169851991E+03
1.17240E+01        5.88611524270E+03
1.17300E+01        5.88053987238E+03
1.17360E+01        5.87497239407E+03
1.17420E+01        5.86941279294E+03
1.17480E+01        5.86386105420E+03
1.17540E+01        5.85831716307E+03
1.17600E+01        5.85278110483E+03
1.17660E+01        5.84725286477E+03
1.17720E+01        5.84173242825E+03
1.17780E+01        5.83621978062E+03
1.17840E+01        5.83071490730E+03
1.17900E+01        5.82521779372E+03
1.17960E+01        5.81972842537E+03
1.18020E+01        5.81424678774E+03
1.18080E+01        5.80877286639E+03
1.18140E+01        5.80330664688E+03
1.18200E+01        5.79784811482E+03
1.18260E+01        5.79239725586E+03
1.18320E+01        5.78695405568E+03
1.18380E+01        5.78151849998E+03
1.18440E+01        5.77609057450E+03
1.18500E+01        5.77067026502E+03
1.18560E+01        5.76525755736E+03
1.18620E+01        5.75985243734E+03
1.18680E+01        5.75445489085E+03
1.18740E+01        5.74906490378E+03
1.18800E+01        5.74368246209E+03
1.18860E+01        5.73830755175E+03
1.18920E+01        5.73294015875E+03
1.18980E+01        5.72758026913E+03
1.19040E+01        5.72222786897E+03
1.19100E+01        5.71688294437E+03
1.19160E+01        5.71154548145E+03
1.19220E+01        5.70621546639E+03
1.19280E+01        5.70089288538E+03
1.19340E+01        5.69557772465E+03
1.19400E+01        5.69026997046E+03
1.19460E+01        5.68496960911E+03
1.19520E+01        5.67967662691E+03
1.19580E+01        5.67439101024E+03
1.19640E+01        5.66911274546E+03
1.19700E+01        5.66384181900E+03
1.19760E+01        5.65857821732E+03
1.19820E+01        5.65332192689E+03
1.19880E+01        5.64807293421E+03
1.19940E+01        5.64283122585E+03
1.20000E+01        5.63759678836E+03
1.20060E+01        5.63236960836E+03
1.20120E+01        5.62714967248E+03
1.20180E+01        5.62193696738E+03
1.20240E+01        5.61673147977E+03
1.20300E+01        5.61153319637E+03
1.20360E+01        5.60634210393E+03
1.20420E+01        5.60115818924E+03
1.20480E+01        5.59598143913E+03
1.20540E+01        5.59081184043E+03
1.20600E+01        5.58564938004E+03
1.20660E+01        5.58049404485E+03
1.20720E+01        5.57534582180E+03
1.20780E+01        5.57020469787E+03
1.20840E+01        5.56507066004E+03
1.20900E+01        5.55994369535E+03
1.20960E+01        5.55482379085E+03
1.21020E+01        5.54971093363E+03
1.21080E+01        5.54460511081E+03
1.21140E+01        5.53950630952E+03
1.21200E+01        5.53441451695E+03
1.21260E+01        5.52932972029E+03
1.21320E+01        5.52425190678E+03
1.21380E+01        5.51918106368E+03
1.21440E+01        5.51411717828E+03
1.21500E+01        5.50906023790E+03
1.21560E+01        5.50401022989E+03
1.21620E+01        5.49896714162E+03
1.21680E+01        5.49393096050E+03
1.21740E+01        5.48890167397E+03
1.21800E+01        5.48387926948E+03
1.21860E+01        5.47886373452E+03
1.21920E+01        5.47385505662E+03
1.21980E+01        5.46885322332E+03
1.22040E+01        5.46385822220E+03
1.22100E+01        5.45887004085E+03
1.22160E+01        5.45388866692E+03
1.22220E+01        5.44891408806E+03
1.22280E+01        5.44394629196E+03
1.22340E+01        5.43898526633E+03
1.22400E+01        5.43403099891E+03
1.22460E+01        5.42908347748E+03
1.22520E+01        5.42414268984E+03
1.22580E+01        5.41920862380E+03
1.22640E+01        5.41428126722E+03
1.22700E+01        5.40936060799E+03
1.22760E+01        5.40444663400E+03
1.22820E+01        5.39953933320E+03
1.22880E+01        5.39463869354E+03
1.22940E+01        5.38974470302E+03
1.23000E+01        5.38485734964E+03
1.23060E+01        5.37997662145E+03
1.23120E+01        5.37510250653E+03
1.23180E+01        5.37023499296E+03
1.23240E+01        5.36537406887E+03
1.23300E+01        5.36051972241E+03
1.23360E+01        5.35567194175E+03
1.23420E+01        5.35083071510E+03
1.23480E+01        5.34599603068E+03
1.23540E+01        5.34116787676E+03
1.23600E+01        5.33634624161E+03
1.23660E+01        5.33153111353E+03
1.23720E+01        5.32672248087E+03
1.23780E+01        5.32192033198E+03
1.23840E+01        5.31712465524E+03
1.23900E+01        5.31233543908E+03
1.23960E+01        5.30755267192E+03
1.24020E+01        5.30277634224E+03
1.24080E+01        5.29800643851E+03
1.24140E+01        5.29324294925E+03
1.24200E+01        5.28848586300E+03
1.24260E+01        5.28373516834E+03
1.24320E+01        5.27899085384E+03
1.24380E+01        5.27425290813E+03
1.24440E+01        5.26952131984E+03
1.24500E+01        5.26479607765E+03
1.24560E+01        5.26007717024E+03
1.24620E+01        5.25536458634E+03
1.24680E+01        5.25065831468E+03
1.24740E+01        5.24595834403E+03
1.24800E+01        5.24126466319E+03
1.24860E+01        5.23657726096E+03
1.24920E+01        5.23189612620E+03
1.24980E+01        5.22722124776E+03
1.25040E+01        5.22255261454E+03
1.25100E+01        5.21789021546E+03
1.25160E+01        5.21323403945E+03
1.25220E+01        5.20858407547E+03
1.25280E+01        5.20394031252E+03
1.25340E+01        5.19930273962E+03
1.25400E+01        5.19467134578E+03
1.25460E+01        5.19004612009E+03
1.25520E+01        5.18542705162E+03
1.25580E+01        5.18081412948E+03
1.25640E+01        5.17620734281E+03
1.25700E+01        5.17160668076E+03
1.25760E+01        5.16701213252E+03
1.25820E+01        5.16242368729E+03
1.25880E+01        5.15784133429E+03
1.25940E+01        5.15326506279E+03
1.26000E+01        5.14869486205E+03
1.26060E+01        5.14413072139E+03
1.26120E+01        5.13957263011E+03
1.26180E+01        5.13502057757E+03
1.26240E+01        5.13047455313E+03
1.26300E+01        5.12593454620E+03
1.26360E+01        5.12140054618E+03
1.26420E+01        5.11687254252E+03
1.26480E+01        5.11235052467E+03
1.26540E+01        5.10783448214E+03
1.26600E+01        5.10332440441E+03
1.26660E+01        5.09882028103E+03
1.26720E+01        5.09432210155E+03
1.26780E+01        5.08982985555E+03
1.26840E+01        5.08534353262E+03
1.26900E+01        5.08086312240E+03
1.26960E+01        5.07638861452E+03
1.27020E+01        5.07191999865E+03
1.27080E+01        5.06745726449E+03
1.27140E+01        5.06300040175E+03
1.27200E+01        5.05854940016E+03
1.27260E+01        5.05410424949E+03
1.27320E+01        5.04966493950E+03
1.27380E+01        5.04523146001E+03
1.27440E+01        5.04080380084E+03
1.27500E+01        5.03638195183E+03
1.27560E+01        5.03196590285E+03
1.27620E+01        5.02755564380E+03
1.27680E+01        5.02315116459E+03
1.27740E+01        5.01875245515E+03
1.27800E+01        5.01435950544E+03
1.27860E+01        5.00997230543E+03
1.27920E+01        5.00559084514E+03
1.27980E+01        5.00121511456E+03
1.28040E+01        4.99684510376E+03
1.28100E+01        4.99248080280E+03
1.28160E+01        4.98812220176E+03
1.28220E+01        4.98376929075E+03
1.28280E+01        4.97942205989E+03
1.28340E+01        4.97508049935E+03
1.28400E+01        4.97074459928E+03
1.28460E+01        4.96641434989E+03
1.28520E+01        4.96208974139E+03
1.28580E+01        4.95777076401E+03
1.28640E+01        4.95345740801E+03
1.28700E+01        4.94914966367E+03
1.28760E+01        4.94484752127E+03
1.28820E+01        4.94055097116E+03
1.28880E+01        4.93626000365E+03
1.28940E+01        4.93197460912E+03
1.29000E+01        4.92769477794E+03
1.29060E+01        4.92342050052E+03
1.29120E+01        4.91915176728E+03
1.29180E+01        4.91488856867E+03
1.29240E+01        4.91063089514E+03
1.29300E+01        4.90637873718E+03
1.29360E+01        4.90213208529E+03
1.29420E+01        4.89789093001E+03
1.29480E+01        4.89365526187E+03
1.29540E+01        4.88942507144E+03
1.29600E+01        4.88520034931E+03
1.29660E+01        4.88098108609E+03
1.29720E+01        4.87676727239E+03
1.29780E+01        4.87255889887E+03
1.29840E+01        4.86835595618E+03
1.29900E+01        4.86415843503E+03
1.29960E+01        4.85996632611E+03
1.30020E+01        4.85577962014E+03
1.30080E+01        4.85159830788E+03
1.30140E+01        4.84742238009E+03
1.30200E+01        4.84325182756E+03
1.30260E+01        4.83908664108E+03
1.30320E+01        4.83492681149E+03
1.30380E+01        4.83077232962E+03
1.30440E+01        4.82662318634E+03
1.30500E+01        4.82247937254E+03
1.30560E+01        4.81834087911E+03
1.30620E+01        4.81420769698E+03
1.30680E+01        4.81007981709E+03
1.30740E+01        4.80595723039E+03
1.30800E+01        4.80183992787E+03
1.30860E+01        4.79772790052E+03
1.30920E+01        4.79362113937E+03
1.30980E+01        4.78951963544E+03
1.31040E+01        4.78542337980E+03
1.31100E+01        4.78133236352E+03
1.31160E+01        4.77724657769E+03
1.31220E+01        4.77316601342E+03
1.31280E+01        4.76909066185E+03
1.31340E+01        4.76502051412E+03
1.31400E+01        4.76095556141E+03
1.31460E+01        4.75689579490E+03
1.31520E+01        4.75284120579E+03
1.31580E+01        4.74879178532E+03
1.31640E+01        4.74474752472E+03
1.31700E+01        4.74070841525E+03
1.31760E+01        4.73667444820E+03
1.31820E+01        4.73264561486E+03
1.31880E+01        4.72862190655E+03
1.31940E+01        4.72460331461E+03
1.32000E+01        4.72058983038E+03
1.32060E+01        4.71658144524E+03
1.32120E+01        4.71257815058E+03
1.32180E+01        4.70857993781E+03
1.32240E+01        4.70458679835E+03
1.32300E+01        4.70059872364E+03
1.32360E+01        4.69661570515E+03
1.32420E+01        4.69263773436E+03
1.32480E+01        4.68866480276E+03
1.32540E+01        4.68469690187E+03
1.32600E+01        4.68073402322E+03
1.32660E+01        4.67677615837E+03
1.32720E+01        4.67282329888E+03
1.32780E+01        4.66887543633E+03
1.32840E+01        4.66493256234E+03
1.32900E+01        4.66099466852E+03
1.32960E+01        4.65706174652E+03
1.33020E+01        4.65313378798E+03
1.33080E+01        4.64921078459E+03
1.33140E+01        4.64529272803E+03
1.33200E+01        4.64137961001E+03
1.33260E+01        4.63747142226E+03
1.33320E+01        4.63356815652E+03
1.33380E+01        4.62966980455E+03
1.33440E+01        4.62577635814E+03
1.33500E+01        4.62188780907E+03
1.33560E+01        4.61800414915E+03
1.33620E+01        4.61412537022E+03
1.33680E+01        4.61025146412E+03
