output/Noodles_2021-02-26/SED_02.dat
# %ECSV 0.9
# ---
# datatype:
# - {name: wavelength, unit: micron, datatype: float64}
# - {name: flux, unit: microJansky, datatype: float64}
# schema: astropy-2.0
#
#
#  - - File generated by ExoNoodle - -
#         V1.0.0 - MML (CEA-Saclay)
#       2021-02-26 14:01:48.325215
wavelength flux 
[from data line 1730]
1.33800E+01        4.59298884928E+03
1.33860E+01        4.58913749084E+03
1.33920E+01        4.58529096302E+03
1.33980E+01        4.58144925777E+03
1.34040E+01        4.57761236706E+03
1.34100E+01        4.57378028286E+03
1.34160E+01        4.56995299717E+03
1.34220E+01        4.56613050199E+03
1.34280E+01        4.56231278937E+03
1.34340E+01        4.55849985135E+03
1.34400E+01        4.55469167998E+03
1.34460E+01        4.55088826735E+03
1.34520E+01        4.54708960555E+03
1.34580E+01        4.54329568669E+03
1.34640E+01        4.53950650290E+03
1.34700E+01        4.53572204633E+03
1.34760E+01        4.53194230912E+03
1.34820E+01        4.52816728347E+03
1.34880E+01        4.52439696157E+03
1.34940E+01        4.52063133561E+03
1.35000E+01        4.51687039783E+03
1.35060E+01        4.51311414047E+03
1.35120E+01        4.50936255578E+03
1.35180E+01        4.50561563604E+03
1.35240E+01        4.50187337353E+03
1.35300E+01        4.49813576056E+03
1.35360E+01        4.49440278945E+03
1.35420E+01        4.49067445254E+03
1.35480E+01        4.48695074217E+03
1.35540E+01        4.48323165072E+03
1.35600E+01        4.47951717057E+03
1.35660E+01        4.47580729411E+03
1.35720E+01        4.47210201377E+03
1.35780E+01        4.46840132197E+03
1.35840E+01        4.46470521116E+03
1.35900E+01        4.46101367380E+03
1.35960E+01        4.45732670237E+03
1.36020E+01        4.45364428935E+03
1.36080E+01        4.44996642726E+03
1.36140E+01        4.44629310862E+03
1.36200E+01        4.44262432596E+03
1.36260E+01        4.43896007184E+03
1.36320E+01        4.43530033884E+03
1.36380E+01        4.43164511952E+03
1.36440E+01        4.42799440650E+03
1.36500E+01        4.42434819238E+03
1.36560E+01        4.42070646979E+03
1.36620E+01        4.41706923139E+03
1.36680E+01        4.41343646982E+03
1.36740E+01        4.40980817776E+03
1.36800E+01        4.40618434791E+03
1.36860E+01        4.40256497296E+03
1.36920E+01        4.39895004564E+03
1.36980E+01        4.39533955867E+03
1.37040E+01        4.39173350481E+03
1.37100E+01        4.38813187682E+03
1.37160E+01        4.38453466748E+03
1.37220E+01        4.38094186958E+03
1.37280E+01        4.37735347593E+03
1.37340E+01        4.37376947935E+03
1.37400E+01        4.37018987267E+03
1.37460E+01        4.36661464876E+03
1.37520E+01        4.36304380046E+03
1.37580E+01        4.35947732067E+03
1.37640E+01        4.35591520228E+03
1.37700E+01        4.35235743819E+03
1.37760E+01        4.34880402134E+03
1.37820E+01        4.34525494465E+03
1.37880E+01        4.34171020108E+03
1.37940E+01        4.33816978359E+03
1.38000E+01        4.33463368518E+03
1.38060E+01        4.33110189882E+03
1.38120E+01        4.32757441753E+03
1.38180E+01        4.32405123434E+03
1.38240E+01        4.32053234227E+03
1.38300E+01        4.31701773439E+03
1.38360E+01        4.31350740375E+03
1.38420E+01        4.31000134343E+03
1.38480E+01        4.30649954654E+03
1.38540E+01        4.30300200616E+03
1.38600E+01        4.29950871544E+03
1.38660E+01        4.29601966749E+03
1.38720E+01        4.29253485547E+03
1.38780E+01        4.28905427254E+03
1.38840E+01        4.28557791188E+03
1.38900E+01        4.28210576667E+03
1.38960E+01        4.27863783012E+03
1.39020E+01        4.27517409545E+03
1.39080E+01        4.27171455589E+03
1.39140E+01        4.26825920468E+03
1.39200E+01        4.26480803508E+03
1.39260E+01        4.26136104036E+03
1.39320E+01        4.25791821381E+03
1.39380E+01        4.25447954872E+03
1.39440E+01        4.25104503841E+03
1.39500E+01        4.24761467620E+03
1.39560E+01        4.24418845543E+03
1.39620E+01        4.24076636945E+03
1.39680E+01        4.23734841163E+03
1.39740E+01        4.23393457535E+03
1.39800E+01        4.23052485399E+03
1.39860E+01        4.22711924096E+03
1.39920E+01        4.22371772968E+03
1.39980E+01        4.22032031359E+03
1.40040E+01        4.21692698612E+03
