output/Noodles_2021-02-26/SED_13.dat
# %ECSV 0.9
# ---
# datatype:
# - {name: wavelength, unit: micron, datatype: float64}
# - {name: flux, unit: microJansky, datatype: float64}
# schema: astropy-2.0
#
#
#  - - File generated by ExoNoodle - -
#         V1.0.0 - MML (CEA-Saclay)
#       2021-02-26 14:01:48.325215
wavelength flux 
[from data line 865]
8.19000E+00        1.12873303186E+04
8.19600E+00        1.12725844605E+04
8.20200E+00        1.12578672714E+04
8.20800E+00        1.12431786777E+04
8.21400E+00        1.12285186060E+04
8.22000E+00        1.12138869830E+04
8.22600E+00        1.11992837358E+04
8.23200E+00        1.11847087918E+04
8.23800E+00        1.11701620784E+04
8.24400E+00        1.11556435234E+04
8.25000E+00        1.11411530548E+04
8.25600E+00        1.11266906007E+04
8.26200E+00        1.11122560896E+04
8.26800E+00        1.10978494501E+04
8.27400E+00        1.10834706112E+04
8.28000E+00        1.10691195019E+04
8.28600E+00        1.10547960515E+04
8.29200E+00        1.10405001897E+04
8.29800E+00        1.10262318461E+04
8.30400E+00        1.10119909508E+04
8.31000E+00        1.09977774340E+04
8.31600E+00        1.09835912262E+04
8.32200E+00        1.09694322579E+04
8.32800E+00        1.09553004601E+04
8.33400E+00        1.09411957638E+04
8.34000E+00        1.09271181004E+04
8.34600E+00        1.09130674013E+04
8.35200E+00        1.08990435983E+04
8.35800E+00        1.08850466234E+04
8.36400E+00        1.08710764087E+04
8.37000E+00        1.08571328866E+04
8.37600E+00        1.08432159896E+04
8.38200E+00        1.08293256507E+04
8.38800E+00        1.08154618026E+04
8.39400E+00        1.08016243788E+04
8.40000E+00        1.07878133126E+04
8.40600E+00        1.07740285376E+04
8.41200E+00        1.07602699877E+04
8.41800E+00        1.07465375970E+04
8.42400E+00        1.07328312996E+04
8.43000E+00        1.07191510300E+04
8.43600E+00        1.07054967229E+04
8.44200E+00        1.06918683132E+04
8.44800E+00        1.06782657358E+04
8.45400E+00        1.06646889262E+04
8.46000E+00        1.06511378196E+04
8.46600E+00        1.06376123519E+04
8.47200E+00        1.06241124588E+04
8.47800E+00        1.06106380765E+04
8.48400E+00        1.05971891411E+04
8.49000E+00        1.05837655892E+04
8.49600E+00        1.05703673574E+04
8.50200E+00        1.05569943826E+04
8.50800E+00        1.05436466017E+04
8.51400E+00        1.05303239521E+04
8.52000E+00        1.05170263712E+04
8.52600E+00        1.05037537965E+04
8.53200E+00        1.04905061660E+04
8.53800E+00        1.04772834176E+04
8.54400E+00        1.04640854895E+04
8.55000E+00        1.04509123201E+04
8.55600E+00        1.04377638480E+04
8.56200E+00        1.04246400120E+04
8.56800E+00        1.04115407509E+04
8.57400E+00        1.03984660041E+04
8.58000E+00        1.03854157107E+04
8.58600E+00        1.03723898103E+04
8.59200E+00        1.03593882427E+04
8.59800E+00        1.03464109476E+04
8.60400E+00        1.03334578652E+04
8.61000E+00        1.03205289357E+04
8.61600E+00        1.03076240995E+04
8.62200E+00        1.02947432973E+04
8.62800E+00        1.02818864699E+04
8.63400E+00        1.02690535582E+04
8.64000E+00        1.02562445034E+04
8.64600E+00        1.02434592469E+04
8.65200E+00        1.02306977301E+04
8.65800E+00        1.02179598947E+04
8.66400E+00        1.02052456827E+04
8.67000E+00        1.01925550361E+04
8.67600E+00        1.01798878970E+04
8.68200E+00        1.01672442080E+04
8.68800E+00        1.01546239115E+04
8.69400E+00        1.01420269503E+04
8.70000E+00        1.01294532674E+04
8.70600E+00        1.01169028059E+04
8.71200E+00        1.01043755089E+04
8.71800E+00        1.00918713200E+04
8.72400E+00        1.00793901827E+04
8.73000E+00        1.00669320409E+04
8.73600E+00        1.00544968385E+04
8.74200E+00        1.00420845196E+04
8.74800E+00        1.00296950285E+04
8.75400E+00        1.00173283096E+04
8.76000E+00        1.00049843077E+04
8.76600E+00        9.99266296739E+03
8.77200E+00        9.98036423374E+03
8.77800E+00        9.96808805183E+03
8.78400E+00        9.95583436697E+03
8.79000E+00        9.94360312460E+03
8.79600E+00        9.93139427035E+03
8.80200E+00        9.91920774999E+03
8.80800E+00        9.90704350946E+03
8.81400E+00        9.89490149487E+03
8.82000E+00        9.88278165248E+03
8.82600E+00        9.87068392872E+03
8.83200E+00        9.85860827018E+03
8.83800E+00        9.84655462361E+03
8.84400E+00        9.83452293591E+03
8.85000E+00        9.82251315415E+03
8.85600E+00        9.81052522555E+03
8.86200E+00        9.79855909749E+03
8.86800E+00        9.78661471750E+03
8.87400E+00        9.77469203329E+03
8.88000E+00        9.76279099271E+03
8.88600E+00        9.75091154375E+03
8.89200E+00        9.73905363458E+03
8.89800E+00        9.72721721352E+03
8.90400E+00        9.71540222902E+03
8.91000E+00        9.70360862972E+03
8.91600E+00        9.69183636439E+03
8.92200E+00        9.68008538195E+03
8.92800E+00        9.66835563147E+03
8.93400E+00        9.65664706220E+03
8.94000E+00        9.64495962351E+03
8.94600E+00        9.63329326492E+03
8.95200E+00        9.62164793611E+03
8.95800E+00        9.61002358692E+03
8.96400E+00        9.59842016732E+03
8.97000E+00        9.58683762743E+03
8.97600E+00        9.57527591752E+03
8.98200E+00        9.56373498800E+03
8.98800E+00        9.55221478946E+03
8.99400E+00        9.54071527258E+03
9.00000E+00        9.52923638824E+03
9.00600E+00        9.51777808742E+03
9.01200E+00        9.50634032127E+03
9.01800E+00        9.49492304108E+03
9.02400E+00        9.48352619828E+03
9.03000E+00        9.47214974444E+03
9.03600E+00        9.46079363129E+03
9.04200E+00        9.44945781067E+03
9.04800E+00        9.43814223459E+03
9.05400E+00        9.42684685518E+03
9.06000E+00        9.41557162473E+03
9.06600E+00        9.40431649565E+03
9.07200E+00        9.39308142051E+03
9.07800E+00        9.38186635200E+03
9.08400E+00        9.37067124296E+03
9.09000E+00        9.35949604636E+03
9.09600E+00        9.34834071531E+03
9.10200E+00        9.33720520307E+03
9.10800E+00        9.32608946301E+03
9.11400E+00        9.31499344866E+03
9.12000E+00        9.30391711367E+03
9.12600E+00        9.29286041183E+03
9.13200E+00        9.28182329708E+03
9.13800E+00        9.27080572346E+03
9.14400E+00        9.25980764518E+03
9.15000E+00        9.24882901656E+03
9.15600E+00        9.23786979205E+03
9.16200E+00        9.22692992626E+03
9.16800E+00        9.21600937390E+03
9.17400E+00        9.20510808982E+03
9.18000E+00        9.19422602902E+03
9.18600E+00        9.18336314660E+03
9.19200E+00        9.17251939782E+03
9.19800E+00        9.16169473805E+03
9.20400E+00        9.15088912279E+03
9.21000E+00        9.14010250767E+03
9.21600E+00        9.12933484847E+03
9.22200E+00        9.11858610105E+03
9.22800E+00        9.10785622146E+03
9.23400E+00        9.09714516581E+03
9.24000E+00        9.08645289039E+03
9.24600E+00        9.07577935159E+03
9.25200E+00        9.06512450593E+03
9.25800E+00        9.05448831006E+03
9.26400E+00        9.04387072074E+03
9.27000E+00        9.03327169488E+03
9.27600E+00        9.02269118949E+03
9.28200E+00        9.01212916171E+03
9.28800E+00        9.00158556881E+03
9.29400E+00        8.99106036818E+03
9.30000E+00        8.98055351732E+03
9.30600E+00        8.97006497388E+03
9.31200E+00        8.95959469559E+03
9.31800E+00        8.94914264035E+03
9.32400E+00        8.93870876613E+03
9.33000E+00        8.92829303106E+03
9.33600E+00        8.91789539337E+03
9.34200E+00        8.90751581142E+03
9.34800E+00        8.89715424367E+03
9.35400E+00        8.88681064872E+03
9.36000E+00        8.87648498528E+03
9.36600E+00        8.86617721218E+03
9.37200E+00        8.85588728835E+03
9.37800E+00        8.84561517286E+03
9.38400E+00        8.83536082489E+03
9.39000E+00        8.82512420373E+03
9.39600E+00        8.81490526879E+03
9.40200E+00        8.80470397959E+03
9.40800E+00        8.79452029578E+03
9.41400E+00        8.78435417711E+03
9.42000E+00        8.77420558344E+03
9.42600E+00        8.76407447477E+03
9.43200E+00        8.75396081117E+03
9.43800E+00        8.74386455287E+03
9.44400E+00        8.73378566019E+03
9.45000E+00        8.72372409355E+03
9.45600E+00        8.71367981350E+03
9.46200E+00        8.70365278071E+03
9.46800E+00        8.69364295593E+03
9.47400E+00        8.68365030004E+03
9.48000E+00        8.67367477404E+03
9.48600E+00        8.66371633902E+03
9.49200E+00        8.65377495619E+03
9.49800E+00        8.64385058687E+03
9.50400E+00        8.63394319248E+03
9.51000E+00        8.62405273457E+03
9.51600E+00        8.61417917477E+03
9.52200E+00        8.60432247483E+03
9.52800E+00        8.59448259661E+03
9.53400E+00        8.58465950209E+03
9.54000E+00        8.57485315332E+03
9.54600E+00        8.56506351249E+03
9.55200E+00        8.55529054189E+03
9.55800E+00        8.54553420390E+03
9.56400E+00        8.53579446102E+03
9.57000E+00        8.52607127585E+03
9.57600E+00        8.51636461110E+03
9.58200E+00        8.50667442957E+03
9.58800E+00        8.49700069418E+03
9.59400E+00        8.48734336795E+03
9.60000E+00        8.47770241399E+03
9.60600E+00        8.46807779553E+03
9.61200E+00        8.45846947589E+03
9.61800E+00        8.44887741850E+03
9.62400E+00        8.43930158689E+03
9.63000E+00        8.42974194470E+03
9.63600E+00        8.42019845565E+03
9.64200E+00        8.41067108357E+03
9.64800E+00        8.40115979241E+03
9.65400E+00        8.39166454619E+03
9.66000E+00        8.38218530905E+03
9.66600E+00        8.37272204522E+03
9.67200E+00        8.36327471904E+03
9.67800E+00        8.35384329493E+03
9.68400E+00        8.34442773742E+03
9.69000E+00        8.33502801115E+03
9.69600E+00        8.32564408083E+03
9.70200E+00        8.31627591130E+03
9.70800E+00        8.30692346746E+03
9.71400E+00        8.29758671435E+03
9.72000E+00        8.28826561708E+03
9.72600E+00        8.27896014084E+03
9.73200E+00        8.26967025096E+03
9.73800E+00        8.26039591283E+03
9.74400E+00        8.25113709195E+03
9.75000E+00        8.24189375391E+03
9.75600E+00        8.23266586441E+03
9.76200E+00        8.22345338921E+03
9.76800E+00        8.21425629420E+03
9.77400E+00        8.20507454535E+03
9.78000E+00        8.19590810872E+03
9.78600E+00        8.18675695047E+03
9.79200E+00        8.17762103683E+03
9.79800E+00        8.16850033417E+03
9.80400E+00        8.15939480890E+03
9.81000E+00        8.15030442756E+03
9.81600E+00        8.14122915677E+03
9.82200E+00        8.13216896322E+03
9.82800E+00        8.12312381373E+03
9.83400E+00        8.11409367518E+03
9.84000E+00        8.10507851455E+03
9.84600E+00        8.09607829892E+03
9.85200E+00        8.08709299545E+03
9.85800E+00        8.07812257138E+03
9.86400E+00        8.06916699406E+03
9.87000E+00        8.06022623091E+03
9.87600E+00        8.05130024946E+03
9.88200E+00        8.04238901731E+03
9.88800E+00        8.03349250215E+03
9.89400E+00        8.02461067177E+03
9.90000E+00        8.01574349404E+03
9.90600E+00        8.00689093691E+03
9.91200E+00        7.99805296843E+03
9.91800E+00        7.98922955673E+03
9.92400E+00        7.98042067003E+03
9.93000E+00        7.97162627662E+03
9.93600E+00        7.96284634491E+03
9.94200E+00        7.95408084335E+03
9.94800E+00        7.94532974053E+03
9.95400E+00        7.93659300507E+03
9.96000E+00        7.92787060572E+03
9.96600E+00        7.91916251128E+03
9.97200E+00        7.91046869065E+03
9.97800E+00        7.90178911282E+03
9.98400E+00        7.89312374686E+03
9.99000E+00        7.88447256191E+03
9.99600E+00        7.87583552721E+03
1.00020E+01        7.86721261207E+03
1.00080E+01        7.85860378589E+03
1.00140E+01        7.85000901816E+03
1.00200E+01        7.84142827844E+03
1.00260E+01        7.83286153636E+03
1.00320E+01        7.82430876167E+03
1.00380E+01        7.81576992416E+03
1.00440E+01        7.80724499373E+03
1.00500E+01        7.79873394035E+03
1.00560E+01        7.79023673406E+03
1.00620E+01        7.78175334501E+03
1.00680E+01        7.77328374338E+03
1.00740E+01        7.76482789949E+03
1.00800E+01        7.75638578370E+03
1.00860E+01        7.74795736645E+03
1.00920E+01        7.73954261829E+03
1.00980E+01        7.73114150980E+03
1.01040E+01        7.72275401169E+03
1.01100E+01        7.71438009470E+03
1.01160E+01        7.70601972970E+03
1.01220E+01        7.69767288758E+03
1.01280E+01        7.68933953936E+03
1.01340E+01        7.68101965611E+03
1.01400E+01        7.67271320898E+03
1.01460E+01        7.66442016919E+03
1.01520E+01        7.65614050805E+03
1.01580E+01        7.64787419694E+03
1.01640E+01        7.63962120733E+03
1.01700E+01        7.63138151073E+03
1.01760E+01        7.62315507877E+03
1.01820E+01        7.61494188312E+03
1.01880E+01        7.60674189554E+03
1.01940E+01        7.59855508787E+03
1.02000E+01        7.59038143202E+03
1.02060E+01        7.58222089996E+03
1.02120E+01        7.57407346377E+03
1.02180E+01        7.56593909555E+03
1.02240E+01        7.55781776753E+03
1.02300E+01        7.54970945198E+03
1.02360E+01        7.54161412125E+03
1.02420E+01        7.53353174776E+03
1.02480E+01        7.52546230401E+03
1.02540E+01        7.51740576258E+03
1.02600E+01        7.50936209609E+03
1.02660E+01        7.50133127728E+03
1.02720E+01        7.49331327891E+03
1.02780E+01        7.48530807386E+03
1.02840E+01        7.47731563505E+03
1.02900E+01        7.46933593547E+03
1.02960E+01        7.46136894820E+03
1.03020E+01        7.45341464638E+03
1.03080E+01        7.44547300323E+03
1.03140E+01        7.43754399202E+03
1.03200E+01        7.42962758611E+03
1.03260E+01        7.42172375892E+03
1.03320E+01        7.41383248395E+03
1.03380E+01        7.40595373474E+03
1.03440E+01        7.39808748494E+03
1.03500E+01        7.39023370825E+03
1.03560E+01        7.38239237842E+03
1.03620E+01        7.37456346931E+03
1.03680E+01        7.36674695481E+03
1.03740E+01        7.35894280890E+03
1.03800E+01        7.35115100562E+03
1.03860E+01        7.34337151907E+03
1.03920E+01        7.33560432344E+03
1.03980E+01        7.32784939297E+03
1.04040E+01        7.32010670196E+03
1.04100E+01        7.31237622481E+03
1.04160E+01        7.30465793594E+03
1.04220E+01        7.29695180987E+03
1.04280E+01        7.28925782119E+03
1.04340E+01        7.28157594452E+03
1.04400E+01        7.27390615459E+03
1.04460E+01        7.26624842616E+03
1.04520E+01        7.25860273408E+03
1.04580E+01        7.25096905325E+03
1.04640E+01        7.24334735863E+03
1.04700E+01        7.23573762528E+03
1.04760E+01        7.22813982828E+03
1.04820E+01        7.22055394279E+03
1.04880E+01        7.21297994406E+03
1.04940E+01        7.20541780737E+03
1.05000E+01        7.19786750807E+03
1.05060E+01        7.19032902159E+03
1.05120E+01        7.18280232340E+03
1.05180E+01        7.17528738907E+03
1.05240E+01        7.16778419418E+03
1.05300E+01        7.16029271443E+03
1.05360E+01        7.15281292554E+03
1.05420E+01        7.14534480331E+03
1.05480E+01        7.13788832359E+03
1.05540E+01        7.13044346232E+03
1.05600E+01        7.12301019548E+03
1.05660E+01        7.11558849911E+03
1.05720E+01        7.10817834931E+03
1.05780E+01        7.10077972226E+03
1.05840E+01        7.09339259419E+03
1.05900E+01        7.08601694138E+03
1.05960E+01        7.07865274019E+03
1.06020E+01        7.07129996703E+03
1.06080E+01        7.06395859837E+03
1.06140E+01        7.05662861075E+03
1.06200E+01        7.04930998075E+03
1.06260E+01        7.04200268503E+03
1.06320E+01        7.03470670030E+03
1.06380E+01        7.02742200333E+03
1.06440E+01        7.02014857095E+03
1.06500E+01        7.01288638005E+03
1.06560E+01        7.00563540759E+03
1.06620E+01        6.99839563056E+03
1.06680E+01        6.99116702604E+03
1.06740E+01        6.98394957115E+03
1.06800E+01        6.97674324307E+03
1.06860E+01        6.96954801904E+03
1.06920E+01        6.96236387636E+03
1.06980E+01        6.95519079239E+03
1.07040E+01        6.94802874454E+03
1.07100E+01        6.94087771028E+03
1.07160E+01        6.93373766714E+03
1.07220E+01        6.92660859271E+03
1.07280E+01        6.91949046463E+03
1.07340E+01        6.91238326059E+03
1.07400E+01        6.90528695836E+03
1.07460E+01        6.89820153574E+03
1.07520E+01        6.89112697060E+03
1.07580E+01        6.88406324087E+03
1.07640E+01        6.87701032452E+03
1.07700E+01        6.86996819960E+03
1.07760E+01        6.86293684418E+03
