output/Noodles_2021-02-26/SED_06.dat
# %ECSV 0.9
# ---
# datatype:
# - {name: wavelength, unit: micron, datatype: float64}
# - {name: flux, unit: microJansky, datatype: float64}
# schema: astropy-2.0
#
#
#  - - File generated by ExoNoodle - -
#         V1.0.0 - MML (CEA-Saclay)
#       2021-02-26 14:01:48.325215
wavelength flux 
3.00000E+00        5.71058261831E+04
3.00600E+00        5.69514709774E+04
3.01200E+00        5.67976737720E+04
3.01800E+00        5.66444324721E+04
3.02400E+00        5.64917449854E+04
3.03000E+00        5.63396092224E+04
3.03600E+00        5.61880230963E+04
3.04200E+00        5.60369845236E+04
3.04800E+00        5.58864914236E+04
3.05400E+00        5.57365417188E+04
3.06000E+00        5.55871333352E+04
3.06600E+00        5.54382642021E+04
3.07200E+00        5.52899322524E+04
3.07800E+00        5.51421354227E+04
3.08400E+00        5.49948716532E+04
3.09000E+00        5.48481388880E+04
3.09600E+00        5.47019350754E+04
3.10200E+00        5.45562581673E+04
3.10800E+00        5.44111061202E+04
3.11400E+00        5.42664768944E+04
3.12000E+00        5.41223684550E+04
3.12600E+00        5.39787787710E+04
3.13200E+00        5.38357058161E+04
3.13800E+00        5.36931475688E+04
3.14400E+00        5.35511020118E+04
3.15000E+00        5.34095671328E+04
3.15600E+00        5.32685409242E+04
3.16200E+00        5.31280213834E+04
3.16800E+00        5.29880065124E+04
3.17400E+00        5.28484943186E+04
3.18000E+00        5.27094828141E+04
3.18600E+00        5.25709700163E+04
3.19200E+00        5.24329539479E+04
3.19800E+00        5.22954326365E+04
3.20400E+00        5.21584041154E+04
3.21000E+00        5.20218664229E+04
3.21600E+00        5.18858176029E+04
3.22200E+00        5.17502557048E+04
3.22800E+00        5.16151787833E+04
3.23400E+00        5.14805848988E+04
3.24000E+00        5.13464721174E+04
3.24600E+00        5.12128385105E+04
3.25200E+00        5.10796821555E+04
3.25800E+00        5.09470011355E+04
3.26400E+00        5.08147935392E+04
3.27000E+00        5.06830574613E+04
3.27600E+00        5.05517910022E+04
3.28200E+00        5.04209922682E+04
3.28800E+00        5.02906593715E+04
3.29400E+00        5.01607904305E+04
3.30000E+00        5.00313835691E+04
3.30600E+00        4.99024369177E+04
3.31200E+00        4.97739486123E+04
3.31800E+00        4.96459167953E+04
3.32400E+00        4.95183396151E+04
3.33000E+00        4.93912152260E+04
3.33600E+00        4.92645417887E+04
3.34200E+00        4.91383174701E+04
3.34800E+00        4.90125404429E+04
3.35400E+00        4.88872088865E+04
3.36000E+00        4.87623209861E+04
3.36600E+00        4.86378749335E+04
3.37200E+00        4.85138689263E+04
3.37800E+00        4.83903011689E+04
3.38400E+00        4.82671698717E+04
3.39000E+00        4.81444732514E+04
3.39600E+00        4.80222095310E+04
3.40200E+00        4.79003769400E+04
3.40800E+00        4.77789737140E+04
3.41400E+00        4.76579980953E+04
3.42000E+00        4.75374483321E+04
3.42600E+00        4.74173226794E+04
3.43200E+00        4.72976193983E+04
3.43800E+00        4.71783367564E+04
3.44400E+00        4.70594730276E+04
3.45000E+00        4.69410264924E+04
3.45600E+00        4.68229954375E+04
3.46200E+00        4.67053781562E+04
3.46800E+00        4.65881729479E+04
3.47400E+00        4.64713781187E+04
3.48000E+00        4.63549919810E+04
3.48600E+00        4.62390128538E+04
3.49200E+00        4.61234390621E+04
3.49800E+00        4.60082689378E+04
3.50400E+00        4.58935008189E+04
3.51000E+00        4.57791330499E+04
3.51600E+00        4.56651639818E+04
3.52200E+00        4.55515919719E+04
3.52800E+00        4.54384153840E+04
3.53400E+00        4.53256325883E+04
3.54000E+00        4.52132419613E+04
3.54600E+00        4.51012418860E+04
3.55200E+00        4.49896307517E+04
3.55800E+00        4.48784069543E+04
3.56400E+00        4.47675688959E+04
3.57000E+00        4.46571149850E+04
3.57600E+00        4.45470436365E+04
3.58200E+00        4.44373532717E+04
3.58800E+00        4.43280423182E+04
3.59400E+00        4.42191092099E+04
3.60000E+00        4.41105523872E+04
3.60600E+00        4.40023702966E+04
3.61200E+00        4.38945613913E+04
3.61800E+00        4.37871241304E+04
3.62400E+00        4.36800569795E+04
3.63000E+00        4.35733584104E+04
3.63600E+00        4.34670269014E+04
3.64200E+00        4.33610609369E+04
3.64800E+00        4.32554590075E+04
3.65400E+00        4.31502196101E+04
3.66000E+00        4.30453412480E+04
3.66600E+00        4.29408224305E+04
3.67200E+00        4.28366616732E+04
3.67800E+00        4.27328574978E+04
3.68400E+00        4.26294084325E+04
3.69000E+00        4.25263130113E+04
3.69600E+00        4.24235697745E+04
3.70200E+00        4.23211772686E+04
3.70800E+00        4.22191340461E+04
3.71400E+00        4.21174386657E+04
3.72000E+00        4.20160896923E+04
3.72600E+00        4.19150856967E+04
3.73200E+00        4.18144252558E+04
3.73800E+00        4.17141069526E+04
3.74400E+00        4.16141293762E+04
3.75000E+00        4.15144911216E+04
3.75600E+00        4.14151907898E+04
3.76200E+00        4.13162269880E+04
3.76800E+00        4.12175983291E+04
3.77400E+00        4.11193034320E+04
3.78000E+00        4.10213409218E+04
3.78600E+00        4.09237094293E+04
3.79200E+00        4.08264075911E+04
3.79800E+00        4.07294340499E+04
3.80400E+00        4.06327874543E+04
3.81000E+00        4.05364664585E+04
3.81600E+00        4.04404697228E+04
3.82200E+00        4.03447959131E+04
3.82800E+00        4.02494437013E+04
3.83400E+00        4.01544117648E+04
3.84000E+00        4.00596987872E+04
3.84600E+00        3.99653034574E+04
3.85200E+00        3.98712244703E+04
3.85800E+00        3.97774605264E+04
3.86400E+00        3.96840103318E+04
3.87000E+00        3.95908725986E+04
3.87600E+00        3.94980460441E+04
3.88200E+00        3.94055293915E+04
3.88800E+00        3.93133213697E+04
3.89400E+00        3.92214207130E+04
3.90000E+00        3.91298261613E+04
3.90600E+00        3.90385364601E+04
3.91200E+00        3.89475503604E+04
3.91800E+00        3.88568666188E+04
3.92400E+00        3.87664839973E+04
3.93000E+00        3.86764012634E+04
3.93600E+00        3.85866171900E+04
3.94200E+00        3.84971305557E+04
3.94800E+00        3.84079401442E+04
3.95400E+00        3.83190447446E+04
3.96000E+00        3.82304431517E+04
3.96600E+00        3.81421341654E+04
3.97200E+00        3.80541165909E+04
3.97800E+00        3.79663892389E+04
3.98400E+00        3.78789509253E+04
3.99000E+00        3.77918004712E+04
3.99600E+00        3.77049367030E+04
4.00200E+00        3.76183584526E+04
4.00800E+00        3.75320645567E+04
4.01400E+00        3.74460538574E+04
4.02000E+00        3.73603252020E+04
4.02600E+00        3.72748774430E+04
4.03200E+00        3.71897094379E+04
4.03800E+00        3.71048200492E+04
4.04400E+00        3.70202081450E+04
4.05000E+00        3.69358725979E+04
4.05600E+00        3.68518122858E+04
4.06200E+00        3.67680260918E+04
4.06800E+00        3.66845129036E+04
4.07400E+00        3.66012716144E+04
4.08000E+00        3.65183011220E+04
4.08600E+00        3.64356003293E+04
4.09200E+00        3.63531681440E+04
4.09800E+00        3.62710034789E+04
4.10400E+00        3.61891052517E+04
4.11000E+00        3.61074723847E+04
4.11600E+00        3.60261038053E+04
4.12200E+00        3.59449984458E+04
4.12800E+00        3.58641552430E+04
4.13400E+00        3.57835731387E+04
4.14000E+00        3.57032510796E+04
4.14600E+00        3.56231880168E+04
4.15200E+00        3.55433829065E+04
4.15800E+00        3.54638347093E+04
4.16400E+00        3.53845423907E+04
4.17000E+00        3.53055049208E+04
4.17600E+00        3.52267212744E+04
4.18200E+00        3.51481904308E+04
4.18800E+00        3.50699113740E+04
4.19400E+00        3.49918830927E+04
4.20000E+00        3.49141045800E+04
4.20600E+00        3.48365748337E+04
4.21200E+00        3.47592928559E+04
4.21800E+00        3.46822576534E+04
4.22400E+00        3.46054682376E+04
4.23000E+00        3.45289236241E+04
4.23600E+00        3.44526228331E+04
4.24200E+00        3.43765648892E+04
4.24800E+00        3.43007488215E+04
4.25400E+00        3.42251736635E+04
4.26000E+00        3.41498384529E+04
4.26600E+00        3.40747422318E+04
4.27200E+00        3.39998840468E+04
4.27800E+00        3.39252629488E+04
4.28400E+00        3.38508779928E+04
4.29000E+00        3.37767282382E+04
4.29600E+00        3.37028127487E+04
4.30200E+00        3.36291305921E+04
4.30800E+00        3.35556808407E+04
4.31400E+00        3.34824625708E+04
4.32000E+00        3.34094748628E+04
4.32600E+00        3.33367168014E+04
4.33200E+00        3.32641874755E+04
4.33800E+00        3.31918859780E+04
4.34400E+00        3.31198114060E+04
4.35000E+00        3.30479628605E+04
4.35600E+00        3.29763394470E+04
4.36200E+00        3.29049402745E+04
4.36800E+00        3.28337644565E+04
4.37400E+00        3.27628111103E+04
4.38000E+00        3.26920793571E+04
4.38600E+00        3.26215683223E+04
4.39200E+00        3.25512771352E+04
4.39800E+00        3.24812049290E+04
4.40400E+00        3.24113508407E+04
4.41000E+00        3.23417140115E+04
4.41600E+00        3.22722935863E+04
4.42200E+00        3.22030887139E+04
4.42800E+00        3.21340985469E+04
4.43400E+00        3.20653222418E+04
4.44000E+00        3.19967589589E+04
4.44600E+00        3.19284078623E+04
4.45200E+00        3.18602681200E+04
4.45800E+00        3.17923389035E+04
4.46400E+00        3.17246193883E+04
4.47000E+00        3.16571087535E+04
4.47600E+00        3.15898061819E+04
4.48200E+00        3.15227108601E+04
4.48800E+00        3.14558219783E+04
4.49400E+00        3.13891387302E+04
4.50000E+00        3.13226603135E+04
4.50600E+00        3.12563859293E+04
4.51200E+00        3.11903147824E+04
4.51800E+00        3.11244460809E+04
4.52400E+00        3.10587790370E+04
4.53000E+00        3.09933128660E+04
4.53600E+00        3.09280467869E+04
4.54200E+00        3.08629800223E+04
4.54800E+00        3.07981117983E+04
4.55400E+00        3.07334413442E+04
4.56000E+00        3.06689678933E+04
4.56600E+00        3.06046906818E+04
4.57200E+00        3.05406089498E+04
4.57800E+00        3.04767219405E+04
4.58400E+00        3.04130289007E+04
4.59000E+00        3.03495290805E+04
4.59600E+00        3.02862217334E+04
4.60200E+00        3.02231061163E+04
4.60800E+00        3.01601814894E+04
4.61400E+00        3.00974471162E+04
4.62000E+00        3.00349022636E+04
4.62600E+00        2.99725462017E+04
4.63200E+00        2.99103782040E+04
4.63800E+00        2.98483975472E+04
4.64400E+00        2.97866035111E+04
4.65000E+00        2.97249953790E+04
4.65600E+00        2.96635724373E+04
4.66200E+00        2.96023339755E+04
4.66800E+00        2.95412792865E+04
4.67400E+00        2.94804076662E+04
4.68000E+00        2.94197184137E+04
4.68600E+00        2.93592108313E+04
4.69200E+00        2.92988842244E+04
4.69800E+00        2.92387379014E+04
4.70400E+00        2.91787711740E+04
4.71000E+00        2.91189833568E+04
4.71600E+00        2.90593737676E+04
4.72200E+00        2.89999417272E+04
4.72800E+00        2.89406865594E+04
4.73400E+00        2.88816075911E+04
4.74000E+00        2.88227041520E+04
4.74600E+00        2.87639755752E+04
4.75200E+00        2.87054211964E+04
4.75800E+00        2.86470403544E+04
4.76400E+00        2.85888323911E+04
4.77000E+00        2.85307966510E+04
4.77600E+00        2.84729324817E+04
4.78200E+00        2.84152392339E+04
4.78800E+00        2.83577162610E+04
4.79400E+00        2.83003629191E+04
4.80000E+00        2.82431785676E+04
4.80600E+00        2.81861625684E+04
4.81200E+00        2.81293142863E+04
4.81800E+00        2.80726330891E+04
4.82400E+00        2.80161183472E+04
4.83000E+00        2.79597694340E+04
4.83600E+00        2.79035857254E+04
4.84200E+00        2.78475666004E+04
4.84800E+00        2.77917114405E+04
4.85400E+00        2.77360196302E+04
4.86000E+00        2.76804905564E+04
4.86600E+00        2.76251236089E+04
4.87200E+00        2.75699181803E+04
4.87800E+00        2.75148736658E+04
4.88400E+00        2.74599894631E+04
4.89000E+00        2.74052649729E+04
4.89600E+00        2.73506995984E+04
4.90200E+00        2.72962927452E+04
4.90800E+00        2.72420438220E+04
4.91400E+00        2.71879522398E+04
4.92000E+00        2.71340174121E+04
4.92600E+00        2.70802387554E+04
4.93200E+00        2.70266156883E+04
4.93800E+00        2.69731476323E+04
4.94400E+00        2.69198340114E+04
4.95000E+00        2.68666742520E+04
4.95600E+00        2.68136677831E+04
4.96200E+00        2.67608140363E+04
4.96800E+00        2.67081124455E+04
4.97400E+00        2.66555624473E+04
4.98000E+00        2.66031634807E+04
4.98600E+00        2.65509149871E+04
4.99200E+00        2.64988164105E+04
4.99800E+00        2.64468671971E+04
5.00400E+00        2.63950667957E+04
5.01000E+00        2.63434146577E+04
5.01600E+00        2.62919102364E+04
5.02200E+00        2.62405529881E+04
5.02800E+00        2.61893423710E+04
5.03400E+00        2.61382778458E+04
5.04000E+00        2.60873588758E+04
5.04600E+00        2.60365849263E+04
5.05200E+00        2.59859554651E+04
5.05800E+00        2.59354699625E+04
5.06400E+00        2.58851278907E+04
5.07000E+00        2.58349287246E+04
5.07600E+00        2.57848719411E+04
5.08200E+00        2.57349570197E+04
5.08800E+00        2.56851834418E+04
5.09400E+00        2.56355506913E+04
5.10000E+00        2.55860582543E+04
5.10600E+00        2.55367056191E+04
5.11200E+00        2.54874922762E+04
5.11800E+00        2.54384177185E+04
5.12400E+00        2.53894814409E+04
5.13000E+00        2.53406829405E+04
5.13600E+00        2.52920217168E+04
5.14200E+00        2.52434972711E+04
5.14800E+00        2.51951091072E+04
5.15400E+00        2.51468567310E+04
5.16000E+00        2.50987396503E+04
5.16600E+00        2.50507573753E+04
5.17200E+00        2.50029094182E+04
5.17800E+00        2.49551952934E+04
5.18400E+00        2.49076145173E+04
5.19000E+00        2.48601666083E+04
5.19600E+00        2.48128510871E+04
5.20200E+00        2.47656674764E+04
5.20800E+00        2.47186153008E+04
5.21400E+00        2.46716940873E+04
5.22000E+00        2.46249033645E+04
5.22600E+00        2.45782426633E+04
5.23200E+00        2.45317115166E+04
5.23800E+00        2.44853094593E+04
5.24400E+00        2.44390360282E+04
5.25000E+00        2.43928907622E+04
5.25600E+00        2.43468732021E+04
5.26200E+00        2.43009828908E+04
5.26800E+00        2.42552193731E+04
5.27400E+00        2.42095821957E+04
5.28000E+00        2.41640709072E+04
5.28600E+00        2.41186850582E+04
5.29200E+00        2.40734242014E+04
5.29800E+00        2.40282878911E+04
5.30400E+00        2.39832756836E+04
5.31000E+00        2.39383871374E+04
5.31600E+00        2.38936218124E+04
5.32200E+00        2.38489792707E+04
5.32800E+00        2.38044590761E+04
5.33400E+00        2.37600607945E+04
5.34000E+00        2.37157839934E+04
5.34600E+00        2.36716282423E+04
5.35200E+00        2.36275931123E+04
5.35800E+00        2.35836781767E+04
5.36400E+00        2.35398830103E+04
5.37000E+00        2.34962071899E+04
5.37600E+00        2.34526502939E+04
5.38200E+00        2.34092119026E+04
5.38800E+00        2.33658915983E+04
5.39400E+00        2.33226889646E+04
5.40000E+00        2.32796035872E+04
5.40600E+00        2.32366350536E+04
5.41200E+00        2.31937829527E+04
5.41800E+00        2.31510468756E+04
5.42400E+00        2.31084264148E+04
5.43000E+00        2.30659211645E+04
5.43600E+00        2.30235307209E+04
5.44200E+00        2.29812546817E+04
5.44800E+00        2.29390926463E+04
5.45400E+00        2.28970442157E+04
5.46000E+00        2.28551089929E+04
5.46600E+00        2.28132865823E+04
5.47200E+00        2.27715765901E+04
5.47800E+00        2.27299786239E+04
5.48400E+00        2.26884922934E+04
5.49000E+00        2.26471172095E+04
5.49600E+00        2.26058529850E+04
5.50200E+00        2.25646992343E+04
5.50800E+00        2.25236555732E+04
5.51400E+00        2.24827216194E+04
5.52000E+00        2.24418969921E+04
5.52600E+00        2.24011813120E+04
5.53200E+00        2.23605742014E+04
5.53800E+00        2.23200752844E+04
5.54400E+00        2.22796841865E+04
5.55000E+00        2.22394005346E+04
5.55600E+00        2.21992239574E+04
5.56200E+00        2.21591540852E+04
5.56800E+00        2.21191905496E+04
5.57400E+00        2.20793329839E+04
5.58000E+00        2.20395810229E+04
5.58600E+00        2.19999343029E+04
