output/Noodles_2021-02-26/SED_13.dat
# %ECSV 0.9
# ---
# datatype:
# - {name: wavelength, unit: micron, datatype: float64}
# - {name: flux, unit: microJansky, datatype: float64}
# schema: astropy-2.0
#
#
#  - - File generated by ExoNoodle - -
#         V1.0.0 - MML (CEA-Saclay)
#       2021-02-26 14:01:48.325215
wavelength flux 
[from data line 1298]
1.07880E+01        6.84890635452E+03
1.07940E+01        6.84190717674E+03
1.08000E+01        6.83491868138E+03
1.08060E+01        6.82794084681E+03
1.08120E+01        6.82097365145E+03
1.08180E+01        6.81401707378E+03
1.08240E+01        6.80707109232E+03
1.08300E+01        6.80013568566E+03
1.08360E+01        6.79321083242E+03
1.08420E+01        6.78629651132E+03
1.08480E+01        6.77939270107E+03
1.08540E+01        6.77249938049E+03
1.08600E+01        6.76561652843E+03
1.08660E+01        6.75874412378E+03
1.08720E+01        6.75188214550E+03
1.08780E+01        6.74503057260E+03
1.08840E+01        6.73818938414E+03
1.08900E+01        6.73135855924E+03
1.08960E+01        6.72453807706E+03
1.09020E+01        6.71772791681E+03
1.09080E+01        6.71092805778E+03
1.09140E+01        6.70413847927E+03
1.09200E+01        6.69735916067E+03
1.09260E+01        6.69059008140E+03
1.09320E+01        6.68383122093E+03
1.09380E+01        6.67708255879E+03
1.09440E+01        6.67034407456E+03
1.09500E+01        6.66361574787E+03
1.09560E+01        6.65689755839E+03
1.09620E+01        6.65018948587E+03
1.09680E+01        6.64349151007E+03
1.09740E+01        6.63680361083E+03
1.09800E+01        6.63012576803E+03
1.09860E+01        6.62345796161E+03
1.09920E+01        6.61680017153E+03
1.09980E+01        6.61015237784E+03
1.10040E+01        6.60351456061E+03
1.10100E+01        6.59688669997E+03
1.10160E+01        6.59026877610E+03
1.10220E+01        6.58366076923E+03
1.10280E+01        6.57706265964E+03
1.10340E+01        6.57047442764E+03
1.10400E+01        6.56389605362E+03
1.10460E+01        6.55732751799E+03
1.10520E+01        6.55076880123E+03
1.10580E+01        6.54421988386E+03
1.10640E+01        6.53768074644E+03
1.10700E+01        6.53115136958E+03
1.10760E+01        6.52463173396E+03
1.10820E+01        6.51812182028E+03
1.10880E+01        6.51162160929E+03
1.10940E+01        6.50513108181E+03
1.11000E+01        6.49865021869E+03
1.11060E+01        6.49217900083E+03
1.11120E+01        6.48571740916E+03
1.11180E+01        6.47926542470E+03
1.11240E+01        6.47282302847E+03
1.11300E+01        6.46639020156E+03
1.11360E+01        6.45996692511E+03
1.11420E+01        6.45355318029E+03
1.11480E+01        6.44714894834E+03
1.11540E+01        6.44075421052E+03
1.11600E+01        6.43436894814E+03
1.11660E+01        6.42799314258E+03
1.11720E+01        6.42162677524E+03
1.11780E+01        6.41526982758E+03
1.11840E+01        6.40892228109E+03
1.11900E+01        6.40258411732E+03
1.11960E+01        6.39625531785E+03
1.12020E+01        6.38993586433E+03
1.12080E+01        6.38362573844E+03
1.12140E+01        6.37732492189E+03
1.12200E+01        6.37103339645E+03
1.12260E+01        6.36475114395E+03
1.12320E+01        6.35847814623E+03
1.12380E+01        6.35221438519E+03
1.12440E+01        6.34595984279E+03
1.12500E+01        6.33971450101E+03
1.12560E+01        6.33347834189E+03
1.12620E+01        6.32725134750E+03
1.12680E+01        6.32103349996E+03
1.12740E+01        6.31482478143E+03
1.12800E+01        6.30862517413E+03
1.12860E+01        6.30243466030E+03
1.12920E+01        6.29625322224E+03
1.12980E+01        6.29008084228E+03
1.13040E+01        6.28391750280E+03
1.13100E+01        6.27776318622E+03
1.13160E+01        6.27161787501E+03
1.13220E+01        6.26548155168E+03
1.13280E+01        6.25935419876E+03
1.13340E+01        6.25323579885E+03
1.13400E+01        6.24712633459E+03
1.13460E+01        6.24102578865E+03
1.13520E+01        6.23493414375E+03
1.13580E+01        6.22885138264E+03
1.13640E+01        6.22277748812E+03
1.13700E+01        6.21671244304E+03
1.13760E+01        6.21065623028E+03
1.13820E+01        6.20460883276E+03
1.13880E+01        6.19857023344E+03
1.13940E+01        6.19254041534E+03
1.14000E+01        6.18651936149E+03
1.14060E+01        6.18050705499E+03
1.14120E+01        6.17450347897E+03
1.14180E+01        6.16850861658E+03
1.14240E+01        6.16252245105E+03
1.14300E+01        6.15654496561E+03
1.14360E+01        6.15057614357E+03
1.14420E+01        6.14461596824E+03
1.14480E+01        6.13866442300E+03
1.14540E+01        6.13272149125E+03
1.14600E+01        6.12678715645E+03
1.14660E+01        6.12086140208E+03
1.14720E+01        6.11494421167E+03
1.14780E+01        6.10903556879E+03
1.14840E+01        6.10313545704E+03
1.14900E+01        6.09724386007E+03
1.14960E+01        6.09136076156E+03
1.15020E+01        6.08548614524E+03
1.15080E+01        6.07961999486E+03
1.15140E+01        6.07376229424E+03
1.15200E+01        6.06791302720E+03
1.15260E+01        6.06207217762E+03
1.15320E+01        6.05623972943E+03
1.15380E+01        6.05041566658E+03
1.15440E+01        6.04459997305E+03
1.15500E+01        6.03879263288E+03
1.15560E+01        6.03299363014E+03
1.15620E+01        6.02720294893E+03
1.15680E+01        6.02142057340E+03
1.15740E+01        6.01564648772E+03
1.15800E+01        6.00988067613E+03
1.15860E+01        6.00412312287E+03
1.15920E+01        5.99837381223E+03
1.15980E+01        5.99263272855E+03
1.16040E+01        5.98689985620E+03
1.16100E+01        5.98117517958E+03
1.16160E+01        5.97545868313E+03
1.16220E+01        5.96975035134E+03
1.16280E+01        5.96405016871E+03
1.16340E+01        5.95835811979E+03
1.16400E+01        5.95267418918E+03
1.16460E+01        5.94699836151E+03
1.16520E+01        5.94133062142E+03
1.16580E+01        5.93567095362E+03
1.16640E+01        5.93001934284E+03
1.16700E+01        5.92437577385E+03
1.16760E+01        5.91874023145E+03
1.16820E+01        5.91311270048E+03
1.16880E+01        5.90749316583E+03
1.16940E+01        5.90188161239E+03
1.17000E+01        5.89627802513E+03
1.17060E+01        5.89068238901E+03
1.17120E+01        5.88509468907E+03
1.17180E+01        5.87951491034E+03
1.17240E+01        5.87394303792E+03
1.17300E+01        5.86837905693E+03
1.17360E+01        5.86282295253E+03
1.17420E+01        5.85727470991E+03
1.17480E+01        5.85173431429E+03
1.17540E+01        5.84620175095E+03
1.17600E+01        5.84067700516E+03
1.17660E+01        5.83516006227E+03
1.17720E+01        5.82965090765E+03
1.17780E+01        5.82414952667E+03
1.17840E+01        5.81865590479E+03
1.17900E+01        5.81317002746E+03
1.17960E+01        5.80769188019E+03
1.18020E+01        5.80222144851E+03
1.18080E+01        5.79675871799E+03
1.18140E+01        5.79130367424E+03
1.18200E+01        5.78585630287E+03
1.18260E+01        5.78041658957E+03
1.18320E+01        5.77498452004E+03
1.18380E+01        5.76956008001E+03
1.18440E+01        5.76414325525E+03
1.18500E+01        5.75873403155E+03
1.18560E+01        5.75333239477E+03
1.18620E+01        5.74793833075E+03
1.18680E+01        5.74255182541E+03
1.18740E+01        5.73717286466E+03
1.18800E+01        5.73180143449E+03
1.18860E+01        5.72643752089E+03
1.18920E+01        5.72108110988E+03
1.18980E+01        5.71573218753E+03
1.19040E+01        5.71039073993E+03
1.19100E+01        5.70505675322E+03
1.19160E+01        5.69973021354E+03
1.19220E+01        5.69441110709E+03
1.19280E+01        5.68909942009E+03
1.19340E+01        5.68379513880E+03
1.19400E+01        5.67849824950E+03
1.19460E+01        5.67320873851E+03
1.19520E+01        5.66792659218E+03
1.19580E+01        5.66265179689E+03
1.19640E+01        5.65738433905E+03
1.19700E+01        5.65212420510E+03
1.19760E+01        5.64687138153E+03
1.19820E+01        5.64162585483E+03
1.19880E+01        5.63638761154E+03
1.19940E+01        5.63115663822E+03
1.20000E+01        5.62593292149E+03
1.20060E+01        5.62071644796E+03
1.20120E+01        5.61550720429E+03
1.20180E+01        5.61030517718E+03
1.20240E+01        5.60511035334E+03
1.20300E+01        5.59992271954E+03
1.20360E+01        5.59474226254E+03
1.20420E+01        5.58956896916E+03
1.20480E+01        5.58440282625E+03
1.20540E+01        5.57924382067E+03
1.20600E+01        5.57409193932E+03
1.20660E+01        5.56894716914E+03
1.20720E+01        5.56380949710E+03
1.20780E+01        5.55867891017E+03
1.20840E+01        5.55355539539E+03
1.20900E+01        5.54843893980E+03
1.20960E+01        5.54332953049E+03
1.21020E+01        5.53822715456E+03
1.21080E+01        5.53313179915E+03
1.21140E+01        5.52804345144E+03
1.21200E+01        5.52296209861E+03
1.21260E+01        5.51788772790E+03
1.21320E+01        5.51282032656E+03
1.21380E+01        5.50775988187E+03
1.21440E+01        5.50270638116E+03
1.21500E+01        5.49765981175E+03
1.21560E+01        5.49262016103E+03
1.21620E+01        5.48758741639E+03
1.21680E+01        5.48256156527E+03
1.21740E+01        5.47754259511E+03
1.21800E+01        5.47253049340E+03
1.21860E+01        5.46752524766E+03
1.21920E+01        5.46252684543E+03
1.21980E+01        5.45753527428E+03
1.22040E+01        5.45255052180E+03
1.22100E+01        5.44757257563E+03
1.22160E+01        5.44260142341E+03
1.22220E+01        5.43763705283E+03
1.22280E+01        5.43267945160E+03
1.22340E+01        5.42772860746E+03
1.22400E+01        5.42278450817E+03
1.22460E+01        5.41784714152E+03
1.22520E+01        5.41291649533E+03
1.22580E+01        5.40799255746E+03
1.22640E+01        5.40307531578E+03
1.22700E+01        5.39816475818E+03
1.22760E+01        5.39326087260E+03
1.22820E+01        5.38836364700E+03
1.22880E+01        5.38347306936E+03
1.22940E+01        5.37858912768E+03
1.23000E+01        5.37371181002E+03
1.23060E+01        5.36884110443E+03
1.23120E+01        5.36397699900E+03
1.23180E+01        5.35911948185E+03
1.23240E+01        5.35426854112E+03
1.23300E+01        5.34942416500E+03
1.23360E+01        5.34458634167E+03
1.23420E+01        5.33975505936E+03
1.23480E+01        5.33493030632E+03
1.23540E+01        5.33011207082E+03
1.23600E+01        5.32530034117E+03
1.23660E+01        5.32049510571E+03
1.23720E+01        5.31569635277E+03
1.23780E+01        5.31090407075E+03
1.23840E+01        5.30611824805E+03
1.23900E+01        5.30133887311E+03
1.23960E+01        5.29656593438E+03
1.24020E+01        5.29179942034E+03
1.24080E+01        5.28703931952E+03
1.24140E+01        5.28228562044E+03
1.24200E+01        5.27753831166E+03
1.24260E+01        5.27279738177E+03
1.24320E+01        5.26806281939E+03
1.24380E+01        5.26333461315E+03
1.24440E+01        5.25861275171E+03
1.24500E+01        5.25389722376E+03
1.24560E+01        5.24918801802E+03
1.24620E+01        5.24448512322E+03
1.24680E+01        5.23978852812E+03
1.24740E+01        5.23509822152E+03
1.24800E+01        5.23041419222E+03
1.24860E+01        5.22573642907E+03
1.24920E+01        5.22106492092E+03
1.24980E+01        5.21639965666E+03
1.25040E+01        5.21174062520E+03
1.25100E+01        5.20708781549E+03
1.25160E+01        5.20244121647E+03
1.25220E+01        5.19780081714E+03
1.25280E+01        5.19316660650E+03
1.25340E+01        5.18853857359E+03
1.25400E+01        5.18391670747E+03
1.25460E+01        5.17930099721E+03
1.25520E+01        5.17469143192E+03
1.25580E+01        5.17008800074E+03
1.25640E+01        5.16549069281E+03
1.25700E+01        5.16089949731E+03
1.25760E+01        5.15631440345E+03
1.25820E+01        5.15173540045E+03
1.25880E+01        5.14716247756E+03
1.25940E+01        5.14259562405E+03
1.26000E+01        5.13803482922E+03
1.26060E+01        5.13348008239E+03
1.26120E+01        5.12893137289E+03
1.26180E+01        5.12438869010E+03
1.26240E+01        5.11985202341E+03
1.26300E+01        5.11532136223E+03
1.26360E+01        5.11079669600E+03
1.26420E+01        5.10627801417E+03
1.26480E+01        5.10176530623E+03
1.26540E+01        5.09725856168E+03
1.26600E+01        5.09275777005E+03
1.26660E+01        5.08826292090E+03
1.26720E+01        5.08377400379E+03
1.26780E+01        5.07929100833E+03
1.26840E+01        5.07481392413E+03
1.26900E+01        5.07034274084E+03
1.26960E+01        5.06587744812E+03
1.27020E+01        5.06141803565E+03
1.27080E+01        5.05696449316E+03
1.27140E+01        5.05251681037E+03
1.27200E+01        5.04807497703E+03
1.27260E+01        5.04363898293E+03
1.27320E+01        5.03920881786E+03
1.27380E+01        5.03478447164E+03
1.27440E+01        5.03036593412E+03
1.27500E+01        5.02595319516E+03
1.27560E+01        5.02154624466E+03
1.27620E+01        5.01714507251E+03
1.27680E+01        5.01274966866E+03
1.27740E+01        5.00836002305E+03
1.27800E+01        5.00397612567E+03
1.27860E+01        4.99959796650E+03
1.27920E+01        4.99522553557E+03
1.27980E+01        4.99085882292E+03
1.28040E+01        4.98649781860E+03
1.28100E+01        4.98214251271E+03
1.28160E+01        4.97779289534E+03
1.28220E+01        4.97344895663E+03
1.28280E+01        4.96911068672E+03
1.28340E+01        4.96477807578E+03
1.28400E+01        4.96045111400E+03
1.28460E+01        4.95612979159E+03
1.28520E+01        4.95181409879E+03
1.28580E+01        4.94750402584E+03
1.28640E+01        4.94319956303E+03
1.28700E+01        4.93890070064E+03
1.28760E+01        4.93460742900E+03
1.28820E+01        4.93031973843E+03
1.28880E+01        4.92603761931E+03
1.28940E+01        4.92176106200E+03
1.29000E+01        4.91749005691E+03
1.29060E+01        4.91322459446E+03
1.29120E+01        4.90896466509E+03
1.29180E+01        4.90471025926E+03
1.29240E+01        4.90046136745E+03
1.29300E+01        4.89621798016E+03
1.29360E+01        4.89198008791E+03
1.29420E+01        4.88774768126E+03
1.29480E+01        4.88352075076E+03
1.29540E+01        4.87929928699E+03
1.29600E+01        4.87508328057E+03
1.29660E+01        4.87087272210E+03
1.29720E+01        4.86666760224E+03
1.29780E+01        4.86246791166E+03
1.29840E+01        4.85827364102E+03
1.29900E+01        4.85408478105E+03
1.29960E+01        4.84990132245E+03
1.30020E+01        4.84572325598E+03
1.30080E+01        4.84155057239E+03
1.30140E+01        4.83738326248E+03
1.30200E+01        4.83322131704E+03
1.30260E+01        4.82906472689E+03
1.30320E+01        4.82491348288E+03
1.30380E+01        4.82076757586E+03
1.30440E+01        4.81662699673E+03
1.30500E+01        4.81249173637E+03
1.30560E+01        4.80836178571E+03
1.30620E+01        4.80423713568E+03
1.30680E+01        4.80011777725E+03
1.30740E+01        4.79600370138E+03
1.30800E+01        4.79189489909E+03
1.30860E+01        4.78779136138E+03
1.30920E+01        4.78369307928E+03
1.30980E+01        4.77960004386E+03
1.31040E+01        4.77551224617E+03
1.31100E+01        4.77142967733E+03
1.31160E+01        4.76735232842E+03
1.31220E+01        4.76328019059E+03
1.31280E+01        4.75921325499E+03
1.31340E+01        4.75515151277E+03
1.31400E+01        4.75109495512E+03
1.31460E+01        4.74704357325E+03
1.31520E+01        4.74299735838E+03
1.31580E+01        4.73895630175E+03
1.31640E+01        4.73492039462E+03
1.31700E+01        4.73088962827E+03
1.31760E+01        4.72686399400E+03
1.31820E+01        4.72284348312E+03
1.31880E+01        4.71882808695E+03
1.31940E+01        4.71481779687E+03
1.32000E+01        4.71081260422E+03
1.32060E+01        4.70681250041E+03
1.32120E+01        4.70281747683E+03
1.32180E+01        4.69882752492E+03
1.32240E+01        4.69484263611E+03
1.32300E+01        4.69086280186E+03
1.32360E+01        4.68688801366E+03
1.32420E+01        4.68291826299E+03
1.32480E+01        4.67895354137E+03
1.32540E+01        4.67499384033E+03
1.32600E+01        4.67103915143E+03
1.32660E+01        4.66708946622E+03
1.32720E+01        4.66314477630E+03
1.32780E+01        4.65920507326E+03
1.32840E+01        4.65527034872E+03
1.32900E+01        4.65134059433E+03
1.32960E+01        4.64741580174E+03
1.33020E+01        4.64349596262E+03
1.33080E+01        4.63958106866E+03
1.33140E+01        4.63567111156E+03
1.33200E+01        4.63176608305E+03
1.33260E+01        4.62786597488E+03
1.33320E+01        4.62397077880E+03
1.33380E+01        4.62008048659E+03
1.33440E+01        4.61619509004E+03
1.33500E+01        4.61231458096E+03
1.33560E+01        4.60843895119E+03
1.33620E+01        4.60456819255E+03
1.33680E+01        4.60070229693E+03
