output/Noodles_2021-02-26/SED_05.dat
# %ECSV 0.9
# ---
# datatype:
# - {name: wavelength, unit: micron, datatype: float64}
# - {name: flux, unit: microJansky, datatype: float64}
# schema: astropy-2.0
#
#
#  - - File generated by ExoNoodle - -
#         V1.0.0 - MML (CEA-Saclay)
#       2021-02-26 14:01:48.325215
wavelength flux 
[from data line 1298]
1.07880E+01        6.87033179767E+03
1.07940E+01        6.86331118651E+03
1.08000E+01        6.85630128859E+03
1.08060E+01        6.84930208219E+03
1.08120E+01        6.84231354570E+03
1.08180E+01        6.83533565753E+03
1.08240E+01        6.82836839615E+03
1.08300E+01        6.82141174009E+03
1.08360E+01        6.81446566792E+03
1.08420E+01        6.80753015830E+03
1.08480E+01        6.80060518989E+03
1.08540E+01        6.79369074145E+03
1.08600E+01        6.78678679177E+03
1.08660E+01        6.77989331970E+03
1.08720E+01        6.77301030413E+03
1.08780E+01        6.76613772403E+03
1.08840E+01        6.75927555840E+03
1.08900E+01        6.75242378630E+03
1.08960E+01        6.74558238684E+03
1.09020E+01        6.73875133919E+03
1.09080E+01        6.73193062256E+03
1.09140E+01        6.72512021621E+03
1.09200E+01        6.71832009947E+03
1.09260E+01        6.71153025172E+03
1.09320E+01        6.70475065236E+03
1.09380E+01        6.69798128088E+03
1.09440E+01        6.69122211680E+03
1.09500E+01        6.68447313969E+03
1.09560E+01        6.67773432918E+03
1.09620E+01        6.67100566496E+03
1.09680E+01        6.66428712674E+03
1.09740E+01        6.65757869431E+03
1.09800E+01        6.65088034749E+03
1.09860E+01        6.64419206617E+03
1.09920E+01        6.63751383026E+03
1.09980E+01        6.63084561976E+03
1.10040E+01        6.62418741468E+03
1.10100E+01        6.61753919510E+03
1.10160E+01        6.61090094116E+03
1.10220E+01        6.60427263302E+03
1.10280E+01        6.59765425091E+03
1.10340E+01        6.59104577511E+03
1.10400E+01        6.58444718593E+03
1.10460E+01        6.57785846376E+03
1.10520E+01        6.57127958899E+03
1.10580E+01        6.56471054212E+03
1.10640E+01        6.55815130364E+03
1.10700E+01        6.55160185414E+03
1.10760E+01        6.54506217420E+03
1.10820E+01        6.53853224451E+03
1.10880E+01        6.53201204576E+03
1.10940E+01        6.52550155870E+03
1.11000E+01        6.51900076415E+03
1.11060E+01        6.51250964295E+03
1.11120E+01        6.50602817600E+03
1.11180E+01        6.49955634423E+03
1.11240E+01        6.49309412865E+03
1.11300E+01        6.48664151028E+03
1.11360E+01        6.48019847021E+03
1.11420E+01        6.47376498957E+03
1.11480E+01        6.46734104954E+03
1.11540E+01        6.46092663133E+03
1.11600E+01        6.45452171622E+03
1.11660E+01        6.44812628552E+03
1.11720E+01        6.44174032058E+03
1.11780E+01        6.43536380282E+03
1.11840E+01        6.42899671368E+03
1.11900E+01        6.42263903466E+03
1.11960E+01        6.41629074730E+03
1.12020E+01        6.40995183318E+03
1.12080E+01        6.40362227394E+03
1.12140E+01        6.39730205126E+03
1.12200E+01        6.39099114684E+03
1.12260E+01        6.38468954247E+03
1.12320E+01        6.37839721994E+03
1.12380E+01        6.37211416110E+03
1.12440E+01        6.36584034787E+03
1.12500E+01        6.35957576217E+03
1.12560E+01        6.35332038600E+03
1.12620E+01        6.34707420138E+03
1.12680E+01        6.34083719039E+03
1.12740E+01        6.33460933514E+03
1.12800E+01        6.32839061779E+03
1.12860E+01        6.32218102054E+03
1.12920E+01        6.31598052565E+03
1.12980E+01        6.30978911539E+03
1.13040E+01        6.30360677211E+03
1.13100E+01        6.29743347817E+03
1.13160E+01        6.29126921599E+03
1.13220E+01        6.28511396803E+03
1.13280E+01        6.27896771680E+03
1.13340E+01        6.27283044484E+03
1.13400E+01        6.26670213473E+03
1.13460E+01        6.26058276911E+03
1.13520E+01        6.25447233064E+03
1.13580E+01        6.24837080204E+03
1.13640E+01        6.24227816605E+03
1.13700E+01        6.23619440548E+03
1.13760E+01        6.23011950316E+03
1.13820E+01        6.22405344197E+03
1.13880E+01        6.21799620483E+03
1.13940E+01        6.21194777470E+03
1.14000E+01        6.20590813458E+03
1.14060E+01        6.19987726750E+03
1.14120E+01        6.19385515657E+03
1.14180E+01        6.18784178489E+03
1.14240E+01        6.18183713563E+03
1.14300E+01        6.17584119199E+03
1.14360E+01        6.16985393723E+03
1.14420E+01        6.16387535462E+03
1.14480E+01        6.15790542748E+03
1.14540E+01        6.15194413919E+03
1.14600E+01        6.14599147314E+03
1.14660E+01        6.14004741279E+03
1.14720E+01        6.13411194160E+03
1.14780E+01        6.12818504312E+03
1.14840E+01        6.12226670089E+03
1.14900E+01        6.11635689852E+03
1.14960E+01        6.11045561965E+03
1.15020E+01        6.10456284795E+03
1.15080E+01        6.09867856716E+03
1.15140E+01        6.09280276102E+03
1.15200E+01        6.08693541332E+03
1.15260E+01        6.08107650791E+03
1.15320E+01        6.07522602866E+03
1.15380E+01        6.06938395947E+03
1.15440E+01        6.06355028430E+03
1.15500E+01        6.05772498714E+03
1.15560E+01        6.05190805200E+03
1.15620E+01        6.04609946296E+03
1.15680E+01        6.04029920410E+03
1.15740E+01        6.03450725958E+03
1.15800E+01        6.02872361357E+03
1.15860E+01        6.02294825028E+03
1.15920E+01        6.01718115396E+03
1.15980E+01        6.01142230890E+03
1.16040E+01        6.00567169942E+03
1.16100E+01        5.99992930990E+03
1.16160E+01        5.99419512473E+03
1.16220E+01        5.98846912833E+03
1.16280E+01        5.98275130520E+03
1.16340E+01        5.97704163984E+03
1.16400E+01        5.97134011678E+03
1.16460E+01        5.96564672063E+03
1.16520E+01        5.95996143598E+03
1.16580E+01        5.95428424751E+03
1.16640E+01        5.94861513990E+03
1.16700E+01        5.94295409788E+03
1.16760E+01        5.93730110621E+03
1.16820E+01        5.93165614970E+03
1.16880E+01        5.92601921316E+03
1.16940E+01        5.92039028149E+03
1.17000E+01        5.91476933957E+03
1.17060E+01        5.90915637236E+03
1.17120E+01        5.90355136483E+03
1.17180E+01        5.89795430200E+03
1.17240E+01        5.89236516890E+03
1.17300E+01        5.88678395062E+03
1.17360E+01        5.88121063228E+03
1.17420E+01        5.87564519903E+03
1.17480E+01        5.87008763605E+03
1.17540E+01        5.86453792857E+03
1.17600E+01        5.85899606185E+03
1.17660E+01        5.85346202116E+03
1.17720E+01        5.84793579185E+03
1.17780E+01        5.84241735925E+03
1.17840E+01        5.83690670878E+03
1.17900E+01        5.83140382586E+03
1.17960E+01        5.82590869594E+03
1.18020E+01        5.82042130452E+03
1.18080E+01        5.81494163713E+03
1.18140E+01        5.80946967933E+03
1.18200E+01        5.80400541672E+03
1.18260E+01        5.79854883492E+03
1.18320E+01        5.79309991961E+03
1.18380E+01        5.78765865646E+03
1.18440E+01        5.78222503123E+03
1.18500E+01        5.77679902966E+03
1.18560E+01        5.77138063755E+03
1.18620E+01        5.76596984073E+03
1.18680E+01        5.76056662506E+03
1.18740E+01        5.75517097644E+03
1.18800E+01        5.74978288079E+03
1.18860E+01        5.74440232406E+03
1.18920E+01        5.73902929227E+03
1.18980E+01        5.73366377141E+03
1.19040E+01        5.72830574756E+03
1.19100E+01        5.72295520680E+03
1.19160E+01        5.71761213525E+03
1.19220E+01        5.71227651906E+03
1.19280E+01        5.70694834442E+03
1.19340E+01        5.70162759755E+03
1.19400E+01        5.69631426469E+03
1.19460E+01        5.69100833212E+03
1.19520E+01        5.68570978616E+03
1.19580E+01        5.68041861315E+03
1.19640E+01        5.67513479945E+03
1.19700E+01        5.66985833149E+03
1.19760E+01        5.66458919569E+03
1.19820E+01        5.65932737852E+03
1.19880E+01        5.65407286648E+03
1.19940E+01        5.64882564611E+03
1.20000E+01        5.64358570396E+03
1.20060E+01        5.63835302663E+03
1.20120E+01        5.63312760073E+03
1.20180E+01        5.62790941293E+03
1.20240E+01        5.62269844991E+03
1.20300E+01        5.61749469837E+03
1.20360E+01        5.61229814507E+03
1.20420E+01        5.60710877678E+03
1.20480E+01        5.60192658031E+03
1.20540E+01        5.59675154249E+03
1.20600E+01        5.59158365019E+03
1.20660E+01        5.58642289030E+03
1.20720E+01        5.58126924974E+03
1.20780E+01        5.57612271549E+03
1.20840E+01        5.57098327451E+03
1.20900E+01        5.56585091383E+03
1.20960E+01        5.56072562049E+03
1.21020E+01        5.55560738155E+03
1.21080E+01        5.55049618414E+03
1.21140E+01        5.54539201538E+03
1.21200E+01        5.54029486242E+03
1.21260E+01        5.53520471247E+03
1.21320E+01        5.53012155274E+03
1.21380E+01        5.52504537049E+03
1.21440E+01        5.51997615298E+03
1.21500E+01        5.51491388753E+03
1.21560E+01        5.50985856148E+03
1.21620E+01        5.50481016218E+03
1.21680E+01        5.49976867704E+03
1.21740E+01        5.49473409346E+03
1.21800E+01        5.48970639892E+03
1.21860E+01        5.48468558087E+03
1.21920E+01        5.47967162684E+03
1.21980E+01        5.47466452435E+03
1.22040E+01        5.46966426096E+03
1.22100E+01        5.46467082428E+03
1.22160E+01        5.45968420192E+03
1.22220E+01        5.45470438153E+03
1.22280E+01        5.44973135078E+03
1.22340E+01        5.44476509737E+03
1.22400E+01        5.43980560904E+03
1.22460E+01        5.43485287355E+03
1.22520E+01        5.42990687868E+03
1.22580E+01        5.42496761225E+03
1.22640E+01        5.42003506209E+03
1.22700E+01        5.41510921608E+03
1.22760E+01        5.41019006212E+03
1.22820E+01        5.40527758811E+03
1.22880E+01        5.40037178202E+03
1.22940E+01        5.39547263183E+03
1.23000E+01        5.39058012552E+03
1.23060E+01        5.38569425115E+03
1.23120E+01        5.38081499676E+03
1.23180E+01        5.37594235044E+03
1.23240E+01        5.37107630030E+03
1.23300E+01        5.36621683448E+03
1.23360E+01        5.36136394115E+03
1.23420E+01        5.35651760849E+03
1.23480E+01        5.35167782472E+03
1.23540E+01        5.34684457809E+03
1.23600E+01        5.34201785687E+03
1.23660E+01        5.33719764935E+03
1.23720E+01        5.33238394385E+03
1.23780E+01        5.32757672873E+03
1.23840E+01        5.32277599235E+03
1.23900E+01        5.31798172313E+03
1.23960E+01        5.31319390948E+03
1.24020E+01        5.30841253986E+03
1.24080E+01        5.30363760274E+03
1.24140E+01        5.29886908663E+03
1.24200E+01        5.29410698006E+03
1.24260E+01        5.28935127158E+03
1.24320E+01        5.28460194977E+03
1.24380E+01        5.27985900324E+03
1.24440E+01        5.27512242062E+03
1.24500E+01        5.27039219057E+03
1.24560E+01        5.26566830175E+03
1.24620E+01        5.26095074289E+03
1.24680E+01        5.25623950272E+03
1.24740E+01        5.25153456998E+03
1.24800E+01        5.24683593346E+03
1.24860E+01        5.24214358197E+03
1.24920E+01        5.23745750434E+03
1.24980E+01        5.23277768941E+03
1.25040E+01        5.22810412608E+03
1.25100E+01        5.22343680325E+03
1.25160E+01        5.21877570985E+03
1.25220E+01        5.21412083482E+03
1.25280E+01        5.20947216716E+03
1.25340E+01        5.20482969585E+03
1.25400E+01        5.20019340994E+03
1.25460E+01        5.19556329846E+03
1.25520E+01        5.19093935049E+03
1.25580E+01        5.18632155514E+03
1.25640E+01        5.18170990153E+03
1.25700E+01        5.17710437879E+03
1.25760E+01        5.17250497611E+03
1.25820E+01        5.16791168268E+03
1.25880E+01        5.16332448772E+03
1.25940E+01        5.15874338047E+03
1.26000E+01        5.15416835019E+03
1.26060E+01        5.14959938617E+03
1.26120E+01        5.14503647773E+03
1.26180E+01        5.14047961421E+03
1.26240E+01        5.13592878496E+03
1.26300E+01        5.13138397936E+03
1.26360E+01        5.12684518683E+03
1.26420E+01        5.12231239679E+03
1.26480E+01        5.11778559870E+03
1.26540E+01        5.11326478202E+03
1.26600E+01        5.10874993627E+03
1.26660E+01        5.10424105096E+03
1.26720E+01        5.09973811563E+03
1.26780E+01        5.09524111985E+03
1.26840E+01        5.09075005322E+03
1.26900E+01        5.08626490535E+03
1.26960E+01        5.08178566587E+03
1.27020E+01        5.07731232443E+03
1.27080E+01        5.07284487073E+03
1.27140E+01        5.06838329446E+03
1.27200E+01        5.06392758535E+03
1.27260E+01        5.05947773315E+03
1.27320E+01        5.05503372763E+03
1.27380E+01        5.05059555858E+03
1.27440E+01        5.04616321581E+03
1.27500E+01        5.04173668917E+03
1.27560E+01        5.03731596850E+03
1.27620E+01        5.03290104370E+03
1.27680E+01        5.02849190467E+03
1.27740E+01        5.02408854132E+03
1.27800E+01        5.01969094361E+03
1.27860E+01        5.01529910151E+03
1.27920E+01        5.01091300500E+03
1.27980E+01        5.00653264410E+03
1.28040E+01        5.00215800884E+03
1.28100E+01        4.99778908928E+03
1.28160E+01        4.99342587549E+03
1.28220E+01        4.98906835757E+03
1.28280E+01        4.98471652564E+03
1.28340E+01        4.98037036984E+03
1.28400E+01        4.97602988033E+03
1.28460E+01        4.97169504731E+03
1.28520E+01        4.96736586096E+03
1.28580E+01        4.96304231152E+03
1.28640E+01        4.95872438923E+03
1.28700E+01        4.95441208437E+03
1.28760E+01        4.95010538721E+03
1.28820E+01        4.94580428808E+03
1.28880E+01        4.94150877729E+03
1.28940E+01        4.93721884521E+03
1.29000E+01        4.93293448220E+03
1.29060E+01        4.92865567866E+03
1.29120E+01        4.92438242500E+03
1.29180E+01        4.92011471165E+03
1.29240E+01        4.91585252907E+03
1.29300E+01        4.91159586773E+03
1.29360E+01        4.90734471813E+03
1.29420E+01        4.90309907078E+03
1.29480E+01        4.89885891623E+03
1.29540E+01        4.89462424502E+03
1.29600E+01        4.89039504773E+03
1.29660E+01        4.88617131497E+03
1.29720E+01        4.88195303734E+03
1.29780E+01        4.87774020549E+03
1.29840E+01        4.87353281007E+03
1.29900E+01        4.86933084175E+03
1.29960E+01        4.86513429124E+03
1.30020E+01        4.86094314926E+03
1.30080E+01        4.85675740653E+03
1.30140E+01        4.85257705381E+03
1.30200E+01        4.84840208189E+03
1.30260E+01        4.84423248155E+03
1.30320E+01        4.84006824362E+03
1.30380E+01        4.83590935892E+03
1.30440E+01        4.83175581831E+03
1.30500E+01        4.82760761266E+03
1.30560E+01        4.82346473287E+03
1.30620E+01        4.81932716986E+03
1.30680E+01        4.81519491454E+03
1.30740E+01        4.81106795788E+03
1.30800E+01        4.80694629085E+03
1.30860E+01        4.80282990442E+03
1.30920E+01        4.79871878962E+03
1.30980E+01        4.79461293747E+03
1.31040E+01        4.79051233901E+03
1.31100E+01        4.78641698532E+03
1.31160E+01        4.78232686747E+03
1.31220E+01        4.77824197658E+03
1.31280E+01        4.77416230376E+03
1.31340E+01        4.77008784015E+03
1.31400E+01        4.76601857691E+03
1.31460E+01        4.76195450523E+03
1.31520E+01        4.75789561630E+03
1.31580E+01        4.75384190133E+03
1.31640E+01        4.74979335157E+03
1.31700E+01        4.74574995825E+03
1.31760E+01        4.74171171266E+03
1.31820E+01        4.73767860609E+03
1.31880E+01        4.73365062983E+03
1.31940E+01        4.72962777523E+03
1.32000E+01        4.72561003361E+03
1.32060E+01        4.72159739636E+03
1.32120E+01        4.71758985484E+03
1.32180E+01        4.71358740045E+03
1.32240E+01        4.70959002462E+03
1.32300E+01        4.70559771878E+03
1.32360E+01        4.70161047438E+03
1.32420E+01        4.69762828289E+03
1.32480E+01        4.69365113580E+03
1.32540E+01        4.68967902463E+03
1.32600E+01        4.68571194089E+03
1.32660E+01        4.68174987612E+03
1.32720E+01        4.67779282189E+03
1.32780E+01        4.67384076978E+03
1.32840E+01        4.66989371137E+03
1.32900E+01        4.66595163829E+03
1.32960E+01        4.66201454217E+03
1.33020E+01        4.65808241465E+03
1.33080E+01        4.65415524739E+03
1.33140E+01        4.65023303209E+03
1.33200E+01        4.64631576044E+03
1.33260E+01        4.64240342416E+03
1.33320E+01        4.63849601498E+03
1.33380E+01        4.63459352466E+03
1.33440E+01        4.63069594497E+03
1.33500E+01        4.62680326770E+03
1.33560E+01        4.62291548464E+03
1.33620E+01        4.61903258762E+03
1.33680E+01        4.61515456847E+03
