output/Noodles_2021-02-26/SED_05.dat
# %ECSV 0.9
# ---
# datatype:
# - {name: wavelength, unit: micron, datatype: float64}
# - {name: flux, unit: microJansky, datatype: float64}
# schema: astropy-2.0
#
#
#  - - File generated by ExoNoodle - -
#         V1.0.0 - MML (CEA-Saclay)
#       2021-02-26 14:01:48.325215
wavelength flux 
[from data line 433]
5.59800E+00        2.19047265704E+04
5.60400E+00        2.18654164805E+04
5.61000E+00        2.18262101562E+04
5.61600E+00        2.17871072414E+04
5.62200E+00        2.17481073813E+04
5.62800E+00        2.17092102227E+04
5.63400E+00        2.16704154137E+04
5.64000E+00        2.16317226042E+04
5.64600E+00        2.15931314451E+04
5.65200E+00        2.15546415891E+04
5.65800E+00        2.15162526902E+04
5.66400E+00        2.14779644038E+04
5.67000E+00        2.14397763867E+04
5.67600E+00        2.14016882973E+04
5.68200E+00        2.13636997953E+04
5.68800E+00        2.13258105416E+04
5.69400E+00        2.12880201988E+04
5.70000E+00        2.12503284309E+04
5.70600E+00        2.12127349029E+04
5.71200E+00        2.11752392816E+04
5.71800E+00        2.11378412350E+04
5.72400E+00        2.11005404324E+04
5.73000E+00        2.10633365446E+04
5.73600E+00        2.10262292436E+04
5.74200E+00        2.09892182029E+04
5.74800E+00        2.09523030972E+04
5.75400E+00        2.09154836026E+04
5.76000E+00        2.08787593965E+04
5.76600E+00        2.08421301576E+04
5.77200E+00        2.08055955661E+04
5.77800E+00        2.07691553031E+04
5.78400E+00        2.07328090515E+04
5.79000E+00        2.06965564952E+04
5.79600E+00        2.06603973193E+04
5.80200E+00        2.06243312105E+04
5.80800E+00        2.05883578564E+04
5.81400E+00        2.05524769463E+04
5.82000E+00        2.05166881703E+04
5.82600E+00        2.04809912201E+04
5.83200E+00        2.04453857886E+04
5.83800E+00        2.04098715698E+04
5.84400E+00        2.03744482591E+04
5.85000E+00        2.03391155530E+04
5.85600E+00        2.03038731493E+04
5.86200E+00        2.02687207471E+04
5.86800E+00        2.02336580466E+04
5.87400E+00        2.01986847492E+04
5.88000E+00        2.01638005576E+04
5.88600E+00        2.01290051756E+04
5.89200E+00        2.00942983084E+04
5.89800E+00        2.00596796621E+04
5.90400E+00        2.00251489441E+04
5.91000E+00        1.99907058632E+04
5.91600E+00        1.99563501290E+04
5.92200E+00        1.99220814526E+04
5.92800E+00        1.98878995459E+04
5.93400E+00        1.98538041224E+04
5.94000E+00        1.98197948964E+04
5.94600E+00        1.97858715834E+04
5.95200E+00        1.97520339003E+04
5.95800E+00        1.97182815647E+04
5.96400E+00        1.96846142958E+04
5.97000E+00        1.96510318136E+04
5.97600E+00        1.96175338393E+04
5.98200E+00        1.95841200953E+04
5.98800E+00        1.95507903050E+04
5.99400E+00        1.95175441929E+04
6.00000E+00        1.94843814847E+04
6.00600E+00        1.94513019072E+04
6.01200E+00        1.94183051881E+04
6.01800E+00        1.93853910565E+04
6.02400E+00        1.93525592422E+04
6.03000E+00        1.93198094764E+04
6.03600E+00        1.92871414912E+04
6.04200E+00        1.92545550198E+04
6.04800E+00        1.92220497964E+04
6.05400E+00        1.91896255565E+04
6.06000E+00        1.91572820363E+04
6.06600E+00        1.91250189733E+04
6.07200E+00        1.90928361059E+04
6.07800E+00        1.90607331736E+04
6.08400E+00        1.90287099170E+04
6.09000E+00        1.89967660775E+04
6.09600E+00        1.89649013978E+04
6.10200E+00        1.89331156214E+04
6.10800E+00        1.89014084930E+04
6.11400E+00        1.88697797581E+04
6.12000E+00        1.88382291634E+04
6.12600E+00        1.88067564564E+04
6.13200E+00        1.87753613858E+04
6.13800E+00        1.87440437011E+04
6.14400E+00        1.87128031529E+04
6.15000E+00        1.86816394928E+04
6.15600E+00        1.86505524733E+04
6.16200E+00        1.86195418479E+04
6.16800E+00        1.85886073710E+04
6.17400E+00        1.85577487982E+04
6.18000E+00        1.85269658857E+04
6.18600E+00        1.84962583910E+04
6.19200E+00        1.84656260722E+04
6.19800E+00        1.84350686887E+04
6.20400E+00        1.84045860006E+04
6.21000E+00        1.83741777691E+04
6.21600E+00        1.83438437561E+04
6.22200E+00        1.83135837247E+04
6.22800E+00        1.82833974387E+04
6.23400E+00        1.82532846630E+04
6.24000E+00        1.82232451633E+04
6.24600E+00        1.81932787063E+04
6.25200E+00        1.81633850594E+04
6.25800E+00        1.81335639911E+04
6.26400E+00        1.81038152709E+04
6.27000E+00        1.80741386688E+04
6.27600E+00        1.80445339562E+04
6.28200E+00        1.80150009050E+04
6.28800E+00        1.79855392880E+04
6.29400E+00        1.79561488792E+04
6.30000E+00        1.79268294531E+04
6.30600E+00        1.78975807853E+04
6.31200E+00        1.78684026521E+04
6.31800E+00        1.78392948310E+04
6.32400E+00        1.78102570999E+04
6.33000E+00        1.77812892378E+04
6.33600E+00        1.77523910246E+04
6.34200E+00        1.77235622410E+04
6.34800E+00        1.76948026684E+04
6.35400E+00        1.76661120893E+04
6.36000E+00        1.76374902868E+04
6.36600E+00        1.76089370449E+04
6.37200E+00        1.75804521486E+04
6.37800E+00        1.75520353834E+04
6.38400E+00        1.75236865360E+04
6.39000E+00        1.74954053936E+04
6.39600E+00        1.74671917444E+04
6.40200E+00        1.74390453773E+04
6.40800E+00        1.74109660820E+04
6.41400E+00        1.73829536492E+04
6.42000E+00        1.73550078702E+04
6.42600E+00        1.73271285371E+04
6.43200E+00        1.72993154429E+04
6.43800E+00        1.72715683813E+04
6.44400E+00        1.72438871469E+04
6.45000E+00        1.72162715349E+04
6.45600E+00        1.71887213414E+04
6.46200E+00        1.71612363634E+04
6.46800E+00        1.71338163984E+04
6.47400E+00        1.71064612448E+04
6.48000E+00        1.70791707017E+04
6.48600E+00        1.70519445692E+04
6.49200E+00        1.70247826479E+04
6.49800E+00        1.69976847392E+04
6.50400E+00        1.69706506454E+04
6.51000E+00        1.69436801693E+04
6.51600E+00        1.69167731146E+04
6.52200E+00        1.68899292858E+04
6.52800E+00        1.68631484881E+04
6.53400E+00        1.68364305272E+04
6.54000E+00        1.68097752100E+04
6.54600E+00        1.67831823436E+04
6.55200E+00        1.67566517363E+04
6.55800E+00        1.67301831967E+04
6.56400E+00        1.67037765345E+04
6.57000E+00        1.66774315599E+04
6.57600E+00        1.66511480838E+04
6.58200E+00        1.66249259179E+04
6.58800E+00        1.65987648745E+04
6.59400E+00        1.65726647668E+04
6.60000E+00        1.65466254085E+04
6.60600E+00        1.65206466141E+04
6.61200E+00        1.64947281988E+04
6.61800E+00        1.64688699783E+04
6.62400E+00        1.64430717693E+04
6.63000E+00        1.64173333889E+04
6.63600E+00        1.63916546552E+04
6.64200E+00        1.63660353866E+04
6.64800E+00        1.63404754025E+04
6.65400E+00        1.63149745228E+04
6.66000E+00        1.62895325680E+04
6.66600E+00        1.62641493596E+04
6.67200E+00        1.62388247194E+04
6.67800E+00        1.62135584700E+04
6.68400E+00        1.61883504347E+04
6.69000E+00        1.61632004374E+04
6.69600E+00        1.61381083026E+04
6.70200E+00        1.61130738557E+04
6.70800E+00        1.60880969225E+04
6.71400E+00        1.60631773294E+04
6.72000E+00        1.60383149037E+04
6.72600E+00        1.60135094732E+04
6.73200E+00        1.59887608662E+04
6.73800E+00        1.59640689118E+04
6.74400E+00        1.59394334398E+04
6.75000E+00        1.59148542805E+04
6.75600E+00        1.58903312647E+04
6.76200E+00        1.58658642241E+04
6.76800E+00        1.58414529909E+04
6.77400E+00        1.58170973979E+04
6.78000E+00        1.57927972784E+04
6.78600E+00        1.57685524666E+04
6.79200E+00        1.57443627971E+04
6.79800E+00        1.57202281051E+04
6.80400E+00        1.56961482265E+04
6.81000E+00        1.56721229977E+04
6.81600E+00        1.56481522559E+04
6.82200E+00        1.56242358385E+04
6.82800E+00        1.56003735840E+04
6.83400E+00        1.55765653311E+04
6.84000E+00        1.55528109193E+04
6.84600E+00        1.55291101885E+04
6.85200E+00        1.55054629794E+04
6.85800E+00        1.54818691332E+04
6.86400E+00        1.54583284915E+04
6.87000E+00        1.54348408968E+04
6.87600E+00        1.54114061919E+04
6.88200E+00        1.53880242203E+04
6.88800E+00        1.53646948261E+04
6.89400E+00        1.53414178538E+04
6.90000E+00        1.53181931487E+04
6.90600E+00        1.52950205565E+04
6.91200E+00        1.52718999234E+04
6.91800E+00        1.52488310964E+04
6.92400E+00        1.52258139228E+04
6.93000E+00        1.52028482506E+04
6.93600E+00        1.51799339283E+04
6.94200E+00        1.51570708049E+04
6.94800E+00        1.51342587302E+04
6.95400E+00        1.51114975541E+04
6.96000E+00        1.50887871274E+04
6.96600E+00        1.50661273014E+04
6.97200E+00        1.50435179277E+04
6.97800E+00        1.50209588587E+04
6.98400E+00        1.49984499472E+04
6.99000E+00        1.49759910466E+04
6.99600E+00        1.49535820107E+04
7.00200E+00        1.49312226939E+04
7.00800E+00        1.49089129512E+04
7.01400E+00        1.48866526380E+04
7.02000E+00        1.48644416103E+04
7.02600E+00        1.48422797245E+04
7.03200E+00        1.48201668377E+04
7.03800E+00        1.47981028074E+04
7.04400E+00        1.47760874916E+04
7.05000E+00        1.47541207487E+04
7.05600E+00        1.47322024379E+04
7.06200E+00        1.47103324187E+04
7.06800E+00        1.46885105511E+04
7.07400E+00        1.46667366956E+04
7.08000E+00        1.46450107132E+04
7.08600E+00        1.46233324656E+04
7.09200E+00        1.46017018147E+04
7.09800E+00        1.45801186229E+04
7.10400E+00        1.45585827534E+04
7.11000E+00        1.45370940696E+04
7.11600E+00        1.45156524354E+04
7.12200E+00        1.44942577153E+04
7.12800E+00        1.44729097743E+04
7.13400E+00        1.44516084777E+04
7.14000E+00        1.44303536914E+04
7.14600E+00        1.44091452818E+04
7.15200E+00        1.43879831157E+04
7.15800E+00        1.43668670604E+04
7.16400E+00        1.43457969837E+04
7.17000E+00        1.43247727538E+04
7.17600E+00        1.43037942395E+04
7.18200E+00        1.42828613098E+04
7.18800E+00        1.42619738344E+04
7.19400E+00        1.42411316834E+04
7.20000E+00        1.42203347274E+04
7.20600E+00        1.41995828372E+04
7.21200E+00        1.41788758845E+04
7.21800E+00        1.41582137410E+04
7.22400E+00        1.41375962791E+04
7.23000E+00        1.41170233717E+04
7.23600E+00        1.40964948919E+04
7.24200E+00        1.40760107134E+04
7.24800E+00        1.40555707105E+04
7.25400E+00        1.40351747575E+04
7.26000E+00        1.40148227297E+04
7.26600E+00        1.39945145023E+04
7.27200E+00        1.39742499513E+04
7.27800E+00        1.39540289530E+04
7.28400E+00        1.39338513841E+04
7.29000E+00        1.39137171218E+04
7.29600E+00        1.38936260437E+04
7.30200E+00        1.38735780278E+04
7.30800E+00        1.38535729526E+04
7.31400E+00        1.38336106970E+04
7.32000E+00        1.38136911402E+04
7.32600E+00        1.37938141619E+04
7.33200E+00        1.37739796424E+04
7.33800E+00        1.37541874620E+04
7.34400E+00        1.37344375019E+04
7.35000E+00        1.37147296433E+04
7.35600E+00        1.36950637681E+04
7.36200E+00        1.36754397584E+04
7.36800E+00        1.36558574968E+04
7.37400E+00        1.36363168664E+04
7.38000E+00        1.36168177506E+04
7.38600E+00        1.35973600331E+04
7.39200E+00        1.35779435981E+04
7.39800E+00        1.35585683304E+04
7.40400E+00        1.35392341148E+04
7.41000E+00        1.35199408368E+04
7.41600E+00        1.35006883822E+04
7.42200E+00        1.34814766372E+04
7.42800E+00        1.34623054883E+04
7.43400E+00        1.34431748226E+04
7.44000E+00        1.34240845274E+04
7.44600E+00        1.34050344904E+04
7.45200E+00        1.33860245997E+04
7.45800E+00        1.33670547439E+04
7.46400E+00        1.33481248119E+04
7.47000E+00        1.33292346929E+04
7.47600E+00        1.33103842766E+04
7.48200E+00        1.32915734531E+04
7.48800E+00        1.32728021126E+04
7.49400E+00        1.32540701461E+04
7.50000E+00        1.32353774446E+04
7.50600E+00        1.32167238997E+04
7.51200E+00        1.31981094033E+04
7.51800E+00        1.31795338476E+04
7.52400E+00        1.31609971252E+04
7.53000E+00        1.31424991292E+04
7.53600E+00        1.31240397529E+04
7.54200E+00        1.31056188901E+04
7.54800E+00        1.30872364347E+04
7.55400E+00        1.30688922812E+04
7.56000E+00        1.30505863245E+04
7.56600E+00        1.30323184596E+04
7.57200E+00        1.30140885821E+04
7.57800E+00        1.29958965879E+04
7.58400E+00        1.29777423731E+04
7.59000E+00        1.29596258344E+04
7.59600E+00        1.29415468685E+04
7.60200E+00        1.29235053729E+04
7.60800E+00        1.29055012450E+04
7.61400E+00        1.28875343829E+04
7.62000E+00        1.28696046848E+04
7.62600E+00        1.28517120494E+04
7.63200E+00        1.28338563756E+04
7.63800E+00        1.28160375628E+04
7.64400E+00        1.27982555106E+04
7.65000E+00        1.27805101191E+04
7.65600E+00        1.27628012885E+04
7.66200E+00        1.27451289195E+04
7.66800E+00        1.27274929131E+04
7.67400E+00        1.27098931706E+04
7.68000E+00        1.26923295937E+04
7.68600E+00        1.26748020844E+04
7.69200E+00        1.26573105450E+04
7.69800E+00        1.26398548781E+04
7.70400E+00        1.26224349867E+04
7.71000E+00        1.26050507741E+04
7.71600E+00        1.25877021439E+04
7.72200E+00        1.25703890001E+04
7.72800E+00        1.25531112468E+04
7.73400E+00        1.25358687887E+04
7.74000E+00        1.25186615306E+04
7.74600E+00        1.25014893778E+04
7.75200E+00        1.24843522358E+04
7.75800E+00        1.24672500104E+04
7.76400E+00        1.24501826078E+04
7.77000E+00        1.24331499343E+04
7.77600E+00        1.24161518969E+04
7.78200E+00        1.23991884026E+04
7.78800E+00        1.23822593587E+04
7.79400E+00        1.23653646730E+04
7.80000E+00        1.23485042534E+04
7.80600E+00        1.23316780083E+04
7.81200E+00        1.23148858462E+04
7.81800E+00        1.22981276761E+04
7.82400E+00        1.22814034072E+04
7.83000E+00        1.22647129489E+04
7.83600E+00        1.22480562112E+04
7.84200E+00        1.22314331040E+04
7.84800E+00        1.22148435378E+04
7.85400E+00        1.21982874233E+04
7.86000E+00        1.21817646715E+04
7.86600E+00        1.21652751936E+04
7.87200E+00        1.21488189013E+04
7.87800E+00        1.21323957063E+04
7.88400E+00        1.21160055208E+04
7.89000E+00        1.20996482573E+04
7.89600E+00        1.20833238285E+04
7.90200E+00        1.20670321474E+04
7.90800E+00        1.20507731273E+04
7.91400E+00        1.20345466818E+04
7.92000E+00        1.20183527247E+04
7.92600E+00        1.20021911702E+04
7.93200E+00        1.19860619327E+04
7.93800E+00        1.19699649269E+04
7.94400E+00        1.19539000678E+04
7.95000E+00        1.19378672706E+04
7.95600E+00        1.19218664509E+04
7.96200E+00        1.19058975245E+04
7.96800E+00        1.18899604074E+04
7.97400E+00        1.18740550160E+04
7.98000E+00        1.18581812670E+04
7.98600E+00        1.18423390773E+04
7.99200E+00        1.18265283639E+04
7.99800E+00        1.18107490444E+04
8.00400E+00        1.17950010364E+04
8.01000E+00        1.17792842580E+04
8.01600E+00        1.17635986273E+04
8.02200E+00        1.17479440628E+04
8.02800E+00        1.17323204833E+04
8.03400E+00        1.17167278079E+04
8.04000E+00        1.17011659558E+04
8.04600E+00        1.16856348466E+04
8.05200E+00        1.16701344001E+04
8.05800E+00        1.16546645362E+04
8.06400E+00        1.16392251755E+04
8.07000E+00        1.16238162384E+04
8.07600E+00        1.16084376458E+04
8.08200E+00        1.15930893187E+04
8.08800E+00        1.15777711786E+04
8.09400E+00        1.15624831470E+04
8.10000E+00        1.15472251457E+04
8.10600E+00        1.15319970969E+04
8.11200E+00        1.15167989228E+04
8.11800E+00        1.15016305462E+04
8.12400E+00        1.14864918898E+04
8.13000E+00        1.14713828768E+04
8.13600E+00        1.14563034304E+04
8.14200E+00        1.14412534743E+04
8.14800E+00        1.14262329322E+04
8.15400E+00        1.14112417283E+04
8.16000E+00        1.13962797869E+04
8.16600E+00        1.13813470325E+04
8.17200E+00        1.13664433899E+04
8.17800E+00        1.13515687841E+04
