output/Noodles_2021-02-26/SED_08.dat
# %ECSV 0.9
# ---
# datatype:
# - {name: wavelength, unit: micron, datatype: float64}
# - {name: flux, unit: microJansky, datatype: float64}
# schema: astropy-2.0
#
#
#  - - File generated by ExoNoodle - -
#         V1.0.0 - MML (CEA-Saclay)
#       2021-02-26 14:01:48.325215
wavelength flux 
[from data line 865]
8.19000E+00        1.13360039656E+04
8.19600E+00        1.13211988640E+04
8.20200E+00        1.13064225304E+04
8.20800E+00        1.12916748910E+04
8.21400E+00        1.12769558723E+04
8.22000E+00        1.12622654007E+04
8.22600E+00        1.12476034033E+04
8.23200E+00        1.12329698070E+04
8.23800E+00        1.12183645393E+04
8.24400E+00        1.12037875276E+04
8.25000E+00        1.11892386998E+04
8.25600E+00        1.11747179838E+04
8.26200E+00        1.11602253079E+04
8.26800E+00        1.11457606007E+04
8.27400E+00        1.11313237906E+04
8.28000E+00        1.11169148068E+04
8.28600E+00        1.11025335783E+04
8.29200E+00        1.10881800345E+04
8.29800E+00        1.10738541049E+04
8.30400E+00        1.10595557194E+04
8.31000E+00        1.10452848080E+04
8.31600E+00        1.10310413010E+04
8.32200E+00        1.10168251288E+04
8.32800E+00        1.10026362222E+04
8.33400E+00        1.09884745119E+04
8.34000E+00        1.09743399292E+04
8.34600E+00        1.09602324053E+04
8.35200E+00        1.09461518719E+04
8.35800E+00        1.09320982606E+04
8.36400E+00        1.09180715035E+04
8.37000E+00        1.09040715328E+04
8.37600E+00        1.08900982808E+04
8.38200E+00        1.08761516802E+04
8.38800E+00        1.08622316638E+04
8.39400E+00        1.08483381646E+04
8.40000E+00        1.08344711158E+04
8.40600E+00        1.08206304510E+04
8.41200E+00        1.08068161038E+04
8.41800E+00        1.07930280080E+04
8.42400E+00        1.07792660977E+04
8.43000E+00        1.07655303071E+04
8.43600E+00        1.07518205709E+04
8.44200E+00        1.07381368236E+04
8.44800E+00        1.07244790001E+04
8.45400E+00        1.07108470355E+04
8.46000E+00        1.06972408651E+04
8.46600E+00        1.06836604244E+04
8.47200E+00        1.06701056491E+04
8.47800E+00        1.06565764750E+04
8.48400E+00        1.06430728383E+04
8.49000E+00        1.06295946752E+04
8.49600E+00        1.06161419222E+04
8.50200E+00        1.06027145159E+04
8.50800E+00        1.05893123934E+04
8.51400E+00        1.05759354915E+04
8.52000E+00        1.05625837476E+04
8.52600E+00        1.05492570991E+04
8.53200E+00        1.05359554837E+04
8.53800E+00        1.05226788392E+04
8.54400E+00        1.05094271036E+04
8.55000E+00        1.04962002152E+04
8.55600E+00        1.04829981123E+04
8.56200E+00        1.04698207335E+04
8.56800E+00        1.04566680177E+04
8.57400E+00        1.04435399038E+04
8.58000E+00        1.04304363309E+04
8.58600E+00        1.04173572385E+04
8.59200E+00        1.04043025660E+04
8.59800E+00        1.03912722531E+04
8.60400E+00        1.03782662398E+04
8.61000E+00        1.03652844661E+04
8.61600E+00        1.03523268724E+04
8.62200E+00        1.03393933989E+04
8.62800E+00        1.03264839865E+04
8.63400E+00        1.03135985758E+04
8.64000E+00        1.03007371080E+04
8.64600E+00        1.02878995240E+04
8.65200E+00        1.02750857654E+04
8.65800E+00        1.02622957736E+04
8.66400E+00        1.02495294904E+04
8.67000E+00        1.02367868575E+04
8.67600E+00        1.02240678172E+04
8.68200E+00        1.02113723115E+04
8.68800E+00        1.01987002830E+04
8.69400E+00        1.01860516742E+04
8.70000E+00        1.01734264278E+04
8.70600E+00        1.01608244868E+04
8.71200E+00        1.01482457944E+04
8.71800E+00        1.01356902937E+04
8.72400E+00        1.01231579282E+04
8.73000E+00        1.01106486416E+04
8.73600E+00        1.00981623776E+04
8.74200E+00        1.00856990802E+04
8.74800E+00        1.00732586935E+04
8.75400E+00        1.00608411618E+04
8.76000E+00        1.00484464296E+04
8.76600E+00        1.00360744415E+04
8.77200E+00        1.00237251423E+04
8.77800E+00        1.00113984770E+04
8.78400E+00        9.99909439062E+03
8.79000E+00        9.98681282856E+03
8.79600E+00        9.97455373625E+03
8.80200E+00        9.96231705929E+03
8.80800E+00        9.95010274349E+03
8.81400E+00        9.93791073477E+03
8.82000E+00        9.92574097926E+03
8.82600E+00        9.91359342322E+03
8.83200E+00        9.90146801307E+03
8.83800E+00        9.88936469542E+03
8.84400E+00        9.87728341700E+03
8.85000E+00        9.86522412474E+03
8.85600E+00        9.85318676568E+03
8.86200E+00        9.84117128707E+03
8.86800E+00        9.82917763628E+03
8.87400E+00        9.81720576085E+03
8.88000E+00        9.80525560848E+03
8.88600E+00        9.79332712701E+03
8.89200E+00        9.78142026446E+03
8.89800E+00        9.76953496898E+03
8.90400E+00        9.75767118888E+03
8.91000E+00        9.74582887265E+03
8.91600E+00        9.73400796889E+03
8.92200E+00        9.72220842638E+03
8.92800E+00        9.71043019405E+03
8.93400E+00        9.69867322097E+03
8.94000E+00        9.68693745636E+03
8.94600E+00        9.67522284962E+03
8.95200E+00        9.66352935026E+03
8.95800E+00        9.65185690795E+03
8.96400E+00        9.64020547254E+03
8.97000E+00        9.62857499398E+03
8.97600E+00        9.61696542240E+03
8.98200E+00        9.60537670807E+03
8.98800E+00        9.59380880140E+03
8.99400E+00        9.58226165295E+03
9.00000E+00        9.57073521343E+03
9.00600E+00        9.55922943369E+03
9.01200E+00        9.54774426472E+03
9.01800E+00        9.53627965767E+03
9.02400E+00        9.52483556382E+03
9.03000E+00        9.51341193460E+03
9.03600E+00        9.50200872157E+03
9.04200E+00        9.49062587644E+03
9.04800E+00        9.47926335108E+03
9.05400E+00        9.46792109746E+03
9.06000E+00        9.45659906773E+03
9.06600E+00        9.44529721416E+03
9.07200E+00        9.43401548917E+03
9.07800E+00        9.42275384530E+03
9.08400E+00        9.41151223525E+03
9.09000E+00        9.40029061185E+03
9.09600E+00        9.38908892807E+03
9.10200E+00        9.37790713701E+03
9.10800E+00        9.36674519191E+03
9.11400E+00        9.35560304615E+03
9.12000E+00        9.34448065324E+03
9.12600E+00        9.33337796684E+03
9.13200E+00        9.32229494072E+03
9.13800E+00        9.31123152881E+03
9.14400E+00        9.30018768515E+03
9.15000E+00        9.28916336393E+03
9.15600E+00        9.27815851947E+03
9.16200E+00        9.26717310622E+03
9.16800E+00        9.25620707876E+03
9.17400E+00        9.24526039181E+03
9.18000E+00        9.23433300021E+03
9.18600E+00        9.22342485894E+03
9.19200E+00        9.21253592310E+03
9.19800E+00        9.20166614794E+03
9.20400E+00        9.19081548881E+03
9.21000E+00        9.17998390121E+03
9.21600E+00        9.16917134077E+03
9.22200E+00        9.15837776324E+03
9.22800E+00        9.14760312448E+03
9.23400E+00        9.13684738052E+03
9.24000E+00        9.12611048748E+03
9.24600E+00        9.11539240163E+03
9.25200E+00        9.10469307934E+03
9.25800E+00        9.09401247712E+03
9.26400E+00        9.08335055162E+03
9.27000E+00        9.07270725958E+03
9.27600E+00        9.06208255791E+03
9.28200E+00        9.05147640359E+03
9.28800E+00        9.04088875377E+03
9.29400E+00        9.03031956569E+03
9.30000E+00        9.01976879674E+03
9.30600E+00        9.00923640441E+03
9.31200E+00        8.99872234632E+03
9.31800E+00        8.98822658021E+03
9.32400E+00        8.97774906394E+03
9.33000E+00        8.96728975550E+03
9.33600E+00        8.95684861299E+03
9.34200E+00        8.94642559463E+03
9.34800E+00        8.93602065875E+03
9.35400E+00        8.92563376383E+03
9.36000E+00        8.91526486844E+03
9.36600E+00        8.90491393127E+03
9.37200E+00        8.89458091114E+03
9.37800E+00        8.88426576697E+03
9.38400E+00        8.87396845783E+03
9.39000E+00        8.86368894286E+03
9.39600E+00        8.85342718135E+03
9.40200E+00        8.84318313270E+03
9.40800E+00        8.83295675641E+03
9.41400E+00        8.82274801211E+03
9.42000E+00        8.81255685954E+03
9.42600E+00        8.80238325856E+03
9.43200E+00        8.79222716912E+03
9.43800E+00        8.78208855133E+03
9.44400E+00        8.77196736535E+03
9.45000E+00        8.76186357151E+03
9.45600E+00        8.75177713022E+03
9.46200E+00        8.74170800201E+03
9.46800E+00        8.73165614752E+03
9.47400E+00        8.72162152750E+03
9.48000E+00        8.71160410282E+03
9.48600E+00        8.70160383445E+03
9.49200E+00        8.69162068348E+03
9.49800E+00        8.68165461109E+03
9.50400E+00        8.67170557858E+03
9.51000E+00        8.66177354738E+03
9.51600E+00        8.65185847899E+03
9.52200E+00        8.64196033505E+03
9.52800E+00        8.63207907729E+03
9.53400E+00        8.62221466754E+03
9.54000E+00        8.61236706777E+03
9.54600E+00        8.60253624002E+03
9.55200E+00        8.59272214646E+03
9.55800E+00        8.58292474936E+03
9.56400E+00        8.57314401108E+03
9.57000E+00        8.56337989412E+03
9.57600E+00        8.55363236104E+03
9.58200E+00        8.54390137454E+03
9.58800E+00        8.53418689742E+03
9.59400E+00        8.52448889256E+03
9.60000E+00        8.51480732297E+03
9.60600E+00        8.50514215174E+03
9.61200E+00        8.49549334210E+03
9.61800E+00        8.48586085733E+03
9.62400E+00        8.47624466086E+03
9.63000E+00        8.46664471619E+03
9.63600E+00        8.45706098694E+03
9.64200E+00        8.44749343682E+03
9.64800E+00        8.43794202965E+03
9.65400E+00        8.42840672934E+03
9.66000E+00        8.41888749991E+03
9.66600E+00        8.40938430547E+03
9.67200E+00        8.39989711023E+03
9.67800E+00        8.39042587852E+03
9.68400E+00        8.38097057475E+03
9.69000E+00        8.37153116342E+03
9.69600E+00        8.36210760914E+03
9.70200E+00        8.35269987662E+03
9.70800E+00        8.34330793067E+03
9.71400E+00        8.33393173619E+03
9.72000E+00        8.32457125818E+03
9.72600E+00        8.31522646173E+03
9.73200E+00        8.30589731202E+03
9.73800E+00        8.29658377436E+03
9.74400E+00        8.28728581412E+03
9.75000E+00        8.27800339679E+03
9.75600E+00        8.26873648792E+03
9.76200E+00        8.25948505320E+03
9.76800E+00        8.25024905838E+03
9.77400E+00        8.24102846932E+03
9.78000E+00        8.23182325197E+03
9.78600E+00        8.22263337237E+03
9.79200E+00        8.21345879666E+03
9.79800E+00        8.20429949107E+03
9.80400E+00        8.19515542192E+03
9.81000E+00        8.18602655562E+03
9.81600E+00        8.17691285868E+03
9.82200E+00        8.16781429769E+03
9.82800E+00        8.15873083935E+03
9.83400E+00        8.14966245044E+03
9.84000E+00        8.14060909782E+03
9.84600E+00        8.13157074845E+03
9.85200E+00        8.12254736939E+03
9.85800E+00        8.11353892778E+03
9.86400E+00        8.10454539084E+03
9.87000E+00        8.09556672590E+03
9.87600E+00        8.08660290037E+03
9.88200E+00        8.07765388174E+03
9.88800E+00        8.06871963759E+03
9.89400E+00        8.05980013561E+03
9.90000E+00        8.05089534355E+03
9.90600E+00        8.04200522926E+03
9.91200E+00        8.03312976068E+03
9.91800E+00        8.02426890583E+03
9.92400E+00        8.01542263282E+03
9.93000E+00        8.00659090985E+03
9.93600E+00        7.99777370519E+03
9.94200E+00        7.98897098723E+03
9.94800E+00        7.98018272440E+03
9.95400E+00        7.97140888526E+03
9.96000E+00        7.96264943842E+03
9.96600E+00        7.95390435259E+03
9.97200E+00        7.94517359657E+03
9.97800E+00        7.93645713923E+03
9.98400E+00        7.92775494954E+03
9.99000E+00        7.91906699654E+03
9.99600E+00        7.91039324936E+03
1.00020E+01        7.90173367721E+03
1.00080E+01        7.89308824938E+03
1.00140E+01        7.88445693525E+03
1.00200E+01        7.87583970429E+03
1.00260E+01        7.86723652603E+03
1.00320E+01        7.85864737010E+03
1.00380E+01        7.85007220619E+03
1.00440E+01        7.84151100411E+03
1.00500E+01        7.83296373370E+03
1.00560E+01        7.82443036493E+03
1.00620E+01        7.81591086782E+03
1.00680E+01        7.80740521248E+03
1.00740E+01        7.79891336910E+03
1.00800E+01        7.79043530794E+03
1.00860E+01        7.78197099935E+03
1.00920E+01        7.77352041377E+03
1.00980E+01        7.76508352169E+03
1.01040E+01        7.75666029370E+03
1.01100E+01        7.74825070047E+03
1.01160E+01        7.73985471274E+03
1.01220E+01        7.73147230132E+03
1.01280E+01        7.72310343711E+03
1.01340E+01        7.71474809109E+03
1.01400E+01        7.70640623430E+03
1.01460E+01        7.69807783789E+03
1.01520E+01        7.68976287305E+03
1.01580E+01        7.68146131106E+03
1.01640E+01        7.67317312329E+03
1.01700E+01        7.66489828117E+03
1.01760E+01        7.65663675620E+03
1.01820E+01        7.64838851998E+03
1.01880E+01        7.64015354417E+03
1.01940E+01        7.63193180049E+03
1.02000E+01        7.62372326077E+03
1.02060E+01        7.61552789688E+03
1.02120E+01        7.60734568080E+03
1.02180E+01        7.59917658454E+03
1.02240E+01        7.59102058022E+03
1.02300E+01        7.58287764003E+03
1.02360E+01        7.57474773621E+03
1.02420E+01        7.56663084109E+03
1.02480E+01        7.55852692708E+03
1.02540E+01        7.55043596665E+03
1.02600E+01        7.54235793234E+03
1.02660E+01        7.53429279678E+03
1.02720E+01        7.52624053265E+03
1.02780E+01        7.51820111272E+03
1.02840E+01        7.51017450982E+03
1.02900E+01        7.50216069686E+03
1.02960E+01        7.49415964681E+03
1.03020E+01        7.48617133272E+03
1.03080E+01        7.47819572771E+03
1.03140E+01        7.47023280497E+03
1.03200E+01        7.46228253775E+03
1.03260E+01        7.45434489940E+03
1.03320E+01        7.44641986329E+03
1.03380E+01        7.43850740291E+03
1.03440E+01        7.43060749179E+03
1.03500E+01        7.42272010354E+03
1.03560E+01        7.41484521184E+03
1.03620E+01        7.40698279042E+03
1.03680E+01        7.39913281310E+03
1.03740E+01        7.39129525377E+03
1.03800E+01        7.38347008638E+03
1.03860E+01        7.37565728493E+03
1.03920E+01        7.36785682353E+03
1.03980E+01        7.36006867631E+03
1.04040E+01        7.35229281750E+03
1.04100E+01        7.34452922139E+03
1.04160E+01        7.33677786233E+03
1.04220E+01        7.32903871475E+03
1.04280E+01        7.32131175312E+03
1.04340E+01        7.31359695200E+03
1.04400E+01        7.30589428602E+03
1.04460E+01        7.29820372985E+03
1.04520E+01        7.29052525825E+03
1.04580E+01        7.28285884604E+03
1.04640E+01        7.27520446808E+03
1.04700E+01        7.26756209934E+03
1.04760E+01        7.25993171483E+03
1.04820E+01        7.25231328961E+03
1.04880E+01        7.24470679883E+03
1.04940E+01        7.23711221769E+03
1.05000E+01        7.22952952146E+03
1.05060E+01        7.22195868548E+03
1.05120E+01        7.21439968514E+03
1.05180E+01        7.20685249590E+03
1.05240E+01        7.19931709328E+03
1.05300E+01        7.19179345286E+03
1.05360E+01        7.18428155031E+03
1.05420E+01        7.17678136132E+03
1.05480E+01        7.16929286167E+03
1.05540E+01        7.16181602719E+03
1.05600E+01        7.15435083379E+03
1.05660E+01        7.14689725743E+03
1.05720E+01        7.13945527412E+03
1.05780E+01        7.13202485995E+03
1.05840E+01        7.12460599106E+03
1.05900E+01        7.11719864366E+03
1.05960E+01        7.10980279401E+03
1.06020E+01        7.10241841845E+03
1.06080E+01        7.09504549336E+03
1.06140E+01        7.08768399518E+03
1.06200E+01        7.08033390043E+03
1.06260E+01        7.07299518568E+03
1.06320E+01        7.06566782754E+03
1.06380E+01        7.05835180272E+03
1.06440E+01        7.05104708796E+03
1.06500E+01        7.04375366006E+03
1.06560E+01        7.03647149589E+03
1.06620E+01        7.02920057238E+03
1.06680E+01        7.02194086650E+03
1.06740E+01        7.01469235530E+03
1.06800E+01        7.00745501589E+03
1.06860E+01        7.00022882541E+03
1.06920E+01        6.99301376110E+03
1.06980E+01        6.98580980021E+03
1.07040E+01        6.97861692008E+03
1.07100E+01        6.97143509811E+03
1.07160E+01        6.96426431174E+03
1.07220E+01        6.95710453847E+03
1.07280E+01        6.94995575587E+03
1.07340E+01        6.94281794155E+03
1.07400E+01        6.93569107318E+03
1.07460E+01        6.92857512851E+03
1.07520E+01        6.92147008532E+03
1.07580E+01        6.91437592144E+03
1.07640E+01        6.90729261479E+03
1.07700E+01        6.90022014331E+03
1.07760E+01        6.89315848502E+03
