output/Noodles_2021-02-26/SED_04.dat
# %ECSV 0.9
# ---
# datatype:
# - {name: wavelength, unit: micron, datatype: float64}
# - {name: flux, unit: microJansky, datatype: float64}
# schema: astropy-2.0
#
#
#  - - File generated by ExoNoodle - -
#         V1.0.0 - MML (CEA-Saclay)
#       2021-02-26 14:01:48.325215
wavelength flux 
[from data line 1730]
1.33800E+01        4.60253515644E+03
1.33860E+01        4.59867580592E+03
1.33920E+01        4.59482129580E+03
1.33980E+01        4.59097161801E+03
1.34040E+01        4.58712676450E+03
1.34100E+01        4.58328672723E+03
1.34160E+01        4.57945149819E+03
1.34220E+01        4.57562106937E+03
1.34280E+01        4.57179543278E+03
1.34340E+01        4.56797458046E+03
1.34400E+01        4.56415850444E+03
1.34460E+01        4.56034719681E+03
1.34520E+01        4.55654064962E+03
1.34580E+01        4.55273885499E+03
1.34640E+01        4.54894180502E+03
1.34700E+01        4.54514949185E+03
1.34760E+01        4.54136190761E+03
1.34820E+01        4.53757904446E+03
1.34880E+01        4.53380089460E+03
1.34940E+01        4.53002745020E+03
1.35000E+01        4.52625870348E+03
1.35060E+01        4.52249464667E+03
1.35120E+01        4.51873527200E+03
1.35180E+01        4.51498057174E+03
1.35240E+01        4.51123053815E+03
1.35300E+01        4.50748516353E+03
1.35360E+01        4.50374444019E+03
1.35420E+01        4.50000836044E+03
1.35480E+01        4.49627691662E+03
1.35540E+01        4.49255010109E+03
1.35600E+01        4.48882790621E+03
1.35660E+01        4.48511032437E+03
1.35720E+01        4.48139734796E+03
1.35780E+01        4.47768896941E+03
1.35840E+01        4.47398518114E+03
1.35900E+01        4.47028597560E+03
1.35960E+01        4.46659134526E+03
1.36020E+01        4.46290128259E+03
1.36080E+01        4.45921578008E+03
1.36140E+01        4.45553483024E+03
1.36200E+01        4.45185842559E+03
1.36260E+01        4.44818655869E+03
1.36320E+01        4.44451922207E+03
1.36380E+01        4.44085640830E+03
1.36440E+01        4.43719810999E+03
1.36500E+01        4.43354431971E+03
1.36560E+01        4.42989503009E+03
1.36620E+01        4.42625023376E+03
1.36680E+01        4.42260992336E+03
1.36740E+01        4.41897409156E+03
1.36800E+01        4.41534273102E+03
1.36860E+01        4.41171583444E+03
1.36920E+01        4.40809339452E+03
1.36980E+01        4.40447540399E+03
1.37040E+01        4.40086185557E+03
1.37100E+01        4.39725274202E+03
1.37160E+01        4.39364805609E+03
1.37220E+01        4.39004779058E+03
1.37280E+01        4.38645193827E+03
1.37340E+01        4.38286049196E+03
1.37400E+01        4.37927344450E+03
1.37460E+01        4.37569078870E+03
1.37520E+01        4.37211251742E+03
1.37580E+01        4.36853862353E+03
1.37640E+01        4.36496909991E+03
1.37700E+01        4.36140393945E+03
1.37760E+01        4.35784313507E+03
1.37820E+01        4.35428667968E+03
1.37880E+01        4.35073456623E+03
1.37940E+01        4.34718678766E+03
1.38000E+01        4.34364333696E+03
1.38060E+01        4.34010420708E+03
1.38120E+01        4.33656939104E+03
1.38180E+01        4.33303888184E+03
1.38240E+01        4.32951267250E+03
1.38300E+01        4.32599075607E+03
1.38360E+01        4.32247312558E+03
1.38420E+01        4.31895977412E+03
1.38480E+01        4.31545069475E+03
1.38540E+01        4.31194588058E+03
1.38600E+01        4.30844532470E+03
1.38660E+01        4.30494902024E+03
1.38720E+01        4.30145696034E+03
1.38780E+01        4.29796913814E+03
1.38840E+01        4.29448554681E+03
1.38900E+01        4.29100617953E+03
1.38960E+01        4.28753102948E+03
1.39020E+01        4.28406008986E+03
1.39080E+01        4.28059335390E+03
1.39140E+01        4.27713081483E+03
1.39200E+01        4.27367246589E+03
1.39260E+01        4.27021830033E+03
1.39320E+01        4.26676831144E+03
1.39380E+01        4.26332249250E+03
1.39440E+01        4.25988083680E+03
1.39500E+01        4.25644333766E+03
1.39560E+01        4.25300998840E+03
1.39620E+01        4.24958078236E+03
1.39680E+01        4.24615571290E+03
1.39740E+01        4.24273477337E+03
1.39800E+01        4.23931795717E+03
1.39860E+01        4.23590525768E+03
1.39920E+01        4.23249666830E+03
1.39980E+01        4.22909218245E+03
1.40040E+01        4.22569179357E+03
