exonoodle/TauREX/WASP43b_transmission_exonoodle.txt
# %ECSV 0.9
# ---
# datatype:
# - {name: wavelength, unit: micron, datatype: float64, format: .5f}
# - {name: flux_ratio, datatype: float64, format: .3e}
# meta: !!omap
# - __serialized_columns__:
#     wavelength:
#       __class__: astropy.units.quantity.Quantity
#       __info__: {format: .5f}
#       unit: !astropy.units.Unit {unit: micron}
#       value: !astropy.table.SerializedColumn {name: wavelength}
# schema: astropy-2.0
wavelength flux_ratio
[from data line 59104]
0.97231 2.130e-02
0.97225 2.130e-02
0.97218 2.130e-02
0.97212 2.130e-02
0.97205 2.130e-02
0.97199 2.130e-02
0.97192 2.130e-02
0.97186 2.130e-02
0.97179 2.130e-02
0.97173 2.130e-02
0.97166 2.130e-02
0.97160 2.130e-02
0.97153 2.130e-02
0.97147 2.130e-02
0.97140 2.130e-02
0.97134 2.130e-02
0.97128 2.130e-02
0.97121 2.130e-02
0.97115 2.130e-02
0.97108 2.130e-02
0.97102 2.130e-02
0.97095 2.130e-02
0.97089 2.130e-02
0.97082 2.130e-02
0.97076 2.130e-02
0.97069 2.130e-02
0.97063 2.131e-02
0.97056 2.131e-02
0.97050 2.131e-02
0.97043 2.131e-02
0.97037 2.131e-02
0.97030 2.131e-02
0.97024 2.131e-02
0.97018 2.131e-02
0.97011 2.131e-02
0.97005 2.131e-02
0.96998 2.131e-02
0.96992 2.131e-02
0.96985 2.131e-02
0.96979 2.131e-02
0.96972 2.131e-02
0.96966 2.131e-02
0.96959 2.131e-02
0.96953 2.131e-02
0.96946 2.131e-02
0.96940 2.131e-02
0.96933 2.131e-02
0.96927 2.131e-02
0.96921 2.131e-02
0.96914 2.131e-02
0.96908 2.131e-02
0.96901 2.131e-02
0.96895 2.131e-02
0.96888 2.131e-02
0.96882 2.131e-02
0.96875 2.131e-02
0.96869 2.131e-02
0.96862 2.131e-02
0.96856 2.131e-02
0.96850 2.131e-02
0.96843 2.131e-02
0.96837 2.131e-02
0.96830 2.131e-02
0.96824 2.131e-02
0.96817 2.131e-02
0.96811 2.131e-02
0.96804 2.131e-02
0.96798 2.131e-02
0.96791 2.131e-02
0.96785 2.131e-02
0.96779 2.131e-02
0.96772 2.131e-02
0.96766 2.131e-02
0.96759 2.132e-02
0.96753 2.131e-02
0.96746 2.131e-02
0.96740 2.131e-02
0.96733 2.131e-02
0.96727 2.131e-02
0.96720 2.131e-02
0.96714 2.131e-02
0.96708 2.131e-02
0.96701 2.131e-02
0.96695 2.131e-02
0.96688 2.131e-02
0.96682 2.131e-02
0.96675 2.131e-02
0.96669 2.131e-02
0.96662 2.131e-02
0.96656 2.131e-02
0.96650 2.131e-02
0.96643 2.131e-02
0.96637 2.131e-02
0.96630 2.131e-02
0.96624 2.132e-02
0.96617 2.131e-02
0.96611 2.131e-02
0.96604 2.131e-02
0.96598 2.131e-02
0.96592 2.131e-02
0.96585 2.131e-02
0.96579 2.131e-02
0.96572 2.131e-02
0.96566 2.131e-02
0.96559 2.131e-02
0.96553 2.131e-02
0.96547 2.131e-02
0.96540 2.131e-02
0.96534 2.131e-02
0.96527 2.131e-02
0.96521 2.131e-02
0.96514 2.131e-02
0.96508 2.131e-02
0.96501 2.131e-02
0.96495 2.131e-02
0.96489 2.131e-02
0.96482 2.131e-02
0.96476 2.131e-02
0.96469 2.131e-02
0.96463 2.131e-02
0.96456 2.131e-02
0.96450 2.131e-02
0.96444 2.131e-02
0.96437 2.131e-02
0.96431 2.131e-02
0.96424 2.132e-02
0.96418 2.132e-02
0.96411 2.132e-02
0.96405 2.132e-02
0.96399 2.132e-02
0.96392 2.132e-02
0.96386 2.132e-02
0.96379 2.132e-02
0.96373 2.132e-02
0.96366 2.132e-02
0.96360 2.132e-02
0.96354 2.132e-02
0.96347 2.132e-02
0.96341 2.132e-02
0.96334 2.132e-02
0.96328 2.132e-02
0.96322 2.132e-02
0.96315 2.132e-02
0.96309 2.132e-02
0.96302 2.132e-02
0.96296 2.132e-02
0.96289 2.132e-02
0.96283 2.132e-02
0.96277 2.132e-02
0.96270 2.132e-02
0.96264 2.132e-02
0.96257 2.132e-02
0.96251 2.132e-02
0.96245 2.132e-02
0.96238 2.132e-02
0.96232 2.132e-02
0.96225 2.132e-02
0.96219 2.132e-02
0.96212 2.132e-02
0.96206 2.132e-02
0.96200 2.132e-02
0.96193 2.132e-02
0.96187 2.132e-02
0.96180 2.132e-02
0.96174 2.132e-02
0.96168 2.132e-02
0.96161 2.132e-02
0.96155 2.132e-02
0.96148 2.132e-02
0.96142 2.132e-02
0.96135 2.132e-02
0.96129 2.132e-02
0.96123 2.132e-02
0.96116 2.132e-02
0.96110 2.132e-02
0.96103 2.132e-02
0.96097 2.132e-02
0.96091 2.132e-02
0.96084 2.132e-02
0.96078 2.132e-02
0.96071 2.132e-02
0.96065 2.132e-02
0.96059 2.132e-02
0.96052 2.132e-02
0.96046 2.132e-02
0.96039 2.132e-02
0.96033 2.132e-02
0.96027 2.132e-02
0.96020 2.132e-02
0.96014 2.132e-02
0.96007 2.132e-02
0.96001 2.132e-02
0.95995 2.132e-02
0.95988 2.132e-02
0.95982 2.132e-02
0.95975 2.132e-02
0.95969 2.132e-02
0.95963 2.132e-02
0.95956 2.132e-02
0.95950 2.132e-02
0.95943 2.132e-02
0.95937 2.132e-02
0.95931 2.132e-02
0.95924 2.132e-02
0.95918 2.132e-02
0.95911 2.132e-02
0.95905 2.132e-02
0.95899 2.132e-02
0.95892 2.132e-02
0.95886 2.132e-02
0.95879 2.132e-02
0.95873 2.132e-02
0.95867 2.132e-02
0.95860 2.132e-02
0.95854 2.132e-02
0.95848 2.132e-02
0.95841 2.132e-02
0.95835 2.132e-02
0.95828 2.132e-02
0.95822 2.132e-02
0.95816 2.132e-02
0.95809 2.132e-02
0.95803 2.133e-02
0.95796 2.133e-02
0.95790 2.133e-02
0.95784 2.133e-02
0.95777 2.133e-02
0.95771 2.133e-02
0.95764 2.133e-02
0.95758 2.133e-02
0.95752 2.133e-02
0.95745 2.133e-02
0.95739 2.133e-02
0.95733 2.133e-02
0.95726 2.133e-02
0.95720 2.133e-02
0.95713 2.133e-02
0.95707 2.133e-02
0.95701 2.133e-02
0.95694 2.133e-02
0.95688 2.133e-02
0.95682 2.133e-02
0.95675 2.133e-02
0.95669 2.133e-02
0.95662 2.133e-02
0.95656 2.133e-02
0.95650 2.133e-02
0.95643 2.133e-02
0.95637 2.133e-02
0.95631 2.133e-02
0.95624 2.133e-02
0.95618 2.133e-02
0.95611 2.133e-02
0.95605 2.133e-02
0.95599 2.133e-02
0.95592 2.133e-02
0.95586 2.133e-02
0.95580 2.133e-02
0.95573 2.133e-02
0.95567 2.133e-02
0.95560 2.133e-02
0.95554 2.133e-02
0.95548 2.133e-02
0.95541 2.133e-02
0.95535 2.133e-02
0.95529 2.133e-02
0.95522 2.133e-02
0.95516 2.133e-02
0.95509 2.133e-02
0.95503 2.133e-02
0.95497 2.133e-02
0.95490 2.133e-02
0.95484 2.133e-02
0.95478 2.133e-02
0.95471 2.133e-02
0.95465 2.133e-02
0.95459 2.133e-02
0.95452 2.133e-02
0.95446 2.133e-02
0.95439 2.133e-02
0.95433 2.133e-02
0.95427 2.133e-02
0.95420 2.133e-02
0.95414 2.133e-02
0.95408 2.133e-02
0.95401 2.133e-02
0.95395 2.133e-02
0.95389 2.133e-02
0.95382 2.133e-02
0.95376 2.133e-02
0.95370 2.133e-02
0.95363 2.133e-02
0.95357 2.133e-02
0.95350 2.133e-02
0.95344 2.133e-02
0.95338 2.133e-02
0.95331 2.133e-02
0.95325 2.133e-02
0.95319 2.133e-02
0.95312 2.133e-02
0.95306 2.133e-02
0.95300 2.133e-02
0.95293 2.133e-02
0.95287 2.133e-02
0.95281 2.133e-02
0.95274 2.133e-02
0.95268 2.133e-02
0.95261 2.133e-02
0.95255 2.133e-02
0.95249 2.133e-02
0.95242 2.133e-02
0.95236 2.133e-02
0.95230 2.133e-02
0.95223 2.133e-02
0.95217 2.133e-02
0.95211 2.133e-02
0.95204 2.133e-02
0.95198 2.133e-02
0.95192 2.134e-02
0.95185 2.134e-02
0.95179 2.134e-02
0.95173 2.134e-02
0.95166 2.134e-02
0.95160 2.134e-02
0.95154 2.134e-02
0.95147 2.134e-02
0.95141 2.134e-02
0.95135 2.134e-02
0.95128 2.134e-02
0.95122 2.134e-02
0.95116 2.134e-02
0.95109 2.134e-02
0.95103 2.134e-02
0.95097 2.134e-02
0.95090 2.134e-02
0.95084 2.134e-02
0.95077 2.134e-02
0.95071 2.134e-02
0.95065 2.134e-02
0.95058 2.134e-02
0.95052 2.134e-02
0.95046 2.134e-02
0.95039 2.134e-02
0.95033 2.134e-02
0.95027 2.134e-02
0.95020 2.134e-02
0.95014 2.134e-02
0.95008 2.134e-02
0.95001 2.134e-02
0.94995 2.134e-02
0.94989 2.134e-02
0.94982 2.134e-02
0.94976 2.134e-02
0.94970 2.134e-02
0.94963 2.134e-02
0.94957 2.134e-02
0.94951 2.134e-02
0.94944 2.134e-02
0.94938 2.134e-02
0.94932 2.134e-02
0.94925 2.134e-02
0.94919 2.134e-02
0.94913 2.134e-02
0.94907 2.134e-02
0.94900 2.134e-02
0.94894 2.134e-02
0.94888 2.134e-02
0.94881 2.134e-02
0.94875 2.134e-02
0.94869 2.134e-02
0.94862 2.134e-02
0.94856 2.134e-02
0.94850 2.134e-02
0.94843 2.134e-02
0.94837 2.134e-02
0.94831 2.134e-02
0.94824 2.134e-02
0.94818 2.134e-02
0.94812 2.134e-02
0.94805 2.134e-02
0.94799 2.134e-02
0.94793 2.134e-02
0.94786 2.134e-02
0.94780 2.134e-02
0.94774 2.134e-02
0.94767 2.134e-02
0.94761 2.134e-02
0.94755 2.134e-02
0.94748 2.134e-02
0.94742 2.134e-02
0.94736 2.134e-02
0.94730 2.134e-02
0.94723 2.134e-02
0.94717 2.134e-02
0.94711 2.134e-02
0.94704 2.134e-02
0.94698 2.134e-02
0.94692 2.134e-02
0.94685 2.134e-02
0.94679 2.134e-02
0.94673 2.134e-02
0.94666 2.134e-02
0.94660 2.134e-02
0.94654 2.134e-02
0.94647 2.134e-02
0.94641 2.134e-02
0.94635 2.134e-02
0.94629 2.134e-02
0.94622 2.134e-02
0.94616 2.134e-02
0.94610 2.134e-02
0.94603 2.134e-02
0.94597 2.134e-02
0.94591 2.135e-02
0.94584 2.135e-02
0.94578 2.135e-02
0.94572 2.135e-02
0.94565 2.135e-02
0.94559 2.135e-02
0.94553 2.135e-02
0.94547 2.135e-02
0.94540 2.135e-02
0.94534 2.135e-02
0.94528 2.135e-02
0.94521 2.135e-02
0.94515 2.135e-02
0.94509 2.135e-02
0.94502 2.135e-02
0.94496 2.135e-02
0.94490 2.135e-02
0.94484 2.135e-02
0.94477 2.135e-02
0.94471 2.135e-02
0.94465 2.135e-02
0.94458 2.135e-02
0.94452 2.135e-02
0.94446 2.135e-02
0.94439 2.135e-02
0.94433 2.135e-02
0.94427 2.135e-02
0.94421 2.135e-02
0.94414 2.135e-02
0.94408 2.135e-02
0.94402 2.135e-02
0.94395 2.135e-02
0.94389 2.135e-02
0.94383 2.135e-02
0.94377 2.135e-02
0.94370 2.135e-02
0.94364 2.135e-02
0.94358 2.135e-02
0.94351 2.135e-02
0.94345 2.135e-02
0.94339 2.135e-02
0.94333 2.135e-02
0.94326 2.135e-02
0.94320 2.135e-02
0.94314 2.135e-02
0.94307 2.135e-02
0.94301 2.135e-02
0.94295 2.135e-02
0.94288 2.135e-02
0.94282 2.135e-02
0.94276 2.135e-02
0.94270 2.135e-02
0.94263 2.135e-02
0.94257 2.135e-02
0.94251 2.135e-02
0.94245 2.135e-02
0.94238 2.135e-02
0.94232 2.135e-02
0.94226 2.135e-02
0.94219 2.135e-02
0.94213 2.135e-02
0.94207 2.135e-02
0.94201 2.135e-02
0.94194 2.135e-02
0.94188 2.135e-02
0.94182 2.135e-02
0.94175 2.135e-02
0.94169 2.135e-02
0.94163 2.135e-02
0.94157 2.135e-02
0.94150 2.135e-02
0.94144 2.135e-02
0.94138 2.135e-02
0.94131 2.135e-02
0.94125 2.135e-02
0.94119 2.135e-02
0.94113 2.135e-02
0.94106 2.135e-02
0.94100 2.135e-02
0.94094 2.135e-02
0.94088 2.135e-02
0.94081 2.135e-02
0.94075 2.135e-02
0.94069 2.135e-02
0.94062 2.135e-02
0.94056 2.135e-02
0.94050 2.135e-02
0.94044 2.135e-02
0.94037 2.135e-02
0.94031 2.135e-02
0.94025 2.135e-02
0.94019 2.135e-02
0.94012 2.135e-02
0.94006 2.136e-02
0.94000 2.136e-02
0.93994 2.136e-02
0.93987 2.136e-02
0.93981 2.136e-02
0.93975 2.136e-02
0.93968 2.136e-02
0.93962 2.136e-02
0.93956 2.136e-02
0.93950 2.136e-02
0.93943 2.136e-02
0.93937 2.136e-02
0.93931 2.136e-02
0.93925 2.136e-02
0.93918 2.136e-02
0.93912 2.136e-02
0.93906 2.136e-02
0.93900 2.136e-02
0.93893 2.136e-02
0.93887 2.136e-02
0.93881 2.136e-02
0.93875 2.136e-02
0.93868 2.136e-02
0.93862 2.136e-02
0.93856 2.136e-02
0.93850 2.136e-02
0.93843 2.136e-02
0.93837 2.136e-02
0.93831 2.136e-02
0.93825 2.136e-02
0.93818 2.136e-02
0.93812 2.136e-02
0.93806 2.136e-02
0.93799 2.136e-02
0.93793 2.136e-02
0.93787 2.136e-02
0.93781 2.136e-02
0.93774 2.136e-02
0.93768 2.136e-02
0.93762 2.136e-02
0.93756 2.136e-02
0.93749 2.136e-02
0.93743 2.136e-02
0.93737 2.136e-02
0.93731 2.136e-02
0.93724 2.136e-02
0.93718 2.136e-02
0.93712 2.136e-02
0.93706 2.136e-02
0.93699 2.136e-02
0.93693 2.136e-02
0.93687 2.136e-02
0.93681 2.136e-02
0.93675 2.136e-02
0.93668 2.136e-02
0.93662 2.136e-02
0.93656 2.136e-02
0.93650 2.136e-02
0.93643 2.136e-02
0.93637 2.136e-02
0.93631 2.136e-02
0.93625 2.136e-02
0.93618 2.136e-02
0.93612 2.136e-02
0.93606 2.136e-02
0.93600 2.136e-02
0.93593 2.136e-02
0.93587 2.136e-02
0.93581 2.136e-02
0.93575 2.136e-02
0.93568 2.136e-02
0.93562 2.136e-02
0.93556 2.136e-02
0.93550 2.136e-02
0.93543 2.136e-02
0.93537 2.136e-02
0.93531 2.136e-02
0.93525 2.136e-02
0.93519 2.136e-02
0.93512 2.136e-02
0.93506 2.136e-02
0.93500 2.136e-02
0.93494 2.136e-02
0.93487 2.136e-02
0.93481 2.136e-02
0.93475 2.136e-02
0.93469 2.136e-02
0.93462 2.136e-02
0.93456 2.136e-02
0.93450 2.136e-02
0.93444 2.136e-02
0.93438 2.136e-02
0.93431 2.136e-02
0.93425 2.137e-02
0.93419 2.137e-02
0.93413 2.137e-02
0.93406 2.137e-02
0.93400 2.137e-02
0.93394 2.137e-02
0.93388 2.137e-02
0.93381 2.137e-02
0.93375 2.137e-02
0.93369 2.137e-02
0.93363 2.137e-02
0.93357 2.137e-02
0.93350 2.137e-02
0.93344 2.137e-02
0.93338 2.137e-02
0.93332 2.137e-02
0.93325 2.137e-02
0.93319 2.137e-02
0.93313 2.137e-02
0.93307 2.137e-02
0.93301 2.137e-02
0.93294 2.137e-02
0.93288 2.137e-02
0.93282 2.137e-02
0.93276 2.137e-02
0.93269 2.137e-02
0.93263 2.137e-02
0.93257 2.137e-02
0.93251 2.137e-02
0.93245 2.137e-02
0.93238 2.137e-02
0.93232 2.137e-02
0.93226 2.137e-02
0.93220 2.137e-02
0.93214 2.137e-02
0.93207 2.137e-02
0.93201 2.137e-02
0.93195 2.137e-02
0.93189 2.137e-02
0.93182 2.137e-02
0.93176 2.137e-02
0.93170 2.137e-02
0.93164 2.137e-02
0.93158 2.137e-02
0.93151 2.137e-02
0.93145 2.137e-02
0.93139 2.137e-02
0.93133 2.137e-02
0.93127 2.137e-02
0.93120 2.137e-02
0.93114 2.137e-02
0.93108 2.137e-02
0.93102 2.137e-02
0.93096 2.137e-02
0.93089 2.137e-02
0.93083 2.137e-02
0.93077 2.137e-02
0.93071 2.137e-02
0.93065 2.137e-02
0.93058 2.137e-02
0.93052 2.137e-02
0.93046 2.137e-02
0.93040 2.137e-02
0.93034 2.137e-02
0.93027 2.137e-02
0.93021 2.137e-02
0.93015 2.137e-02
0.93009 2.137e-02
0.93002 2.137e-02
0.92996 2.137e-02
0.92990 2.137e-02
0.92984 2.137e-02
0.92978 2.137e-02
0.92972 2.137e-02
0.92965 2.137e-02
0.92959 2.137e-02
0.92953 2.137e-02
0.92947 2.137e-02
0.92941 2.137e-02
0.92934 2.137e-02
0.92928 2.137e-02
0.92922 2.137e-02
0.92916 2.137e-02
0.92910 2.137e-02
0.92903 2.137e-02
0.92897 2.137e-02
0.92891 2.137e-02
0.92885 2.137e-02
0.92879 2.137e-02
0.92872 2.137e-02
0.92866 2.137e-02
0.92860 2.138e-02
0.92854 2.138e-02
0.92848 2.138e-02
0.92841 2.138e-02
0.92835 2.138e-02
0.92829 2.138e-02
0.92823 2.138e-02
0.92817 2.138e-02
0.92810 2.138e-02
0.92804 2.138e-02
0.92798 2.138e-02
0.92792 2.138e-02
0.92786 2.138e-02
0.92780 2.138e-02
0.92773 2.138e-02
0.92767 2.138e-02
0.92761 2.138e-02
0.92755 2.138e-02
0.92749 2.138e-02
0.92742 2.138e-02
0.92736 2.138e-02
0.92730 2.138e-02
0.92724 2.138e-02
0.92718 2.138e-02
0.92712 2.138e-02
0.92705 2.138e-02
0.92699 2.138e-02
0.92693 2.138e-02
0.92687 2.138e-02
0.92681 2.138e-02
0.92674 2.138e-02
0.92668 2.138e-02
0.92662 2.138e-02
0.92656 2.138e-02
0.92650 2.138e-02
0.92644 2.138e-02
0.92637 2.138e-02
0.92631 2.138e-02
0.92625 2.138e-02
0.92619 2.138e-02
0.92613 2.138e-02
0.92607 2.138e-02
0.92600 2.138e-02
0.92594 2.138e-02
0.92588 2.138e-02
0.92582 2.138e-02
0.92576 2.138e-02
0.92570 2.138e-02
0.92563 2.138e-02
0.92557 2.138e-02
0.92551 2.138e-02
0.92545 2.138e-02
0.92539 2.138e-02
0.92532 2.138e-02
0.92526 2.138e-02
0.92520 2.138e-02
0.92514 2.138e-02
0.92508 2.138e-02
0.92502 2.138e-02
0.92495 2.138e-02
0.92489 2.138e-02
0.92483 2.138e-02
0.92477 2.138e-02
0.92471 2.138e-02
0.92465 2.138e-02
0.92458 2.138e-02
0.92452 2.138e-02
0.92446 2.138e-02
0.92440 2.138e-02
0.92434 2.138e-02
0.92428 2.138e-02
0.92422 2.138e-02
0.92415 2.138e-02
0.92409 2.138e-02
0.92403 2.138e-02
0.92397 2.138e-02
0.92391 2.138e-02
0.92385 2.138e-02
0.92378 2.138e-02
0.92372 2.138e-02
0.92366 2.138e-02
0.92360 2.138e-02
0.92354 2.138e-02
0.92348 2.138e-02
0.92341 2.138e-02
0.92335 2.138e-02
0.92329 2.138e-02
0.92323 2.138e-02
0.92317 2.138e-02
0.92311 2.138e-02
0.92305 2.138e-02
0.92298 2.139e-02
0.92292 2.139e-02
0.92286 2.139e-02
0.92280 2.139e-02
0.92274 2.139e-02
0.92268 2.139e-02
0.92261 2.139e-02
0.92255 2.139e-02
0.92249 2.139e-02
0.92243 2.139e-02
0.92237 2.139e-02
0.92231 2.139e-02
0.92225 2.139e-02
0.92218 2.139e-02
0.92212 2.139e-02
0.92206 2.139e-02
0.92200 2.139e-02
0.92194 2.139e-02
0.92188 2.139e-02
0.92182 2.139e-02
0.92175 2.139e-02
0.92169 2.139e-02
0.92163 2.139e-02
0.92157 2.139e-02
0.92151 2.139e-02
0.92145 2.139e-02
0.92139 2.139e-02
0.92132 2.139e-02
0.92126 2.139e-02
0.92120 2.139e-02
0.92114 2.139e-02
0.92108 2.139e-02
0.92102 2.139e-02
0.92096 2.139e-02
0.92089 2.139e-02
0.92083 2.139e-02
0.92077 2.139e-02
0.92071 2.139e-02
0.92065 2.139e-02
0.92059 2.139e-02
0.92053 2.139e-02
0.92046 2.139e-02
0.92040 2.139e-02
0.92034 2.139e-02
0.92028 2.139e-02
0.92022 2.139e-02
0.92016 2.139e-02
0.92010 2.139e-02
0.92004 2.139e-02
0.91997 2.139e-02
0.91991 2.139e-02
0.91985 2.139e-02
0.91979 2.139e-02
0.91973 2.139e-02
0.91967 2.139e-02
0.91961 2.139e-02
0.91954 2.139e-02
0.91948 2.139e-02
0.91942 2.139e-02
0.91936 2.139e-02
0.91930 2.139e-02
0.91924 2.139e-02
0.91918 2.139e-02
0.91912 2.139e-02
0.91905 2.139e-02
0.91899 2.139e-02
0.91893 2.139e-02
0.91887 2.139e-02
0.91881 2.139e-02
0.91875 2.139e-02
0.91869 2.139e-02
0.91863 2.139e-02
0.91856 2.139e-02
0.91850 2.139e-02
0.91844 2.139e-02
0.91838 2.139e-02
0.91832 2.139e-02
0.91826 2.139e-02
0.91820 2.139e-02
0.91814 2.139e-02
0.91807 2.139e-02
0.91801 2.139e-02
0.91795 2.139e-02
0.91789 2.139e-02
0.91783 2.139e-02
0.91777 2.139e-02
0.91771 2.139e-02
0.91765 2.139e-02
0.91758 2.139e-02
0.91752 2.140e-02
0.91746 2.140e-02
0.91740 2.140e-02
0.91734 2.140e-02
0.91728 2.140e-02
0.91722 2.140e-02
0.91716 2.140e-02
0.91710 2.140e-02
0.91703 2.140e-02
0.91697 2.140e-02
0.91691 2.140e-02
0.91685 2.140e-02
0.91679 2.140e-02
0.91673 2.140e-02
0.91667 2.140e-02
0.91661 2.140e-02
0.91655 2.140e-02
0.91648 2.140e-02
