exonoodle/TauREX/WASP43b_night_emission_exonoodle.txt
# %ECSV 0.9
# ---
# datatype:
# - {name: wavelength, unit: micron, datatype: float64, format: .3f}
# - {name: flux_ratio, datatype: float64, format: .3e}
# meta: !!omap
# - __serialized_columns__:
#     wavelength:
#       __class__: astropy.units.quantity.Quantity
#       __info__: {format: .3f}
#       unit: !astropy.units.Unit {unit: micron}
#       value: !astropy.table.SerializedColumn {name: wavelength}
# schema: astropy-2.0
wavelength flux_ratio
[from data line 34492]
5.016 5.804e-04
5.016 4.928e-04
5.016 3.484e-04
5.015 4.114e-04
5.015 5.272e-04
5.014 6.032e-04
5.014 6.545e-04
5.014 6.685e-04
5.013 5.944e-04
5.013 5.025e-04
5.013 6.412e-04
5.012 4.505e-04
5.012 7.124e-04
5.012 7.829e-04
5.011 8.172e-04
5.011 7.822e-04
5.011 8.389e-04
5.010 3.945e-04
5.010 8.220e-04
5.010 3.130e-04
5.009 8.217e-04
5.009 8.532e-04
5.009 8.487e-04
5.008 8.433e-04
5.008 8.229e-04
5.008 8.025e-04
5.007 7.655e-04
5.007 7.067e-04
5.007 6.006e-04
5.006 1.764e-04
5.006 5.884e-04
5.006 6.855e-04
5.005 7.186e-04
5.005 7.187e-04
5.005 6.993e-04
5.004 6.657e-04
5.004 6.166e-04
5.004 5.570e-04
5.003 4.709e-04
5.003 3.289e-04
5.003 4.044e-04
5.002 4.994e-04
5.002 3.618e-04
5.002 5.997e-04
5.001 6.008e-04
5.001 5.212e-04
5.001 6.888e-04
5.000 7.300e-04
5.000 5.142e-04
5.000 5.651e-04
4.999 7.545e-04
4.999 6.738e-04
4.999 8.162e-04
4.998 8.367e-04
4.998 8.444e-04
4.998 8.251e-04
4.997 8.455e-04
4.997 8.404e-04
4.997 8.309e-04
4.996 8.162e-04
4.996 7.942e-04
4.996 7.613e-04
4.995 7.095e-04
4.995 6.201e-04
4.995 4.171e-04
4.994 5.310e-04
4.994 6.570e-04
4.994 7.080e-04
4.993 7.227e-04
4.993 7.165e-04
4.993 6.966e-04
4.992 6.658e-04
4.992 6.227e-04
4.992 5.703e-04
4.991 4.930e-04
4.991 3.838e-04
4.991 1.476e-04
4.990 4.343e-04
4.990 4.677e-04
4.990 5.673e-04
4.989 6.273e-04
4.989 4.593e-04
4.989 2.389e-04
4.988 7.198e-04
4.988 7.523e-04
4.988 7.727e-04
4.987 7.386e-04
4.987 7.984e-04
4.987 8.055e-04
4.986 8.091e-04
4.986 8.090e-04
4.986 8.051e-04
4.985 7.897e-04
4.985 7.841e-04
4.985 7.649e-04
4.985 7.376e-04
4.984 6.987e-04
4.984 6.413e-04
4.984 5.497e-04
4.983 3.588e-04
4.983 4.864e-04
4.983 6.020e-04
4.982 6.377e-04
4.982 6.888e-04
4.982 6.833e-04
4.981 6.800e-04
4.981 6.380e-04
4.981 4.812e-04
4.980 5.090e-04
4.980 5.645e-04
4.980 5.146e-04
4.979 4.341e-04
4.979 3.032e-04
4.979 2.275e-04
4.978 4.821e-04
4.978 5.510e-04
4.978 6.037e-04
4.977 6.460e-04
4.977 6.805e-04
4.977 7.084e-04
4.976 7.312e-04
4.976 7.490e-04
4.976 7.628e-04
4.975 7.719e-04
4.975 7.782e-04
4.975 7.800e-04
4.974 7.775e-04
4.974 7.703e-04
4.974 7.573e-04
4.973 7.372e-04
4.973 7.077e-04
4.973 6.640e-04
4.972 5.955e-04
4.972 4.865e-04
4.972 3.152e-04
4.971 5.270e-04
4.971 6.136e-04
4.971 4.168e-04
4.970 6.551e-04
4.970 5.649e-04
4.970 4.288e-04
4.969 6.271e-04
4.969 6.450e-04
4.969 6.145e-04
4.968 5.270e-04
4.968 5.436e-04
4.968 5.011e-04
4.967 4.217e-04
4.967 2.985e-04
4.967 3.739e-04
4.966 4.672e-04
4.966 5.342e-04
4.966 5.862e-04
4.965 6.281e-04
4.965 6.624e-04
4.965 6.905e-04
4.964 7.133e-04
4.964 7.318e-04
4.964 7.459e-04
4.963 7.561e-04
4.963 7.614e-04
4.963 7.635e-04
4.962 7.612e-04
4.962 7.521e-04
4.962 7.345e-04
4.961 7.036e-04
4.961 6.451e-04
4.961 5.622e-04
4.960 3.404e-04
4.960 5.147e-04
4.960 6.071e-04
4.959 5.601e-04
4.959 4.040e-04
4.959 6.283e-04
4.958 4.822e-04
4.958 6.634e-04
4.958 6.510e-04
4.957 2.236e-04
4.957 6.247e-04
4.957 6.120e-04
4.956 5.758e-04
4.956 5.279e-04
4.956 4.662e-04
4.955 3.829e-04
4.955 1.225e-04
4.955 3.951e-04
4.954 4.747e-04
4.954 5.345e-04
4.954 5.820e-04
4.953 6.203e-04
4.953 6.519e-04
4.953 6.773e-04
4.952 6.977e-04
4.952 7.129e-04
4.952 7.170e-04
4.951 7.286e-04
4.951 7.305e-04
4.951 7.246e-04
4.950 7.097e-04
4.950 6.820e-04
4.950 6.335e-04
4.949 5.459e-04
4.949 3.285e-04
4.949 4.547e-04
4.948 4.738e-04
4.948 4.979e-04
4.948 6.665e-04
4.947 6.774e-04
4.947 6.714e-04
4.947 5.343e-04
4.946 6.354e-04
4.946 6.701e-04
4.946 6.602e-04
4.945 6.390e-04
4.945 6.106e-04
4.945 5.750e-04
4.944 5.313e-04
4.944 4.768e-04
4.944 4.059e-04
4.943 2.986e-04
4.943 3.467e-04
4.943 4.341e-04
4.942 4.976e-04
4.942 5.469e-04
4.942 5.868e-04
4.941 6.184e-04
4.941 6.432e-04
4.941 6.616e-04
4.941 6.735e-04
4.940 6.788e-04
4.940 6.763e-04
4.940 6.644e-04
4.939 6.399e-04
4.939 5.960e-04
4.939 4.322e-04
4.938 1.442e-04
4.938 2.910e-04
4.938 4.913e-04
4.937 5.751e-04
4.937 6.040e-04
4.937 6.408e-04
4.936 5.201e-04
4.936 6.297e-04
4.936 6.742e-04
4.935 6.790e-04
4.935 6.735e-04
4.935 6.581e-04
4.934 6.443e-04
4.934 6.220e-04
4.934 5.941e-04
4.933 5.598e-04
4.933 5.183e-04
4.933 4.667e-04
4.932 4.003e-04
4.932 3.030e-04
4.932 3.309e-04
4.931 4.168e-04
4.931 4.787e-04
4.931 5.267e-04
4.930 5.644e-04
4.930 5.934e-04
4.930 6.141e-04
4.929 6.255e-04
4.929 6.164e-04
4.929 5.700e-04
4.928 5.648e-04
4.928 2.850e-04
4.928 5.180e-04
4.927 4.868e-04
4.927 3.288e-04
4.927 4.360e-04
4.926 5.372e-04
4.926 5.799e-04
4.926 2.495e-04
4.925 6.093e-04
4.925 6.435e-04
4.925 6.481e-04
4.924 6.437e-04
4.924 6.125e-04
4.924 6.260e-04
4.923 6.114e-04
4.923 5.934e-04
4.923 5.722e-04
4.922 5.475e-04
4.922 5.190e-04
4.922 4.860e-04
4.921 4.475e-04
4.921 4.017e-04
4.921 3.445e-04
4.920 2.288e-04
4.920 3.243e-04
4.920 3.865e-04
4.919 4.341e-04
4.919 2.353e-04
4.919 5.040e-04
4.918 3.769e-04
4.918 5.174e-04
4.918 1.282e-04
4.918 5.338e-04
4.917 5.732e-04
4.917 5.650e-04
4.917 5.191e-04
4.916 3.638e-04
4.916 4.510e-04
4.916 4.997e-04
4.915 5.742e-04
4.915 6.195e-04
4.915 6.367e-04
4.914 6.440e-04
4.914 6.455e-04
4.914 6.430e-04
4.913 6.373e-04
4.913 6.285e-04
4.913 6.171e-04
4.912 6.030e-04
4.912 5.862e-04
4.912 5.666e-04
4.911 5.438e-04
4.911 5.177e-04
4.911 4.877e-04
4.910 4.529e-04
4.910 4.116e-04
4.910 2.510e-04
4.909 2.961e-04
4.909 2.777e-04
4.909 3.525e-04
4.908 4.019e-04
4.908 4.199e-04
4.908 4.150e-04
4.907 4.961e-04
4.907 5.268e-04
4.907 5.468e-04
4.906 5.556e-04
4.906 5.437e-04
4.906 4.845e-04
4.905 1.472e-04
4.905 4.718e-04
4.905 5.579e-04
4.904 6.011e-04
4.904 6.265e-04
4.904 6.427e-04
4.903 6.531e-04
4.903 6.590e-04
4.903 6.624e-04
4.902 6.627e-04
4.902 6.599e-04
4.902 6.544e-04
4.901 6.455e-04
4.901 6.347e-04
4.901 6.193e-04
4.900 5.929e-04
4.900 5.569e-04
4.900 5.558e-04
4.900 5.251e-04
4.899 4.902e-04
4.899 4.464e-04
4.899 3.920e-04
4.898 3.203e-04
4.898 2.265e-04
4.898 3.617e-04
4.897 4.220e-04
4.897 4.695e-04
4.897 5.072e-04
4.896 5.353e-04
4.896 5.514e-04
4.896 5.463e-04
4.895 3.444e-04
4.895 4.012e-04
4.895 3.999e-04
4.894 5.267e-04
4.894 5.860e-04
4.894 6.195e-04
4.893 6.402e-04
4.893 6.524e-04
4.893 6.613e-04
4.892 6.658e-04
4.892 6.667e-04
4.892 6.641e-04
4.891 6.280e-04
4.891 2.472e-04
4.891 6.390e-04
4.890 6.337e-04
4.890 4.769e-04
4.890 6.042e-04
4.889 5.846e-04
4.889 5.599e-04
4.889 5.283e-04
4.888 4.766e-04
4.888 1.963e-04
4.888 4.215e-04
4.887 3.394e-04
4.887 2.989e-04
4.887 2.863e-04
4.886 3.662e-04
4.886 4.216e-04
4.886 4.641e-04
4.885 4.857e-04
4.885 4.913e-04
4.885 5.004e-04
4.885 4.188e-04
4.884 3.624e-04
4.884 5.009e-04
4.884 5.591e-04
4.883 5.902e-04
4.883 6.088e-04
4.883 5.335e-04
4.882 6.237e-04
4.882 5.213e-04
4.882 6.227e-04
4.881 5.978e-04
4.881 6.206e-04
4.881 6.140e-04
4.880 5.873e-04
4.880 5.960e-04
4.880 5.818e-04
4.879 5.635e-04
4.879 5.361e-04
4.879 4.617e-04
4.878 4.065e-04
4.878 4.810e-04
4.878 4.653e-04
4.877 4.376e-04
4.877 4.037e-04
4.877 3.637e-04
4.876 3.138e-04
4.876 1.030e-04
4.876 3.039e-04
4.875 3.543e-04
4.875 3.961e-04
4.875 4.274e-04
4.874 4.411e-04
4.874 3.802e-04
4.874 3.867e-04
4.873 4.804e-04
4.873 5.187e-04
4.873 2.194e-04
4.872 5.589e-04
4.872 5.742e-04
4.872 4.853e-04
4.871 5.899e-04
4.871 5.967e-04
4.871 5.988e-04
4.871 5.982e-04
4.870 5.945e-04
4.870 5.864e-04
4.870 5.706e-04
4.869 5.265e-04
4.869 1.474e-04
4.869 5.029e-04
4.868 5.319e-04
4.868 5.151e-04
4.868 5.083e-04
4.867 4.876e-04
4.867 4.632e-04
4.867 4.351e-04
4.866 4.027e-04
4.866 3.647e-04
4.866 3.197e-04
4.865 2.449e-04
4.865 2.842e-04
4.865 3.393e-04
4.864 3.786e-04
4.864 3.962e-04
4.864 1.244e-04
4.863 4.244e-04
4.863 4.736e-04
4.863 5.027e-04
4.862 5.247e-04
4.862 5.439e-04
4.862 5.596e-04
4.861 5.725e-04
4.861 5.828e-04
4.861 5.901e-04
4.860 5.930e-04
4.860 5.873e-04
4.860 5.526e-04
4.859 3.534e-04
4.859 5.050e-04
4.859 5.783e-04
4.859 5.924e-04
4.858 5.920e-04
4.858 5.854e-04
4.858 5.745e-04
4.857 5.596e-04
4.857 5.411e-04
4.857 5.161e-04
4.856 2.465e-04
4.856 4.622e-04
4.856 4.282e-04
4.855 3.601e-04
4.855 3.305e-04
4.855 2.378e-04
4.854 3.029e-04
4.854 3.598e-04
4.854 3.183e-04
4.853 3.974e-04
4.853 4.584e-04
4.853 4.942e-04
4.852 5.220e-04
4.852 5.450e-04
4.852 5.630e-04
4.851 5.766e-04
4.851 5.853e-04
4.851 5.831e-04
4.850 5.438e-04
4.850 1.874e-04
4.850 5.226e-04
4.849 5.939e-04
4.849 6.113e-04
4.849 6.159e-04
4.848 6.149e-04
4.848 6.092e-04
4.848 6.022e-04
4.848 5.909e-04
4.847 5.015e-04
4.847 4.935e-04
4.847 5.317e-04
4.846 5.074e-04
4.846 5.027e-04
4.846 4.751e-04
4.845 4.425e-04
4.845 4.028e-04
4.845 3.584e-04
4.844 2.995e-04
4.844 2.309e-04
4.844 2.881e-04
4.843 3.633e-04
4.843 4.114e-04
4.843 4.485e-04
4.842 4.799e-04
4.842 5.056e-04
4.842 5.251e-04
4.841 5.323e-04
4.841 4.788e-04
4.841 3.923e-04
4.840 5.505e-04
4.840 5.850e-04
4.840 6.003e-04
4.839 6.084e-04
4.839 5.867e-04
4.839 6.143e-04
4.838 6.128e-04
4.838 5.810e-04
4.838 5.914e-04
4.838 4.731e-04
4.837 5.676e-04
4.837 5.728e-04
4.837 5.608e-04
4.836 4.850e-04
4.836 5.242e-04
4.836 5.012e-04
4.835 4.743e-04
4.835 4.432e-04
4.835 4.072e-04
4.834 3.648e-04
4.834 3.124e-04
4.834 1.378e-04
4.833 2.999e-04
4.833 3.552e-04
4.833 3.986e-04
4.832 4.334e-04
4.832 4.502e-04
4.832 1.219e-04
4.831 4.886e-04
4.831 5.278e-04
4.831 5.502e-04
4.830 5.669e-04
4.830 5.800e-04
4.830 5.894e-04
4.829 5.975e-04
4.829 6.019e-04
4.829 6.020e-04
4.828 5.863e-04
4.828 4.415e-04
4.828 5.912e-04
4.828 5.919e-04
4.827 5.875e-04
4.827 5.786e-04
4.827 5.664e-04
4.826 5.515e-04
4.826 5.340e-04
4.826 5.135e-04
4.825 4.896e-04
4.825 4.618e-04
4.825 4.289e-04
4.824 3.870e-04
4.824 1.919e-04
4.824 3.085e-04
4.823 1.362e-04
4.823 2.962e-04
4.823 1.172e-04
4.822 3.899e-04
4.822 4.284e-04
4.822 4.603e-04
4.821 4.874e-04
4.821 5.108e-04
4.821 3.387e-04
4.820 5.476e-04
4.820 5.621e-04
4.820 5.727e-04
4.819 5.760e-04
4.819 4.059e-04
4.819 5.795e-04
4.819 5.943e-04
4.818 5.968e-04
4.818 5.956e-04
4.818 5.916e-04
4.817 5.852e-04
4.817 5.560e-04
4.817 5.532e-04
4.816 5.512e-04
4.816 5.342e-04
4.816 5.143e-04
4.815 4.907e-04
4.815 4.606e-04
4.815 4.159e-04
4.814 2.346e-04
4.814 3.643e-04
4.814 3.281e-04
4.813 2.868e-04
4.813 2.233e-04
4.813 3.111e-04
4.812 3.342e-04
4.812 4.004e-04
4.812 4.347e-04
4.811 4.642e-04
4.811 4.896e-04
4.811 4.126e-04
4.811 5.277e-04
4.810 4.547e-04
4.810 5.514e-04
4.810 5.685e-04
4.809 5.777e-04
4.809 5.832e-04
4.809 5.874e-04
4.808 5.799e-04
4.808 5.872e-04
4.808 5.841e-04
4.807 5.781e-04
4.807 5.666e-04
4.807 5.581e-04
4.806 5.435e-04
4.806 5.248e-04
4.806 5.001e-04
4.805 4.622e-04
4.805 3.398e-04
4.805 2.870e-04
4.804 4.032e-04
4.804 3.910e-04
4.804 3.554e-04
4.803 3.075e-04
4.803 2.202e-04
4.803 2.837e-04
4.802 3.382e-04
4.802 3.808e-04
4.802 4.167e-04
4.802 4.437e-04
4.801 3.745e-04
4.801 4.963e-04
4.801 5.166e-04
4.800 5.339e-04
4.800 5.484e-04
4.800 5.598e-04
4.799 5.685e-04
4.799 5.747e-04
4.799 5.785e-04
4.798 5.796e-04
4.798 5.782e-04
4.798 5.739e-04
4.797 5.663e-04
4.797 5.541e-04
4.797 5.132e-04
4.796 4.339e-04
4.796 4.594e-04
4.796 4.490e-04
4.795 3.145e-04
4.795 3.996e-04
4.795 4.375e-04
4.794 3.398e-04
4.794 3.935e-04
4.794 3.558e-04
4.794 3.092e-04
4.793 2.329e-04
4.793 2.745e-04
4.793 3.303e-04
4.792 3.731e-04
4.792 4.094e-04
4.792 4.406e-04
4.791 4.676e-04
4.791 4.909e-04
4.791 5.108e-04
4.790 5.277e-04
4.790 5.327e-04
4.790 5.527e-04
4.789 5.609e-04
4.789 5.662e-04
4.789 5.679e-04
4.788 5.613e-04
4.788 5.156e-04
4.788 4.182e-04
4.787 5.212e-04
4.787 5.342e-04
4.787 5.125e-04
4.787 4.562e-04
4.786 3.438e-04
4.786 3.931e-04
4.786 4.599e-04
4.785 4.617e-04
4.785 4.437e-04
4.785 4.168e-04
4.784 3.835e-04
4.784 3.438e-04
4.784 2.949e-04
4.783 9.160e-05
4.783 2.859e-04
4.783 3.370e-04
4.782 3.778e-04
4.782 4.127e-04
4.782 4.427e-04
4.781 4.687e-04
4.781 4.909e-04
4.781 5.091e-04
4.780 5.166e-04
4.780 5.290e-04
4.780 5.453e-04
4.779 5.420e-04
4.779 3.699e-04
4.779 3.540e-04
4.779 4.394e-04
4.778 5.537e-04
4.778 5.416e-04
4.778 5.168e-04
4.777 4.614e-04
4.777 2.905e-04
4.777 4.236e-04
4.776 4.817e-04
4.776 4.876e-04
4.776 4.754e-04
4.775 4.467e-04
4.775 4.289e-04
4.775 3.981e-04
4.774 3.616e-04
4.774 3.181e-04
4.774 2.586e-04
4.773 2.467e-04
4.773 3.115e-04
4.773 3.560e-04
4.772 2.698e-04
4.772 4.253e-04
4.772 4.527e-04
4.772 4.654e-04
4.771 4.980e-04
4.771 5.125e-04
4.771 5.285e-04
4.770 5.409e-04
4.770 5.492e-04
4.770 5.540e-04
4.769 5.547e-04
4.769 5.499e-04
4.769 5.361e-04
4.768 5.028e-04
4.768 4.128e-04
4.768 3.409e-04
4.767 4.740e-04
4.767 5.027e-04
4.767 4.805e-04
4.766 4.968e-04
4.766 4.809e-04
4.766 4.593e-04
4.765 4.332e-04
4.765 4.025e-04
4.765 2.843e-04
4.765 3.252e-04
4.764 2.712e-04
4.764 2.215e-04
4.764 3.000e-04
4.763 3.463e-04
4.763 3.842e-04
4.763 3.915e-04
4.762 4.418e-04
4.762 4.701e-04
4.762 4.918e-04
4.761 5.098e-04
4.761 5.243e-04
4.761 5.354e-04
4.760 5.425e-04
4.760 5.438e-04
4.760 5.390e-04
4.759 5.169e-04
4.759 4.497e-04
4.759 2.048e-04
4.759 2.256e-04
4.758 5.134e-04
4.758 4.856e-04
4.758 5.206e-04
4.757 2.108e-04
4.757 4.968e-04
4.757 4.793e-04
4.756 4.564e-04
4.756 4.296e-04
4.756 3.981e-04
4.755 3.592e-04
4.755 3.189e-04
4.755 2.621e-04
4.754 1.228e-04
4.754 3.042e-04
4.754 3.496e-04
4.753 3.876e-04
4.753 4.203e-04
4.753 4.486e-04
4.752 4.699e-04
4.752 4.828e-04
4.752 5.103e-04
4.752 5.231e-04
4.751 5.289e-04
4.751 5.304e-04
4.751 5.086e-04
4.750 3.794e-04
4.750 3.125e-04
4.750 4.787e-04
4.749 5.289e-04
4.749 5.411e-04
4.749 5.414e-04
4.748 5.349e-04
4.748 4.330e-04
4.748 5.097e-04
4.747 4.914e-04
4.747 4.700e-04
4.747 4.431e-04
4.746 3.990e-04
4.746 3.737e-04
4.746 3.446e-04
4.746 2.974e-04
4.745 2.181e-04
4.745 2.692e-04
4.745 3.235e-04
4.744 3.658e-04
4.744 4.019e-04
4.744 4.329e-04
4.743 4.593e-04
4.743 4.812e-04
4.743 4.956e-04
4.742 3.387e-04
4.742 4.960e-04
4.742 5.041e-04
4.741 4.012e-04
4.741 4.321e-04
4.741 5.200e-04
4.740 5.450e-04
4.740 5.539e-04
4.740 5.537e-04
4.740 5.423e-04
4.739 5.384e-04
4.739 5.208e-04
4.739 4.714e-04
4.738 3.826e-04
4.738 4.695e-04
4.738 4.546e-04
4.737 4.283e-04
4.737 3.961e-04
4.737 3.583e-04
4.736 3.134e-04
4.736 2.520e-04
4.736 2.453e-04
4.735 3.095e-04
4.735 2.305e-04
4.735 3.928e-04
4.734 4.238e-04
4.734 4.026e-04
4.734 4.751e-04
4.734 4.937e-04
4.733 5.056e-04
4.733 4.787e-04
4.733 3.759e-04
4.732 5.225e-04
4.732 5.479e-04
4.732 5.538e-04
4.731 5.482e-04
4.731 5.433e-04
4.731 4.715e-04
4.730 3.993e-04
4.730 5.224e-04
4.730 5.300e-04
4.729 5.209e-04
4.729 5.053e-04
4.729 4.852e-04
4.728 4.607e-04
4.728 4.308e-04
4.728 3.943e-04
4.728 3.604e-04
4.727 3.144e-04
4.727 2.521e-04
4.727 2.456e-04
4.726 3.035e-04
4.726 3.570e-04
4.726 3.963e-04
4.725 4.300e-04
4.725 4.499e-04
4.725 4.838e-04
4.724 5.048e-04
4.724 4.925e-04
4.724 5.345e-04
4.723 5.399e-04
4.723 5.239e-04
4.723 3.745e-04
4.722 4.727e-04
4.722 5.471e-04
4.722 5.620e-04
4.722 5.632e-04
4.721 5.563e-04
4.721 4.578e-04
4.721 5.340e-04
4.720 5.250e-04
4.720 5.069e-04
4.720 4.852e-04
4.719 4.583e-04
4.719 4.277e-04
4.719 3.885e-04
4.718 3.495e-04
4.718 3.007e-04
4.718 2.177e-04
4.717 2.708e-04
4.717 3.283e-04
4.717 3.734e-04
4.717 4.096e-04
4.716 4.387e-04
4.716 4.203e-04
4.716 4.261e-04
4.715 4.409e-04
4.715 3.683e-04
4.715 5.102e-04
4.714 5.424e-04
4.714 5.264e-04
4.714 5.535e-04
4.713 5.735e-04
4.713 5.781e-04
4.713 5.769e-04
4.712 5.602e-04
4.712 5.591e-04
4.712 5.542e-04
4.711 5.389e-04
4.711 5.139e-04
4.711 1.857e-04
4.711 4.739e-04
4.710 4.497e-04
4.710 4.158e-04
4.710 3.752e-04
4.709 3.268e-04
4.709 2.596e-04
4.709 2.360e-04
4.708 3.106e-04
4.708 3.595e-04
4.708 3.798e-04
4.707 1.431e-04
4.707 4.232e-04
4.707 4.744e-04
4.706 5.067e-04
4.706 5.308e-04
4.706 5.492e-04
4.706 5.583e-04
4.705 5.721e-04
4.705 5.832e-04
4.705 5.882e-04
4.704 5.887e-04
4.704 5.844e-04
4.704 5.657e-04
4.703 3.684e-04
4.703 5.414e-04
4.703 5.518e-04
4.702 5.391e-04
4.702 5.192e-04
4.702 4.945e-04
4.701 4.651e-04
4.701 4.301e-04
4.701 3.884e-04
4.700 3.386e-04
4.700 1.984e-04
4.700 2.223e-04
4.700 3.081e-04
4.699 1.382e-04
4.699 3.906e-04
4.699 3.901e-04
4.698 4.743e-04
4.698 5.033e-04
4.698 5.288e-04
4.697 5.495e-04
4.697 5.662e-04
4.697 5.785e-04
4.696 5.839e-04
4.696 5.666e-04
4.696 1.781e-04
4.695 5.730e-04
4.695 5.966e-04
4.695 5.983e-04
4.695 5.903e-04
4.694 5.786e-04
4.694 5.643e-04
4.694 5.135e-04
4.693 5.112e-04
