exonoodle/TauREX/WASP43b_transmission_exonoodle.txt
# %ECSV 0.9
# ---
# datatype:
# - {name: wavelength, unit: micron, datatype: float64, format: .5f}
# - {name: flux_ratio, datatype: float64, format: .3e}
# meta: !!omap
# - __serialized_columns__:
#     wavelength:
#       __class__: astropy.units.quantity.Quantity
#       __info__: {format: .5f}
#       unit: !astropy.units.Unit {unit: micron}
#       value: !astropy.table.SerializedColumn {name: wavelength}
# schema: astropy-2.0
wavelength flux_ratio
[from data line 67104]
0.57041 2.244e-02
0.57038 2.244e-02
0.57034 2.244e-02
0.57030 2.244e-02
0.57026 2.244e-02
0.57022 2.244e-02
0.57019 2.244e-02
0.57015 2.244e-02
0.57011 2.244e-02
0.57007 2.244e-02
0.57003 2.244e-02
0.57000 2.244e-02
0.56996 2.244e-02
0.56992 2.244e-02
0.56988 2.245e-02
0.56984 2.245e-02
0.56981 2.245e-02
0.56977 2.245e-02
0.56973 2.245e-02
0.56969 2.245e-02
0.56965 2.245e-02
0.56962 2.245e-02
0.56958 2.245e-02
0.56954 2.245e-02
0.56950 2.245e-02
0.56946 2.245e-02
0.56943 2.245e-02
0.56939 2.245e-02
0.56935 2.245e-02
0.56931 2.245e-02
0.56927 2.245e-02
0.56924 2.245e-02
0.56920 2.245e-02
0.56916 2.245e-02
0.56912 2.245e-02
0.56908 2.245e-02
0.56905 2.245e-02
0.56901 2.245e-02
0.56897 2.245e-02
0.56893 2.245e-02
0.56889 2.245e-02
0.56886 2.245e-02
0.56882 2.245e-02
0.56878 2.245e-02
0.56874 2.245e-02
0.56870 2.245e-02
0.56867 2.245e-02
0.56863 2.245e-02
0.56859 2.245e-02
0.56855 2.245e-02
0.56852 2.245e-02
0.56848 2.245e-02
0.56844 2.245e-02
0.56840 2.245e-02
0.56836 2.245e-02
0.56833 2.245e-02
0.56829 2.245e-02
0.56825 2.245e-02
0.56821 2.245e-02
0.56817 2.245e-02
0.56814 2.245e-02
0.56810 2.245e-02
0.56806 2.245e-02
0.56802 2.245e-02
0.56798 2.245e-02
0.56795 2.245e-02
0.56791 2.245e-02
0.56787 2.245e-02
0.56783 2.245e-02
0.56780 2.245e-02
0.56776 2.245e-02
0.56772 2.245e-02
0.56768 2.245e-02
0.56764 2.246e-02
0.56761 2.246e-02
0.56757 2.246e-02
0.56753 2.246e-02
0.56749 2.246e-02
0.56745 2.246e-02
0.56742 2.246e-02
0.56738 2.246e-02
0.56734 2.246e-02
0.56730 2.246e-02
0.56727 2.246e-02
0.56723 2.246e-02
0.56719 2.246e-02
0.56715 2.246e-02
0.56711 2.246e-02
0.56708 2.246e-02
0.56704 2.246e-02
0.56700 2.246e-02
0.56696 2.246e-02
0.56693 2.246e-02
0.56689 2.246e-02
0.56685 2.246e-02
0.56681 2.246e-02
0.56677 2.246e-02
0.56674 2.246e-02
0.56670 2.246e-02
0.56666 2.246e-02
0.56662 2.246e-02
0.56659 2.246e-02
0.56655 2.246e-02
0.56651 2.246e-02
0.56647 2.246e-02
0.56643 2.246e-02
0.56640 2.246e-02
0.56636 2.246e-02
0.56632 2.246e-02
0.56628 2.246e-02
0.56625 2.246e-02
0.56621 2.246e-02
0.56617 2.246e-02
0.56613 2.246e-02
0.56609 2.246e-02
0.56606 2.246e-02
0.56602 2.246e-02
0.56598 2.246e-02
0.56594 2.246e-02
0.56591 2.246e-02
0.56587 2.246e-02
0.56583 2.246e-02
0.56579 2.246e-02
0.56576 2.246e-02
0.56572 2.246e-02
0.56568 2.246e-02
0.56564 2.246e-02
0.56560 2.246e-02
0.56557 2.246e-02
0.56553 2.246e-02
0.56549 2.246e-02
0.56545 2.246e-02
0.56542 2.247e-02
0.56538 2.247e-02
0.56534 2.247e-02
0.56530 2.247e-02
0.56527 2.247e-02
0.56523 2.247e-02
0.56519 2.247e-02
0.56515 2.247e-02
0.56511 2.247e-02
0.56508 2.247e-02
0.56504 2.247e-02
0.56500 2.247e-02
0.56496 2.247e-02
0.56493 2.247e-02
0.56489 2.247e-02
0.56485 2.247e-02
0.56481 2.247e-02
0.56478 2.247e-02
0.56474 2.247e-02
0.56470 2.247e-02
0.56466 2.247e-02
0.56462 2.247e-02
0.56459 2.247e-02
0.56455 2.247e-02
0.56451 2.247e-02
0.56447 2.247e-02
0.56444 2.247e-02
0.56440 2.247e-02
0.56436 2.247e-02
0.56432 2.247e-02
0.56429 2.247e-02
0.56425 2.247e-02
0.56421 2.247e-02
0.56417 2.247e-02
0.56414 2.247e-02
0.56410 2.247e-02
0.56406 2.247e-02
0.56402 2.247e-02
0.56399 2.247e-02
0.56395 2.247e-02
0.56391 2.247e-02
0.56387 2.247e-02
0.56383 2.247e-02
0.56380 2.247e-02
0.56376 2.247e-02
0.56372 2.247e-02
0.56368 2.247e-02
0.56365 2.247e-02
0.56361 2.247e-02
0.56357 2.247e-02
0.56353 2.247e-02
0.56350 2.247e-02
0.56346 2.247e-02
0.56342 2.247e-02
0.56338 2.247e-02
0.56335 2.247e-02
0.56331 2.247e-02
0.56327 2.247e-02
0.56323 2.247e-02
0.56320 2.248e-02
0.56316 2.248e-02
0.56312 2.248e-02
0.56308 2.248e-02
0.56305 2.248e-02
0.56301 2.248e-02
0.56297 2.248e-02
0.56293 2.248e-02
0.56290 2.248e-02
0.56286 2.248e-02
0.56282 2.248e-02
0.56278 2.248e-02
0.56275 2.248e-02
0.56271 2.248e-02
0.56267 2.248e-02
0.56263 2.248e-02
0.56260 2.248e-02
0.56256 2.248e-02
0.56252 2.248e-02
0.56248 2.248e-02
0.56245 2.248e-02
0.56241 2.248e-02
0.56237 2.248e-02
0.56233 2.248e-02
0.56230 2.248e-02
0.56226 2.248e-02
0.56222 2.248e-02
0.56218 2.248e-02
0.56215 2.248e-02
0.56211 2.248e-02
0.56207 2.248e-02
0.56203 2.248e-02
0.56200 2.248e-02
0.56196 2.248e-02
0.56192 2.248e-02
0.56188 2.248e-02
0.56185 2.248e-02
0.56181 2.248e-02
0.56177 2.248e-02
0.56173 2.248e-02
0.56170 2.248e-02
0.56166 2.248e-02
0.56162 2.248e-02
0.56158 2.248e-02
0.56155 2.248e-02
0.56151 2.248e-02
0.56147 2.248e-02
0.56143 2.248e-02
0.56140 2.248e-02
0.56136 2.248e-02
0.56132 2.248e-02
0.56128 2.248e-02
0.56125 2.248e-02
0.56121 2.248e-02
0.56117 2.248e-02
0.56114 2.248e-02
0.56110 2.248e-02
0.56106 2.248e-02
0.56102 2.248e-02
0.56099 2.249e-02
0.56095 2.249e-02
0.56091 2.249e-02
0.56087 2.249e-02
0.56084 2.249e-02
0.56080 2.249e-02
0.56076 2.249e-02
0.56072 2.249e-02
0.56069 2.249e-02
0.56065 2.249e-02
0.56061 2.249e-02
0.56057 2.249e-02
0.56054 2.249e-02
0.56050 2.249e-02
0.56046 2.249e-02
0.56042 2.249e-02
0.56039 2.249e-02
0.56035 2.249e-02
0.56031 2.249e-02
0.56028 2.249e-02
0.56024 2.249e-02
0.56020 2.249e-02
0.56016 2.249e-02
0.56013 2.249e-02
0.56009 2.249e-02
0.56005 2.249e-02
0.56001 2.249e-02
0.55998 2.249e-02
0.55994 2.249e-02
0.55990 2.249e-02
0.55986 2.249e-02
0.55983 2.249e-02
0.55979 2.249e-02
0.55975 2.249e-02
0.55972 2.249e-02
0.55968 2.249e-02
0.55964 2.249e-02
0.55960 2.249e-02
0.55957 2.249e-02
0.55953 2.249e-02
0.55949 2.249e-02
0.55945 2.249e-02
0.55942 2.249e-02
0.55938 2.249e-02
0.55934 2.249e-02
0.55931 2.249e-02
0.55927 2.249e-02
0.55923 2.249e-02
0.55919 2.249e-02
0.55916 2.249e-02
0.55912 2.249e-02
0.55908 2.249e-02
0.55904 2.249e-02
0.55901 2.249e-02
0.55897 2.249e-02
0.55893 2.249e-02
0.55890 2.249e-02
0.55886 2.249e-02
0.55882 2.249e-02
0.55878 2.250e-02
0.55875 2.250e-02
0.55871 2.250e-02
0.55867 2.250e-02
0.55863 2.250e-02
0.55860 2.250e-02
0.55856 2.250e-02
0.55852 2.250e-02
0.55849 2.250e-02
0.55845 2.250e-02
0.55841 2.250e-02
0.55837 2.250e-02
0.55834 2.250e-02
0.55830 2.250e-02
0.55826 2.250e-02
0.55822 2.250e-02
0.55819 2.250e-02
0.55815 2.250e-02
0.55811 2.250e-02
0.55808 2.250e-02
0.55804 2.250e-02
0.55800 2.250e-02
0.55796 2.250e-02
0.55793 2.250e-02
0.55789 2.250e-02
0.55785 2.250e-02
0.55782 2.250e-02
0.55778 2.250e-02
0.55774 2.250e-02
0.55770 2.250e-02
0.55767 2.250e-02
0.55763 2.250e-02
0.55759 2.250e-02
0.55756 2.250e-02
0.55752 2.250e-02
0.55748 2.250e-02
0.55744 2.250e-02
0.55741 2.250e-02
0.55737 2.250e-02
0.55733 2.250e-02
0.55730 2.250e-02
0.55726 2.250e-02
0.55722 2.250e-02
0.55718 2.250e-02
0.55715 2.250e-02
0.55711 2.250e-02
0.55707 2.250e-02
0.55704 2.250e-02
0.55700 2.250e-02
0.55696 2.250e-02
0.55692 2.250e-02
0.55689 2.250e-02
0.55685 2.250e-02
0.55681 2.250e-02
0.55678 2.250e-02
0.55674 2.250e-02
0.55670 2.250e-02
0.55666 2.250e-02
0.55663 2.250e-02
0.55659 2.251e-02
0.55655 2.251e-02
0.55652 2.251e-02
0.55648 2.251e-02
0.55644 2.251e-02
0.55640 2.251e-02
0.55637 2.251e-02
0.55633 2.251e-02
0.55629 2.251e-02
0.55626 2.251e-02
0.55622 2.251e-02
0.55618 2.251e-02
0.55614 2.251e-02
0.55611 2.251e-02
0.55607 2.251e-02
0.55603 2.251e-02
0.55600 2.251e-02
0.55596 2.251e-02
0.55592 2.251e-02
0.55589 2.251e-02
0.55585 2.251e-02
0.55581 2.251e-02
0.55577 2.251e-02
0.55574 2.251e-02
0.55570 2.251e-02
0.55566 2.251e-02
0.55563 2.251e-02
0.55559 2.251e-02
0.55555 2.251e-02
0.55551 2.251e-02
0.55548 2.251e-02
0.55544 2.251e-02
0.55540 2.251e-02
0.55537 2.251e-02
0.55533 2.251e-02
0.55529 2.251e-02
0.55526 2.251e-02
0.55522 2.251e-02
0.55518 2.251e-02
0.55514 2.251e-02
0.55511 2.251e-02
0.55507 2.251e-02
0.55503 2.251e-02
0.55500 2.251e-02
0.55496 2.251e-02
0.55492 2.251e-02
0.55489 2.251e-02
0.55485 2.251e-02
0.55481 2.251e-02
0.55477 2.251e-02
0.55474 2.251e-02
0.55470 2.251e-02
0.55466 2.251e-02
0.55463 2.251e-02
0.55459 2.251e-02
0.55455 2.251e-02
0.55452 2.251e-02
0.55448 2.251e-02
0.55444 2.251e-02
0.55440 2.252e-02
0.55437 2.252e-02
0.55433 2.252e-02
0.55429 2.252e-02
0.55426 2.252e-02
0.55422 2.252e-02
0.55418 2.252e-02
0.55415 2.252e-02
0.55411 2.252e-02
0.55407 2.252e-02
0.55404 2.252e-02
0.55400 2.252e-02
0.55396 2.252e-02
0.55392 2.252e-02
0.55389 2.252e-02
0.55385 2.252e-02
0.55381 2.252e-02
0.55378 2.252e-02
0.55374 2.252e-02
0.55370 2.252e-02
0.55367 2.252e-02
0.55363 2.252e-02
0.55359 2.252e-02
0.55356 2.252e-02
0.55352 2.252e-02
0.55348 2.252e-02
0.55344 2.252e-02
0.55341 2.252e-02
0.55337 2.252e-02
0.55333 2.252e-02
0.55330 2.252e-02
0.55326 2.252e-02
0.55322 2.252e-02
0.55319 2.252e-02
0.55315 2.252e-02
0.55311 2.252e-02
0.55308 2.252e-02
0.55304 2.252e-02
0.55300 2.252e-02
0.55297 2.252e-02
0.55293 2.252e-02
0.55289 2.252e-02
0.55285 2.252e-02
0.55282 2.252e-02
0.55278 2.252e-02
0.55274 2.252e-02
0.55271 2.252e-02
0.55267 2.252e-02
0.55263 2.252e-02
0.55260 2.252e-02
0.55256 2.252e-02
0.55252 2.252e-02
0.55249 2.252e-02
0.55245 2.252e-02
0.55241 2.252e-02
0.55238 2.252e-02
0.55234 2.252e-02
0.55230 2.252e-02
0.55227 2.252e-02
0.55223 2.253e-02
0.55219 2.253e-02
0.55216 2.253e-02
0.55212 2.253e-02
0.55208 2.253e-02
0.55204 2.253e-02
0.55201 2.253e-02
0.55197 2.253e-02
0.55193 2.253e-02
0.55190 2.253e-02
0.55186 2.253e-02
0.55182 2.253e-02
0.55179 2.253e-02
0.55175 2.253e-02
0.55171 2.253e-02
0.55168 2.253e-02
0.55164 2.253e-02
0.55160 2.253e-02
0.55157 2.253e-02
0.55153 2.253e-02
0.55149 2.253e-02
0.55146 2.253e-02
0.55142 2.253e-02
0.55138 2.253e-02
0.55135 2.253e-02
0.55131 2.253e-02
0.55127 2.253e-02
0.55124 2.253e-02
0.55120 2.253e-02
0.55116 2.253e-02
0.55113 2.253e-02
0.55109 2.253e-02
0.55105 2.253e-02
0.55102 2.253e-02
0.55098 2.253e-02
0.55094 2.253e-02
0.55090 2.253e-02
0.55087 2.253e-02
0.55083 2.253e-02
0.55079 2.253e-02
0.55076 2.253e-02
0.55072 2.253e-02
0.55068 2.253e-02
0.55065 2.253e-02
0.55061 2.253e-02
0.55057 2.253e-02
0.55054 2.253e-02
0.55050 2.253e-02
0.55046 2.253e-02
0.55043 2.253e-02
0.55039 2.253e-02
0.55035 2.253e-02
0.55032 2.253e-02
0.55028 2.253e-02
0.55024 2.253e-02
0.55021 2.253e-02
0.55017 2.253e-02
0.55013 2.253e-02
0.55010 2.254e-02
0.55006 2.254e-02
0.55002 2.254e-02
0.54999 2.254e-02
0.54995 2.254e-02
0.54991 2.254e-02
0.54988 2.254e-02
0.54984 2.254e-02
0.54980 2.254e-02
0.54977 2.254e-02
0.54973 2.254e-02
0.54969 2.254e-02
0.54966 2.254e-02
0.54962 2.254e-02
0.54958 2.254e-02
0.54955 2.254e-02
0.54951 2.254e-02
0.54947 2.254e-02
0.54944 2.254e-02
0.54940 2.254e-02
0.54936 2.254e-02
0.54933 2.254e-02
0.54929 2.254e-02
0.54925 2.254e-02
0.54922 2.254e-02
0.54918 2.254e-02
0.54914 2.254e-02
0.54911 2.254e-02
0.54907 2.254e-02
0.54904 2.254e-02
0.54900 2.254e-02
0.54896 2.254e-02
0.54893 2.254e-02
0.54889 2.254e-02
0.54885 2.254e-02
0.54882 2.254e-02
0.54878 2.254e-02
0.54874 2.254e-02
0.54871 2.254e-02
0.54867 2.254e-02
0.54863 2.254e-02
0.54860 2.254e-02
0.54856 2.254e-02
0.54852 2.254e-02
0.54849 2.254e-02
0.54845 2.254e-02
0.54841 2.254e-02
0.54838 2.254e-02
0.54834 2.254e-02
0.54830 2.254e-02
0.54827 2.254e-02
0.54823 2.254e-02
0.54819 2.254e-02
0.54816 2.254e-02
0.54812 2.254e-02
0.54808 2.254e-02
0.54805 2.254e-02
0.54801 2.254e-02
0.54797 2.254e-02
0.54794 2.255e-02
0.54790 2.255e-02
0.54787 2.255e-02
0.54783 2.255e-02
0.54779 2.255e-02
0.54776 2.255e-02
0.54772 2.255e-02
0.54768 2.255e-02
0.54765 2.255e-02
0.54761 2.255e-02
0.54757 2.255e-02
0.54754 2.255e-02
0.54750 2.255e-02
0.54746 2.255e-02
0.54743 2.255e-02
0.54739 2.255e-02
0.54735 2.255e-02
0.54732 2.255e-02
0.54728 2.255e-02
0.54724 2.255e-02
0.54721 2.255e-02
0.54717 2.255e-02
0.54714 2.255e-02
0.54710 2.255e-02
0.54706 2.255e-02
0.54703 2.255e-02
0.54699 2.255e-02
0.54695 2.255e-02
0.54692 2.255e-02
0.54688 2.255e-02
0.54684 2.255e-02
0.54681 2.255e-02
0.54677 2.255e-02
0.54673 2.255e-02
0.54670 2.255e-02
0.54666 2.255e-02
0.54662 2.255e-02
0.54659 2.255e-02
0.54655 2.255e-02
0.54652 2.255e-02
0.54648 2.255e-02
0.54644 2.255e-02
0.54641 2.255e-02
0.54637 2.255e-02
0.54633 2.255e-02
0.54630 2.255e-02
0.54626 2.255e-02
0.54622 2.255e-02
0.54619 2.255e-02
0.54615 2.255e-02
0.54611 2.255e-02
0.54608 2.255e-02
0.54604 2.255e-02
0.54601 2.255e-02
0.54597 2.255e-02
0.54593 2.255e-02
0.54590 2.255e-02
0.54586 2.255e-02
0.54582 2.256e-02
0.54579 2.256e-02
0.54575 2.256e-02
0.54571 2.256e-02
0.54568 2.256e-02
0.54564 2.256e-02
0.54561 2.256e-02
0.54557 2.256e-02
0.54553 2.256e-02
0.54550 2.256e-02
0.54546 2.256e-02
0.54542 2.256e-02
0.54539 2.256e-02
0.54535 2.256e-02
0.54531 2.256e-02
0.54528 2.256e-02
0.54524 2.256e-02
0.54521 2.256e-02
0.54517 2.256e-02
0.54513 2.256e-02
0.54510 2.256e-02
0.54506 2.256e-02
0.54502 2.256e-02
0.54499 2.256e-02
0.54495 2.256e-02
0.54491 2.256e-02
0.54488 2.256e-02
0.54484 2.256e-02
0.54481 2.256e-02
0.54477 2.256e-02
0.54473 2.256e-02
0.54470 2.256e-02
0.54466 2.256e-02
0.54462 2.256e-02
0.54459 2.256e-02
0.54455 2.256e-02
0.54452 2.256e-02
0.54448 2.256e-02
0.54444 2.256e-02
0.54441 2.256e-02
0.54437 2.256e-02
0.54433 2.256e-02
0.54430 2.256e-02
0.54426 2.256e-02
0.54422 2.256e-02
0.54419 2.256e-02
0.54415 2.256e-02
0.54412 2.256e-02
0.54408 2.256e-02
0.54404 2.256e-02
0.54401 2.256e-02
0.54397 2.256e-02
0.54393 2.256e-02
0.54390 2.256e-02
0.54386 2.256e-02
0.54383 2.256e-02
0.54379 2.256e-02
0.54375 2.256e-02
0.54372 2.256e-02
0.54368 2.257e-02
0.54364 2.257e-02
0.54361 2.257e-02
0.54357 2.257e-02
0.54354 2.257e-02
0.54350 2.257e-02
0.54346 2.257e-02
0.54343 2.257e-02
0.54339 2.257e-02
0.54335 2.257e-02
0.54332 2.257e-02
0.54328 2.257e-02
0.54325 2.257e-02
0.54321 2.257e-02
0.54317 2.257e-02
0.54314 2.257e-02
0.54310 2.257e-02
0.54307 2.257e-02
0.54303 2.257e-02
0.54299 2.257e-02
0.54296 2.257e-02
0.54292 2.257e-02
0.54288 2.257e-02
0.54285 2.257e-02
0.54281 2.257e-02
0.54278 2.257e-02
0.54274 2.257e-02
0.54270 2.257e-02
0.54267 2.257e-02
0.54263 2.257e-02
0.54259 2.257e-02
0.54256 2.257e-02
0.54252 2.257e-02
0.54249 2.257e-02
0.54245 2.257e-02
0.54241 2.257e-02
0.54238 2.257e-02
0.54234 2.257e-02
0.54231 2.257e-02
0.54227 2.257e-02
0.54223 2.257e-02
0.54220 2.257e-02
0.54216 2.257e-02
0.54212 2.257e-02
0.54209 2.257e-02
0.54205 2.257e-02
0.54202 2.257e-02
0.54198 2.257e-02
0.54194 2.257e-02
0.54191 2.257e-02
0.54187 2.257e-02
0.54184 2.257e-02
0.54180 2.257e-02
0.54176 2.257e-02
0.54173 2.257e-02
0.54169 2.257e-02
0.54166 2.257e-02
0.54162 2.257e-02
0.54158 2.258e-02
0.54155 2.258e-02
0.54151 2.258e-02
0.54147 2.258e-02
0.54144 2.258e-02
0.54140 2.258e-02
0.54137 2.258e-02
0.54133 2.258e-02
0.54129 2.258e-02
0.54126 2.258e-02
0.54122 2.258e-02
0.54119 2.258e-02
0.54115 2.258e-02
0.54111 2.258e-02
0.54108 2.258e-02
0.54104 2.258e-02
0.54101 2.258e-02
0.54097 2.258e-02
0.54093 2.258e-02
0.54090 2.258e-02
0.54086 2.258e-02
0.54083 2.258e-02
0.54079 2.258e-02
0.54075 2.258e-02
0.54072 2.258e-02
0.54068 2.258e-02
0.54064 2.258e-02
0.54061 2.258e-02
0.54057 2.258e-02
0.54054 2.258e-02
0.54050 2.258e-02
0.54046 2.258e-02
0.54043 2.258e-02
0.54039 2.258e-02
0.54036 2.258e-02
0.54032 2.258e-02
0.54028 2.258e-02
0.54025 2.258e-02
0.54021 2.258e-02
0.54018 2.258e-02
0.54014 2.258e-02
0.54010 2.258e-02
0.54007 2.258e-02
0.54003 2.258e-02
0.54000 2.258e-02
0.53996 2.258e-02
0.53992 2.258e-02
0.53989 2.258e-02
0.53985 2.258e-02
0.53982 2.258e-02
0.53978 2.258e-02
0.53974 2.258e-02
0.53971 2.258e-02
0.53967 2.258e-02
0.53964 2.258e-02
0.53960 2.258e-02
0.53956 2.258e-02
0.53953 2.258e-02
0.53949 2.259e-02
0.53946 2.259e-02
0.53942 2.259e-02
0.53938 2.259e-02
0.53935 2.259e-02
0.53931 2.259e-02
0.53928 2.259e-02
0.53924 2.259e-02
0.53921 2.259e-02
0.53917 2.259e-02
0.53913 2.259e-02
0.53910 2.259e-02
0.53906 2.259e-02
0.53903 2.259e-02
0.53899 2.259e-02
0.53895 2.259e-02
0.53892 2.259e-02
0.53888 2.259e-02
0.53885 2.259e-02
0.53881 2.259e-02
0.53877 2.259e-02
0.53874 2.259e-02
0.53870 2.259e-02
0.53867 2.259e-02
0.53863 2.259e-02
0.53859 2.259e-02
0.53856 2.259e-02
0.53852 2.259e-02
0.53849 2.259e-02
0.53845 2.259e-02
0.53842 2.259e-02
0.53838 2.259e-02
0.53834 2.259e-02
0.53831 2.259e-02
0.53827 2.259e-02
0.53824 2.259e-02
0.53820 2.259e-02
0.53816 2.259e-02
0.53813 2.259e-02
0.53809 2.259e-02
0.53806 2.259e-02
0.53802 2.259e-02
0.53798 2.259e-02
0.53795 2.259e-02
0.53791 2.259e-02
0.53788 2.259e-02
0.53784 2.259e-02
0.53781 2.259e-02
0.53777 2.259e-02
0.53773 2.259e-02
0.53770 2.259e-02
0.53766 2.259e-02
