exonoodle/TauREX/WASP43b_transmission_exonoodle.txt
# %ECSV 0.9
# ---
# datatype:
# - {name: wavelength, unit: micron, datatype: float64, format: .5f}
# - {name: flux_ratio, datatype: float64, format: .3e}
# meta: !!omap
# - __serialized_columns__:
#     wavelength:
#       __class__: astropy.units.quantity.Quantity
#       __info__: {format: .5f}
#       unit: !astropy.units.Unit {unit: micron}
#       value: !astropy.table.SerializedColumn {name: wavelength}
# schema: astropy-2.0
wavelength flux_ratio
[from data line 27104]
8.20861 2.259e-02
8.20806 2.259e-02
8.20752 2.259e-02
8.20697 2.259e-02
8.20642 2.259e-02
8.20587 2.259e-02
8.20533 2.259e-02
8.20478 2.259e-02
8.20423 2.259e-02
8.20369 2.259e-02
8.20314 2.259e-02
8.20259 2.259e-02
8.20205 2.259e-02
8.20150 2.259e-02
8.20095 2.259e-02
8.20041 2.259e-02
8.19986 2.259e-02
8.19931 2.259e-02
8.19877 2.259e-02
8.19822 2.259e-02
8.19767 2.259e-02
8.19713 2.259e-02
8.19658 2.259e-02
8.19603 2.259e-02
8.19549 2.259e-02
8.19494 2.259e-02
8.19439 2.259e-02
8.19385 2.259e-02
8.19330 2.259e-02
8.19276 2.259e-02
8.19221 2.259e-02
8.19166 2.259e-02
8.19112 2.259e-02
8.19057 2.259e-02
8.19003 2.259e-02
8.18948 2.259e-02
8.18893 2.259e-02
8.18839 2.259e-02
8.18784 2.259e-02
8.18730 2.259e-02
8.18675 2.259e-02
8.18620 2.259e-02
8.18566 2.259e-02
8.18511 2.259e-02
8.18457 2.259e-02
8.18402 2.259e-02
8.18348 2.259e-02
8.18293 2.259e-02
8.18238 2.259e-02
8.18184 2.259e-02
8.18129 2.259e-02
8.18075 2.259e-02
8.18020 2.259e-02
8.17966 2.259e-02
8.17911 2.259e-02
8.17857 2.259e-02
8.17802 2.259e-02
8.17748 2.259e-02
8.17693 2.259e-02
8.17639 2.259e-02
8.17584 2.259e-02
8.17530 2.259e-02
8.17475 2.259e-02
8.17421 2.259e-02
8.17366 2.259e-02
8.17312 2.259e-02
8.17257 2.259e-02
8.17203 2.259e-02
8.17148 2.259e-02
8.17094 2.259e-02
8.17039 2.259e-02
8.16985 2.259e-02
8.16930 2.259e-02
8.16876 2.259e-02
8.16821 2.259e-02
8.16767 2.259e-02
8.16713 2.259e-02
8.16658 2.259e-02
8.16604 2.259e-02
8.16549 2.259e-02
8.16495 2.259e-02
8.16440 2.259e-02
8.16386 2.259e-02
8.16332 2.259e-02
8.16277 2.259e-02
8.16223 2.259e-02
8.16168 2.259e-02
8.16114 2.259e-02
8.16060 2.259e-02
8.16005 2.259e-02
8.15951 2.259e-02
8.15896 2.259e-02
8.15842 2.259e-02
8.15788 2.259e-02
8.15733 2.259e-02
8.15679 2.259e-02
8.15624 2.259e-02
8.15570 2.259e-02
8.15516 2.259e-02
8.15461 2.259e-02
8.15407 2.259e-02
8.15353 2.259e-02
8.15298 2.259e-02
8.15244 2.259e-02
8.15190 2.259e-02
8.15135 2.259e-02
8.15081 2.259e-02
8.15027 2.259e-02
8.14972 2.259e-02
8.14918 2.259e-02
8.14864 2.259e-02
8.14809 2.259e-02
8.14755 2.259e-02
8.14701 2.259e-02
8.14646 2.259e-02
8.14592 2.259e-02
8.14538 2.259e-02
8.14483 2.259e-02
8.14429 2.259e-02
8.14375 2.259e-02
8.14320 2.259e-02
8.14266 2.259e-02
8.14212 2.259e-02
8.14158 2.259e-02
8.14103 2.259e-02
8.14049 2.259e-02
8.13995 2.259e-02
8.13941 2.259e-02
8.13886 2.259e-02
8.13832 2.259e-02
8.13778 2.259e-02
8.13724 2.259e-02
8.13669 2.259e-02
8.13615 2.259e-02
8.13561 2.259e-02
8.13507 2.259e-02
8.13452 2.259e-02
8.13398 2.259e-02
8.13344 2.259e-02
8.13290 2.259e-02
8.13235 2.259e-02
8.13181 2.259e-02
8.13127 2.259e-02
8.13073 2.259e-02
8.13019 2.259e-02
8.12964 2.259e-02
8.12910 2.259e-02
8.12856 2.259e-02
8.12802 2.259e-02
8.12748 2.259e-02
8.12694 2.259e-02
8.12639 2.259e-02
8.12585 2.259e-02
8.12531 2.259e-02
8.12477 2.259e-02
8.12423 2.259e-02
8.12369 2.259e-02
8.12314 2.259e-02
8.12260 2.259e-02
8.12206 2.259e-02
8.12152 2.259e-02
8.12098 2.259e-02
8.12044 2.259e-02
8.11990 2.259e-02
8.11935 2.259e-02
8.11881 2.259e-02
8.11827 2.259e-02
8.11773 2.259e-02
8.11719 2.259e-02
8.11665 2.259e-02
8.11611 2.259e-02
8.11557 2.259e-02
8.11502 2.259e-02
8.11448 2.259e-02
8.11394 2.259e-02
8.11340 2.259e-02
8.11286 2.259e-02
8.11232 2.259e-02
8.11178 2.259e-02
8.11124 2.259e-02
8.11070 2.259e-02
8.11016 2.259e-02
8.10962 2.259e-02
8.10908 2.259e-02
8.10854 2.259e-02
8.10800 2.259e-02
8.10745 2.259e-02
8.10691 2.259e-02
8.10637 2.259e-02
8.10583 2.260e-02
8.10529 2.260e-02
8.10475 2.260e-02
8.10421 2.260e-02
8.10367 2.260e-02
8.10313 2.260e-02
8.10259 2.260e-02
8.10205 2.260e-02
8.10151 2.260e-02
8.10097 2.260e-02
8.10043 2.260e-02
8.09989 2.260e-02
8.09935 2.260e-02
8.09881 2.260e-02
8.09827 2.260e-02
8.09773 2.260e-02
8.09719 2.260e-02
8.09665 2.260e-02
8.09611 2.260e-02
8.09557 2.260e-02
8.09503 2.260e-02
8.09449 2.260e-02
8.09395 2.260e-02
8.09341 2.260e-02
8.09287 2.260e-02
8.09234 2.260e-02
8.09180 2.260e-02
8.09126 2.260e-02
8.09072 2.260e-02
8.09018 2.260e-02
8.08964 2.260e-02
8.08910 2.260e-02
8.08856 2.260e-02
8.08802 2.260e-02
8.08748 2.260e-02
8.08694 2.260e-02
8.08640 2.260e-02
8.08586 2.260e-02
8.08533 2.260e-02
8.08479 2.260e-02
8.08425 2.260e-02
8.08371 2.260e-02
8.08317 2.260e-02
8.08263 2.260e-02
8.08209 2.260e-02
8.08155 2.260e-02
8.08101 2.260e-02
8.08048 2.260e-02
8.07994 2.260e-02
8.07940 2.260e-02
8.07886 2.260e-02
8.07832 2.260e-02
8.07778 2.260e-02
8.07724 2.260e-02
8.07671 2.260e-02
8.07617 2.260e-02
8.07563 2.260e-02
8.07509 2.260e-02
8.07455 2.260e-02
8.07401 2.260e-02
8.07348 2.260e-02
8.07294 2.260e-02
8.07240 2.260e-02
8.07186 2.260e-02
8.07132 2.260e-02
8.07079 2.260e-02
8.07025 2.260e-02
8.06971 2.260e-02
8.06917 2.260e-02
8.06863 2.260e-02
8.06810 2.260e-02
8.06756 2.260e-02
8.06702 2.260e-02
8.06648 2.260e-02
8.06594 2.260e-02
8.06541 2.260e-02
8.06487 2.260e-02
8.06433 2.260e-02
8.06379 2.260e-02
8.06326 2.260e-02
8.06272 2.260e-02
8.06218 2.260e-02
8.06164 2.260e-02
8.06111 2.260e-02
8.06057 2.260e-02
8.06003 2.260e-02
8.05949 2.260e-02
8.05896 2.260e-02
8.05842 2.260e-02
8.05788 2.260e-02
8.05735 2.260e-02
8.05681 2.260e-02
8.05627 2.260e-02
8.05573 2.260e-02
8.05520 2.260e-02
8.05466 2.260e-02
8.05412 2.260e-02
8.05359 2.260e-02
8.05305 2.260e-02
8.05251 2.260e-02
8.05198 2.260e-02
8.05144 2.260e-02
8.05090 2.260e-02
8.05037 2.260e-02
8.04983 2.260e-02
8.04929 2.260e-02
8.04876 2.260e-02
8.04822 2.260e-02
8.04768 2.260e-02
8.04715 2.260e-02
8.04661 2.260e-02
8.04607 2.260e-02
8.04554 2.260e-02
8.04500 2.260e-02
8.04446 2.260e-02
8.04393 2.260e-02
8.04339 2.260e-02
8.04286 2.260e-02
8.04232 2.260e-02
8.04178 2.260e-02
8.04125 2.260e-02
8.04071 2.260e-02
8.04018 2.260e-02
8.03964 2.260e-02
8.03910 2.260e-02
8.03857 2.260e-02
8.03803 2.260e-02
8.03750 2.260e-02
8.03696 2.260e-02
8.03642 2.260e-02
8.03589 2.260e-02
8.03535 2.260e-02
8.03482 2.260e-02
8.03428 2.260e-02
8.03375 2.260e-02
8.03321 2.260e-02
8.03268 2.260e-02
8.03214 2.260e-02
8.03160 2.260e-02
8.03107 2.260e-02
8.03053 2.260e-02
8.03000 2.260e-02
8.02946 2.260e-02
8.02893 2.260e-02
8.02839 2.260e-02
8.02786 2.260e-02
8.02732 2.260e-02
8.02679 2.260e-02
8.02625 2.260e-02
8.02572 2.260e-02
8.02518 2.260e-02
8.02465 2.260e-02
8.02411 2.260e-02
8.02358 2.260e-02
8.02304 2.260e-02
8.02251 2.260e-02
8.02197 2.260e-02
8.02144 2.260e-02
8.02090 2.260e-02
8.02037 2.260e-02
8.01983 2.260e-02
8.01930 2.260e-02
8.01876 2.260e-02
8.01823 2.260e-02
8.01770 2.260e-02
8.01716 2.260e-02
8.01663 2.260e-02
8.01609 2.260e-02
8.01556 2.260e-02
8.01502 2.260e-02
8.01449 2.260e-02
8.01395 2.260e-02
8.01342 2.260e-02
8.01289 2.260e-02
8.01235 2.260e-02
8.01182 2.260e-02
8.01128 2.260e-02
8.01075 2.260e-02
8.01022 2.260e-02
8.00968 2.260e-02
8.00915 2.260e-02
8.00861 2.260e-02
8.00808 2.260e-02
8.00755 2.260e-02
8.00701 2.260e-02
8.00648 2.260e-02
8.00595 2.260e-02
8.00541 2.260e-02
8.00488 2.260e-02
8.00434 2.260e-02
8.00381 2.260e-02
8.00328 2.260e-02
8.00274 2.260e-02
8.00221 2.260e-02
8.00168 2.260e-02
8.00114 2.260e-02
8.00061 2.260e-02
8.00008 2.260e-02
7.99954 2.260e-02
7.99901 2.260e-02
7.99848 2.260e-02
7.99794 2.260e-02
7.99741 2.260e-02
7.99688 2.260e-02
7.99634 2.260e-02
7.99581 2.260e-02
7.99528 2.260e-02
7.99474 2.260e-02
7.99421 2.260e-02
7.99368 2.260e-02
7.99315 2.260e-02
7.99261 2.260e-02
7.99208 2.260e-02
7.99155 2.260e-02
7.99102 2.260e-02
7.99048 2.260e-02
7.98995 2.260e-02
7.98942 2.260e-02
7.98888 2.260e-02
7.98835 2.260e-02
7.98782 2.260e-02
7.98729 2.260e-02
7.98675 2.260e-02
7.98622 2.260e-02
7.98569 2.260e-02
7.98516 2.260e-02
7.98462 2.260e-02
7.98409 2.260e-02
7.98356 2.260e-02
7.98303 2.260e-02
7.98250 2.260e-02
7.98196 2.260e-02
7.98143 2.260e-02
7.98090 2.260e-02
7.98037 2.260e-02
7.97984 2.260e-02
7.97930 2.260e-02
7.97877 2.260e-02
7.97824 2.260e-02
7.97771 2.260e-02
7.97718 2.260e-02
7.97664 2.260e-02
7.97611 2.260e-02
7.97558 2.260e-02
7.97505 2.260e-02
7.97452 2.260e-02
7.97399 2.260e-02
7.97345 2.260e-02
7.97292 2.260e-02
7.97239 2.260e-02
7.97186 2.260e-02
7.97133 2.260e-02
7.97080 2.260e-02
7.97027 2.260e-02
7.96973 2.260e-02
7.96920 2.260e-02
7.96867 2.260e-02
7.96814 2.260e-02
7.96761 2.260e-02
7.96708 2.260e-02
7.96655 2.260e-02
7.96602 2.260e-02
7.96549 2.260e-02
7.96495 2.260e-02
7.96442 2.260e-02
7.96389 2.260e-02
7.96336 2.260e-02
7.96283 2.260e-02
7.96230 2.260e-02
7.96177 2.260e-02
7.96124 2.260e-02
7.96071 2.260e-02
7.96018 2.260e-02
7.95965 2.260e-02
7.95912 2.260e-02
7.95859 2.260e-02
7.95805 2.260e-02
7.95752 2.260e-02
7.95699 2.260e-02
7.95646 2.260e-02
7.95593 2.260e-02
7.95540 2.260e-02
7.95487 2.260e-02
7.95434 2.260e-02
7.95381 2.260e-02
7.95328 2.260e-02
7.95275 2.260e-02
7.95222 2.260e-02
7.95169 2.260e-02
7.95116 2.260e-02
7.95063 2.260e-02
7.95010 2.260e-02
7.94957 2.260e-02
7.94904 2.260e-02
7.94851 2.260e-02
7.94798 2.260e-02
7.94745 2.260e-02
7.94692 2.260e-02
7.94639 2.260e-02
7.94586 2.260e-02
7.94533 2.260e-02
7.94480 2.260e-02
7.94427 2.260e-02
7.94374 2.260e-02
7.94321 2.260e-02
7.94268 2.260e-02
7.94216 2.260e-02
7.94163 2.260e-02
7.94110 2.260e-02
7.94057 2.260e-02
7.94004 2.260e-02
7.93951 2.260e-02
7.93898 2.260e-02
7.93845 2.260e-02
7.93792 2.260e-02
7.93739 2.260e-02
7.93686 2.260e-02
7.93633 2.260e-02
7.93580 2.260e-02
7.93528 2.260e-02
7.93475 2.260e-02
7.93422 2.260e-02
7.93369 2.260e-02
7.93316 2.260e-02
7.93263 2.260e-02
7.93210 2.260e-02
7.93157 2.260e-02
7.93104 2.260e-02
7.93052 2.260e-02
7.92999 2.260e-02
7.92946 2.260e-02
7.92893 2.260e-02
7.92840 2.260e-02
7.92787 2.260e-02
7.92734 2.260e-02
7.92682 2.260e-02
7.92629 2.260e-02
7.92576 2.260e-02
7.92523 2.260e-02
7.92470 2.260e-02
7.92417 2.260e-02
7.92365 2.260e-02
7.92312 2.260e-02
7.92259 2.260e-02
7.92206 2.260e-02
7.92153 2.260e-02
7.92100 2.260e-02
7.92048 2.260e-02
7.91995 2.260e-02
7.91942 2.260e-02
7.91889 2.260e-02
7.91837 2.260e-02
7.91784 2.260e-02
7.91731 2.260e-02
7.91678 2.260e-02
7.91625 2.260e-02
7.91573 2.260e-02
7.91520 2.260e-02
7.91467 2.260e-02
7.91414 2.260e-02
7.91362 2.260e-02
7.91309 2.260e-02
7.91256 2.260e-02
7.91203 2.260e-02
7.91151 2.260e-02
7.91098 2.260e-02
7.91045 2.260e-02
7.90992 2.260e-02
7.90940 2.260e-02
7.90887 2.260e-02
7.90834 2.260e-02
7.90781 2.260e-02
7.90729 2.260e-02
7.90676 2.260e-02
7.90623 2.260e-02
7.90571 2.260e-02
7.90518 2.260e-02
7.90465 2.260e-02
7.90413 2.260e-02
7.90360 2.260e-02
7.90307 2.260e-02
7.90254 2.260e-02
7.90202 2.260e-02
7.90149 2.260e-02
7.90096 2.260e-02
7.90044 2.260e-02
7.89991 2.260e-02
7.89938 2.260e-02
7.89886 2.260e-02
7.89833 2.260e-02
7.89780 2.260e-02
7.89728 2.260e-02
7.89675 2.260e-02
7.89623 2.260e-02
7.89570 2.260e-02
7.89517 2.260e-02
7.89465 2.260e-02
7.89412 2.260e-02
7.89359 2.260e-02
7.89307 2.260e-02
7.89254 2.260e-02
7.89202 2.260e-02
7.89149 2.260e-02
7.89096 2.260e-02
7.89044 2.260e-02
7.88991 2.260e-02
7.88939 2.260e-02
7.88886 2.260e-02
7.88833 2.260e-02
7.88781 2.260e-02
7.88728 2.260e-02
7.88676 2.260e-02
7.88623 2.260e-02
7.88570 2.260e-02
7.88518 2.260e-02
7.88465 2.260e-02
7.88413 2.260e-02
7.88360 2.260e-02
7.88308 2.260e-02
7.88255 2.260e-02
7.88203 2.260e-02
7.88150 2.260e-02
7.88097 2.260e-02
7.88045 2.260e-02
7.87992 2.260e-02
7.87940 2.260e-02
7.87887 2.260e-02
7.87835 2.260e-02
7.87782 2.260e-02
7.87730 2.260e-02
7.87677 2.260e-02
7.87625 2.260e-02
7.87572 2.260e-02
7.87520 2.260e-02
7.87467 2.260e-02
7.87415 2.260e-02
7.87362 2.260e-02
7.87310 2.260e-02
7.87257 2.260e-02
7.87205 2.260e-02
7.87152 2.260e-02
7.87100 2.260e-02
7.87047 2.260e-02
7.86995 2.260e-02
7.86942 2.260e-02
7.86890 2.260e-02
7.86838 2.260e-02
7.86785 2.260e-02
7.86733 2.260e-02
7.86680 2.260e-02
7.86628 2.260e-02
7.86575 2.260e-02
7.86523 2.260e-02
7.86470 2.260e-02
7.86418 2.260e-02
7.86366 2.260e-02
7.86313 2.260e-02
7.86261 2.260e-02
7.86208 2.260e-02
7.86156 2.260e-02
7.86104 2.260e-02
7.86051 2.260e-02
7.85999 2.260e-02
7.85946 2.260e-02
7.85894 2.260e-02
7.85842 2.260e-02
7.85789 2.260e-02
7.85737 2.260e-02
7.85684 2.260e-02
7.85632 2.260e-02
7.85580 2.260e-02
7.85527 2.260e-02
7.85475 2.260e-02
7.85423 2.260e-02
7.85370 2.260e-02
7.85318 2.260e-02
7.85266 2.260e-02
7.85213 2.260e-02
7.85161 2.260e-02
7.85108 2.260e-02
7.85056 2.260e-02
7.85004 2.260e-02
7.84951 2.260e-02
7.84899 2.260e-02
7.84847 2.260e-02
7.84795 2.260e-02
7.84742 2.260e-02
7.84690 2.260e-02
7.84638 2.260e-02
7.84585 2.260e-02
7.84533 2.260e-02
7.84481 2.260e-02
7.84428 2.260e-02
7.84376 2.260e-02
7.84324 2.260e-02
7.84272 2.260e-02
7.84219 2.260e-02
7.84167 2.260e-02
7.84115 2.260e-02
7.84062 2.260e-02
7.84010 2.260e-02
7.83958 2.260e-02
7.83906 2.260e-02
7.83853 2.260e-02
7.83801 2.260e-02
7.83749 2.260e-02
7.83697 2.260e-02
7.83644 2.260e-02
7.83592 2.260e-02
7.83540 2.260e-02
7.83488 2.260e-02
7.83435 2.260e-02
7.83383 2.260e-02
7.83331 2.260e-02
7.83279 2.260e-02
7.83227 2.260e-02
7.83174 2.260e-02
7.83122 2.260e-02
7.83070 2.260e-02
7.83018 2.260e-02
7.82966 2.260e-02
7.82913 2.260e-02
7.82861 2.260e-02
7.82809 2.260e-02
7.82757 2.260e-02
7.82705 2.260e-02
7.82652 2.260e-02
7.82600 2.260e-02
7.82548 2.260e-02
7.82496 2.260e-02
7.82444 2.260e-02
7.82392 2.260e-02
7.82339 2.260e-02
7.82287 2.260e-02
7.82235 2.260e-02
7.82183 2.260e-02
7.82131 2.260e-02
7.82079 2.260e-02
7.82027 2.260e-02
7.81974 2.260e-02
7.81922 2.260e-02
7.81870 2.260e-02
7.81818 2.260e-02
7.81766 2.260e-02
7.81714 2.260e-02
7.81662 2.260e-02
7.81610 2.260e-02
7.81557 2.260e-02
7.81505 2.260e-02
7.81453 2.260e-02
7.81401 2.260e-02
7.81349 2.260e-02
7.81297 2.260e-02
7.81245 2.260e-02
7.81193 2.260e-02
7.81141 2.260e-02
7.81089 2.260e-02
7.81037 2.260e-02
7.80985 2.260e-02
7.80933 2.260e-02
7.80880 2.260e-02
7.80828 2.260e-02
7.80776 2.260e-02
7.80724 2.260e-02
7.80672 2.260e-02
7.80620 2.260e-02
7.80568 2.260e-02
7.80516 2.260e-02
7.80464 2.260e-02
7.80412 2.260e-02
7.80360 2.260e-02
7.80308 2.260e-02
7.80256 2.260e-02
7.80204 2.260e-02
7.80152 2.260e-02
7.80100 2.260e-02
7.80048 2.260e-02
7.79996 2.260e-02
7.79944 2.260e-02
7.79892 2.260e-02
7.79840 2.260e-02
7.79788 2.260e-02
7.79736 2.260e-02
7.79684 2.260e-02
7.79632 2.260e-02
7.79580 2.260e-02
7.79528 2.260e-02
7.79476 2.260e-02
7.79424 2.260e-02
7.79372 2.260e-02
7.79320 2.260e-02
7.79268 2.260e-02
7.79216 2.260e-02
7.79164 2.260e-02
7.79113 2.260e-02
7.79061 2.260e-02
7.79009 2.260e-02
7.78957 2.260e-02
7.78905 2.260e-02
7.78853 2.260e-02
7.78801 2.260e-02
7.78749 2.260e-02
7.78697 2.260e-02
7.78645 2.260e-02
7.78593 2.260e-02
7.78541 2.260e-02
7.78490 2.260e-02
7.78438 2.260e-02
7.78386 2.260e-02
7.78334 2.260e-02
7.78282 2.260e-02
7.78230 2.260e-02
7.78178 2.260e-02
7.78126 2.260e-02
7.78074 2.260e-02
7.78023 2.260e-02
7.77971 2.260e-02
7.77919 2.260e-02
7.77867 2.260e-02
7.77815 2.260e-02
7.77763 2.260e-02
7.77711 2.260e-02
7.77660 2.260e-02
7.77608 2.260e-02
7.77556 2.260e-02
7.77504 2.260e-02
7.77452 2.260e-02
7.77400 2.260e-02
7.77349 2.260e-02
7.77297 2.260e-02
7.77245 2.260e-02
7.77193 2.260e-02
7.77141 2.260e-02
7.77090 2.260e-02
7.77038 2.260e-02
7.76986 2.260e-02
7.76934 2.260e-02
7.76882 2.260e-02
7.76831 2.260e-02
7.76779 2.260e-02
7.76727 2.260e-02
7.76675 2.260e-02
7.76623 2.260e-02
7.76572 2.260e-02
7.76520 2.260e-02
7.76468 2.260e-02
7.76416 2.260e-02
7.76365 2.260e-02
7.76313 2.260e-02
7.76261 2.260e-02
7.76209 2.260e-02
7.76158 2.260e-02
7.76106 2.260e-02
7.76054 2.260e-02
7.76002 2.260e-02
7.75951 2.260e-02
7.75899 2.260e-02
7.75847 2.260e-02
7.75796 2.260e-02
7.75744 2.260e-02
7.75692 2.260e-02
7.75640 2.260e-02
7.75589 2.260e-02
7.75537 2.260e-02
7.75485 2.260e-02
7.75434 2.260e-02
7.75382 2.260e-02
7.75330 2.260e-02
7.75278 2.260e-02
7.75227 2.260e-02
7.75175 2.260e-02
7.75123 2.260e-02
7.75072 2.260e-02
7.75020 2.260e-02
7.74968 2.260e-02
7.74917 2.260e-02
7.74865 2.260e-02
7.74813 2.260e-02
7.74762 2.260e-02
7.74710 2.260e-02
7.74659 2.260e-02
7.74607 2.260e-02
7.74555 2.260e-02
7.74504 2.260e-02
7.74452 2.260e-02
7.74400 2.260e-02
7.74349 2.260e-02
7.74297 2.260e-02
7.74246 2.260e-02
7.74194 2.260e-02
7.74142 2.260e-02
7.74091 2.260e-02
7.74039 2.260e-02
7.73987 2.260e-02
7.73936 2.260e-02
7.73884 2.260e-02
7.73833 2.260e-02
7.73781 2.260e-02
7.73730 2.260e-02
