exonoodle/TauREX/WASP43b_night_emission_exonoodle.txt
# %ECSV 0.9
# ---
# datatype:
# - {name: wavelength, unit: micron, datatype: float64, format: .3f}
# - {name: flux_ratio, datatype: float64, format: .3e}
# meta: !!omap
# - __serialized_columns__:
#     wavelength:
#       __class__: astropy.units.quantity.Quantity
#       __info__: {format: .3f}
#       unit: !astropy.units.Unit {unit: micron}
#       value: !astropy.table.SerializedColumn {name: wavelength}
# schema: astropy-2.0
wavelength flux_ratio
[from data line 8471]
28.427 3.758e-03
28.425 3.758e-03
28.423 3.758e-03
28.421 3.758e-03
28.419 3.758e-03
28.418 3.758e-03
28.416 3.758e-03
28.414 3.758e-03
28.412 3.758e-03
28.410 3.758e-03
28.408 3.757e-03
28.406 3.757e-03
28.404 3.757e-03
28.402 3.757e-03
28.401 3.757e-03
28.399 3.757e-03
28.397 3.757e-03
28.395 3.757e-03
28.393 3.757e-03
28.391 3.757e-03
28.389 3.757e-03
28.387 3.757e-03
28.385 3.757e-03
28.384 3.756e-03
28.382 3.756e-03
28.380 3.756e-03
28.378 3.756e-03
28.376 3.756e-03
28.374 3.756e-03
28.372 3.756e-03
28.370 3.756e-03
28.368 3.756e-03
28.367 3.756e-03
28.365 3.756e-03
28.363 3.756e-03
28.361 3.755e-03
28.359 3.755e-03
28.357 3.755e-03
28.355 3.755e-03
28.353 3.755e-03
28.351 3.755e-03
28.349 3.755e-03
28.348 3.755e-03
28.346 3.755e-03
28.344 3.755e-03
28.342 3.755e-03
28.340 3.755e-03
28.338 3.755e-03
28.336 3.754e-03
28.334 3.754e-03
28.332 3.754e-03
28.331 3.754e-03
28.329 3.754e-03
28.327 3.754e-03
28.325 3.754e-03
28.323 3.754e-03
28.321 3.754e-03
28.319 3.754e-03
28.317 3.754e-03
28.315 3.754e-03
28.314 3.753e-03
28.312 3.753e-03
28.310 3.753e-03
28.308 3.753e-03
28.306 3.753e-03
28.304 3.753e-03
28.302 3.753e-03
28.300 3.753e-03
28.299 3.753e-03
28.297 3.753e-03
28.295 3.753e-03
28.293 3.753e-03
28.291 3.752e-03
28.289 3.752e-03
28.287 3.752e-03
28.285 3.752e-03
28.283 3.752e-03
28.282 3.752e-03
28.280 3.752e-03
28.278 3.752e-03
28.276 3.752e-03
28.274 3.752e-03
28.272 3.752e-03
28.270 3.752e-03
28.268 3.752e-03
28.266 3.751e-03
28.265 3.751e-03
28.263 3.751e-03
28.261 3.751e-03
28.259 3.751e-03
28.257 3.751e-03
28.255 3.751e-03
28.253 3.751e-03
28.251 3.751e-03
28.249 3.751e-03
28.248 3.751e-03
28.246 3.751e-03
28.244 3.750e-03
28.242 3.750e-03
28.240 3.750e-03
28.238 3.750e-03
28.236 3.750e-03
28.234 3.750e-03
28.233 3.750e-03
28.231 3.750e-03
28.229 3.750e-03
28.227 3.750e-03
28.225 3.750e-03
28.223 3.750e-03
28.221 3.750e-03
28.219 3.749e-03
28.218 3.749e-03
28.216 3.749e-03
28.214 3.749e-03
28.212 3.749e-03
28.210 3.749e-03
28.208 3.749e-03
28.206 3.749e-03
28.204 3.749e-03
28.202 3.749e-03
28.201 3.749e-03
28.199 3.749e-03
28.197 3.748e-03
28.195 3.748e-03
28.193 3.748e-03
28.191 3.748e-03
28.189 3.748e-03
28.187 3.748e-03
28.186 3.748e-03
28.184 3.748e-03
28.182 3.748e-03
28.180 3.748e-03
28.178 3.748e-03
28.176 3.748e-03
28.174 3.747e-03
28.172 3.747e-03
28.171 3.747e-03
28.169 3.747e-03
28.167 3.747e-03
28.165 3.747e-03
28.163 3.747e-03
28.161 3.747e-03
28.159 3.747e-03
28.157 3.747e-03
28.155 3.747e-03
28.154 3.747e-03
28.152 3.747e-03
28.150 3.746e-03
28.148 3.746e-03
28.146 3.746e-03
28.144 3.746e-03
28.142 3.746e-03
28.140 3.746e-03
28.139 3.746e-03
28.137 3.746e-03
28.135 3.746e-03
28.133 3.746e-03
28.131 3.746e-03
28.129 3.746e-03
28.127 3.745e-03
28.125 3.745e-03
28.124 3.745e-03
28.122 3.745e-03
28.120 3.745e-03
28.118 3.745e-03
28.116 3.745e-03
28.114 3.745e-03
28.112 3.745e-03
28.110 3.745e-03
28.109 3.745e-03
28.107 3.745e-03
28.105 3.744e-03
28.103 3.744e-03
28.101 3.744e-03
28.099 3.744e-03
28.097 3.744e-03
28.095 3.744e-03
28.094 3.744e-03
28.092 3.744e-03
28.090 3.744e-03
28.088 3.744e-03
28.086 3.744e-03
28.084 3.744e-03
28.082 3.744e-03
28.081 3.743e-03
28.079 3.743e-03
28.077 3.743e-03
28.075 3.743e-03
28.073 3.743e-03
28.071 3.743e-03
28.069 3.743e-03
28.067 3.743e-03
28.066 3.743e-03
28.064 3.743e-03
28.062 3.743e-03
28.060 3.743e-03
28.058 3.742e-03
28.056 3.742e-03
28.054 3.742e-03
28.052 3.742e-03
28.051 3.742e-03
28.049 3.742e-03
28.047 3.742e-03
28.045 3.742e-03
28.043 3.742e-03
28.041 3.742e-03
28.039 3.742e-03
28.037 3.742e-03
28.036 3.741e-03
28.034 3.741e-03
28.032 3.741e-03
28.030 3.741e-03
28.028 3.741e-03
28.026 3.741e-03
28.024 3.741e-03
28.023 3.741e-03
28.021 3.741e-03
28.019 3.741e-03
28.017 3.741e-03
28.015 3.741e-03
28.013 3.741e-03
28.011 3.740e-03
28.009 3.740e-03
28.008 3.740e-03
28.006 3.740e-03
28.004 3.740e-03
28.002 3.740e-03
28.000 3.740e-03
27.998 3.740e-03
27.996 3.740e-03
27.995 3.740e-03
27.993 3.740e-03
27.991 3.740e-03
27.989 3.739e-03
27.987 3.739e-03
27.985 3.739e-03
27.983 3.739e-03
27.981 3.739e-03
27.980 3.739e-03
27.978 3.739e-03
27.976 3.739e-03
27.974 3.739e-03
27.972 3.739e-03
27.970 3.739e-03
27.968 3.739e-03
27.967 3.738e-03
27.965 3.738e-03
27.963 3.738e-03
27.961 3.738e-03
27.959 3.738e-03
27.957 3.738e-03
27.955 3.738e-03
27.954 3.738e-03
27.952 3.738e-03
27.950 3.738e-03
27.948 3.738e-03
27.946 3.738e-03
27.944 3.738e-03
27.942 3.737e-03
27.940 3.737e-03
27.939 3.737e-03
27.937 3.737e-03
27.935 3.737e-03
27.933 3.737e-03
27.931 3.737e-03
27.929 3.737e-03
27.927 3.737e-03
27.926 3.737e-03
27.924 3.737e-03
27.922 3.737e-03
27.920 3.736e-03
27.918 3.736e-03
27.916 3.736e-03
27.914 3.736e-03
27.913 3.736e-03
27.911 3.736e-03
27.909 3.736e-03
27.907 3.736e-03
27.905 3.736e-03
27.903 3.736e-03
27.901 3.736e-03
27.900 3.736e-03
27.898 3.735e-03
27.896 3.735e-03
27.894 3.735e-03
27.892 3.735e-03
27.890 3.735e-03
27.888 3.735e-03
27.887 3.735e-03
27.885 3.735e-03
27.883 3.735e-03
27.881 3.735e-03
27.879 3.735e-03
27.877 3.735e-03
27.875 3.734e-03
27.873 3.734e-03
27.872 3.734e-03
27.870 3.734e-03
27.868 3.734e-03
27.866 3.734e-03
27.864 3.734e-03
27.862 3.734e-03
27.860 3.734e-03
27.859 3.734e-03
27.857 3.734e-03
27.855 3.734e-03
27.853 3.734e-03
27.851 3.733e-03
27.849 3.733e-03
27.847 3.733e-03
27.846 3.733e-03
27.844 3.733e-03
27.842 3.733e-03
27.840 3.733e-03
27.838 3.733e-03
27.836 3.733e-03
27.834 3.733e-03
27.833 3.733e-03
27.831 3.733e-03
27.829 3.732e-03
27.827 3.732e-03
27.825 3.732e-03
27.823 3.732e-03
27.822 3.732e-03
27.820 3.732e-03
27.818 3.732e-03
27.816 3.732e-03
27.814 3.732e-03
27.812 3.732e-03
27.810 3.732e-03
27.809 3.732e-03
27.807 3.731e-03
27.805 3.731e-03
27.803 3.731e-03
27.801 3.731e-03
27.799 3.731e-03
27.797 3.731e-03
27.796 3.731e-03
27.794 3.731e-03
27.792 3.731e-03
27.790 3.731e-03
27.788 3.731e-03
27.786 3.731e-03
27.784 3.731e-03
27.783 3.730e-03
27.781 3.730e-03
27.779 3.730e-03
27.777 3.730e-03
27.775 3.730e-03
27.773 3.730e-03
27.771 3.730e-03
27.770 3.730e-03
27.768 3.730e-03
27.766 3.730e-03
27.764 3.730e-03
27.762 3.730e-03
27.760 3.729e-03
27.759 3.729e-03
27.757 3.729e-03
27.755 3.729e-03
27.753 3.729e-03
27.751 3.729e-03
27.749 3.729e-03
27.747 3.729e-03
27.746 3.729e-03
27.744 3.729e-03
27.742 3.729e-03
27.740 3.729e-03
27.738 3.728e-03
27.736 3.728e-03
27.734 3.728e-03
27.733 3.728e-03
27.731 3.728e-03
27.729 3.728e-03
27.727 3.728e-03
27.725 3.728e-03
27.723 3.728e-03
27.722 3.728e-03
27.720 3.728e-03
27.718 3.728e-03
27.716 3.727e-03
27.714 3.727e-03
27.712 3.727e-03
27.710 3.727e-03
27.709 3.727e-03
27.707 3.727e-03
27.705 3.727e-03
27.703 3.727e-03
27.701 3.727e-03
27.699 3.727e-03
27.698 3.727e-03
27.696 3.727e-03
27.694 3.726e-03
27.692 3.726e-03
27.690 3.726e-03
27.688 3.726e-03
27.686 3.726e-03
27.685 3.726e-03
27.683 3.726e-03
27.681 3.726e-03
27.679 3.726e-03
27.677 3.726e-03
27.675 3.726e-03
27.674 3.726e-03
27.672 3.726e-03
27.670 3.725e-03
27.668 3.725e-03
27.666 3.725e-03
27.664 3.725e-03
27.662 3.725e-03
27.661 3.725e-03
27.659 3.725e-03
27.657 3.725e-03
27.655 3.725e-03
27.653 3.725e-03
27.651 3.725e-03
27.650 3.725e-03
27.648 3.724e-03
27.646 3.724e-03
27.644 3.724e-03
27.642 3.724e-03
27.640 3.724e-03
27.639 3.724e-03
27.637 3.724e-03
27.635 3.724e-03
27.633 3.724e-03
27.631 3.724e-03
27.629 3.724e-03
27.627 3.724e-03
27.626 3.723e-03
27.624 3.723e-03
27.622 3.723e-03
27.620 3.723e-03
27.618 3.723e-03
27.616 3.723e-03
27.615 3.723e-03
27.613 3.723e-03
27.611 3.723e-03
27.609 3.723e-03
27.607 3.723e-03
27.605 3.723e-03
27.604 3.722e-03
27.602 3.722e-03
27.600 3.722e-03
27.598 3.722e-03
27.596 3.722e-03
27.594 3.722e-03
27.592 3.722e-03
27.591 3.722e-03
27.589 3.722e-03
27.587 3.722e-03
27.585 3.722e-03
27.583 3.722e-03
27.581 3.721e-03
27.580 3.721e-03
27.578 3.721e-03
27.576 3.721e-03
27.574 3.721e-03
27.572 3.721e-03
27.570 3.721e-03
27.569 3.721e-03
27.567 3.721e-03
27.565 3.721e-03
27.563 3.721e-03
27.561 3.721e-03
27.559 3.720e-03
27.558 3.720e-03
27.556 3.720e-03
27.554 3.720e-03
27.552 3.720e-03
27.550 3.720e-03
27.548 3.720e-03
27.547 3.720e-03
27.545 3.720e-03
27.543 3.720e-03
27.541 3.720e-03
27.539 3.720e-03
27.537 3.720e-03
27.536 3.719e-03
27.534 3.719e-03
27.532 3.719e-03
27.530 3.719e-03
27.528 3.719e-03
27.526 3.719e-03
27.525 3.719e-03
27.523 3.719e-03
27.521 3.719e-03
27.519 3.719e-03
27.517 3.719e-03
27.515 3.719e-03
27.513 3.718e-03
27.512 3.718e-03
27.510 3.718e-03
27.508 3.718e-03
27.506 3.718e-03
27.504 3.718e-03
27.502 3.718e-03
27.501 3.718e-03
27.499 3.718e-03
27.497 3.718e-03
27.495 3.718e-03
27.493 3.718e-03
27.491 3.717e-03
27.490 3.717e-03
27.488 3.717e-03
27.486 3.717e-03
27.484 3.717e-03
27.482 3.717e-03
27.480 3.717e-03
27.479 3.717e-03
27.477 3.717e-03
27.475 3.717e-03
27.473 3.717e-03
27.471 3.717e-03
27.470 3.716e-03
27.468 3.716e-03
27.466 3.716e-03
27.464 3.716e-03
27.462 3.716e-03
27.460 3.716e-03
27.459 3.716e-03
27.457 3.716e-03
27.455 3.716e-03
27.453 3.716e-03
27.451 3.716e-03
27.449 3.716e-03
27.448 3.715e-03
27.446 3.715e-03
27.444 3.715e-03
27.442 3.715e-03
27.440 3.715e-03
27.438 3.715e-03
27.437 3.715e-03
27.435 3.715e-03
27.433 3.715e-03
27.431 3.715e-03
27.429 3.715e-03
27.427 3.715e-03
27.426 3.714e-03
27.424 3.714e-03
27.422 3.714e-03
27.420 3.714e-03
27.418 3.714e-03
27.416 3.714e-03
27.415 3.714e-03
27.413 3.714e-03
27.411 3.714e-03
27.409 3.714e-03
27.407 3.714e-03
27.405 3.714e-03
27.404 3.713e-03
27.402 3.713e-03
27.400 3.713e-03
27.398 3.713e-03
27.396 3.713e-03
27.395 3.713e-03
27.393 3.713e-03
27.391 3.713e-03
27.389 3.713e-03
27.387 3.713e-03
27.385 3.713e-03
27.384 3.713e-03
27.382 3.712e-03
27.380 3.712e-03
27.378 3.712e-03
27.376 3.712e-03
27.374 3.712e-03
27.373 3.712e-03
27.371 3.712e-03
27.369 3.712e-03
27.367 3.712e-03
27.365 3.712e-03
27.364 3.712e-03
27.362 3.712e-03
27.360 3.712e-03
27.358 3.711e-03
27.356 3.711e-03
27.354 3.711e-03
27.353 3.711e-03
27.351 3.711e-03
27.349 3.711e-03
27.347 3.711e-03
27.345 3.711e-03
27.343 3.711e-03
27.342 3.711e-03
27.340 3.711e-03
27.338 3.711e-03
27.336 3.710e-03
27.334 3.710e-03
27.333 3.710e-03
27.331 3.710e-03
27.329 3.710e-03
27.327 3.710e-03
27.325 3.710e-03
27.323 3.710e-03
27.322 3.710e-03
27.320 3.710e-03
27.318 3.710e-03
27.316 3.710e-03
27.314 3.709e-03
27.312 3.709e-03
27.311 3.709e-03
27.309 3.709e-03
27.307 3.709e-03
27.305 3.709e-03
27.303 3.709e-03
27.302 3.709e-03
27.300 3.709e-03
27.298 3.709e-03
27.296 3.709e-03
27.294 3.709e-03
27.292 3.708e-03
27.291 3.708e-03
27.289 3.708e-03
27.287 3.708e-03
27.285 3.708e-03
27.283 3.708e-03
27.282 3.708e-03
27.280 3.708e-03
27.278 3.708e-03
27.276 3.708e-03
27.274 3.708e-03
27.272 3.708e-03
27.271 3.707e-03
27.269 3.707e-03
27.267 3.707e-03
27.265 3.707e-03
27.263 3.707e-03
27.262 3.707e-03
27.260 3.707e-03
27.258 3.707e-03
27.256 3.707e-03
27.254 3.707e-03
27.252 3.707e-03
27.251 3.707e-03
27.249 3.706e-03
27.247 3.706e-03
27.245 3.706e-03
27.243 3.706e-03
27.242 3.706e-03
27.240 3.706e-03
27.238 3.706e-03
27.236 3.706e-03
27.234 3.706e-03
27.232 3.706e-03
27.231 3.706e-03
27.229 3.706e-03
27.227 3.705e-03
27.225 3.705e-03
27.223 3.705e-03
27.222 3.705e-03
27.220 3.705e-03
27.218 3.705e-03
27.216 3.705e-03
27.214 3.705e-03
27.213 3.705e-03
27.211 3.705e-03
27.209 3.705e-03
27.207 3.705e-03
27.205 3.704e-03
27.203 3.704e-03
27.202 3.704e-03
27.200 3.704e-03
27.198 3.704e-03
27.196 3.704e-03
27.194 3.704e-03
27.193 3.704e-03
27.191 3.704e-03
27.189 3.704e-03
27.187 3.704e-03
27.185 3.704e-03
27.184 3.703e-03
27.182 3.703e-03
27.180 3.703e-03
27.178 3.703e-03
27.176 3.703e-03
27.174 3.703e-03
27.173 3.703e-03
27.171 3.703e-03
27.169 3.703e-03
27.167 3.703e-03
27.165 3.703e-03
27.164 3.703e-03
27.162 3.702e-03
27.160 3.702e-03
27.158 3.702e-03
27.156 3.702e-03
27.155 3.702e-03
27.153 3.702e-03
27.151 3.702e-03
27.149 3.702e-03
27.147 3.702e-03
27.145 3.702e-03
27.144 3.702e-03
27.142 3.702e-03
27.140 3.701e-03
27.138 3.701e-03
27.136 3.701e-03
27.135 3.701e-03
27.133 3.701e-03
27.131 3.701e-03
27.129 3.701e-03
27.127 3.701e-03
27.126 3.701e-03
27.124 3.701e-03
27.122 3.701e-03
27.120 3.701e-03
27.118 3.700e-03
27.117 3.700e-03
27.115 3.700e-03
27.113 3.700e-03
27.111 3.700e-03
27.109 3.700e-03
27.107 3.700e-03
27.106 3.700e-03
27.104 3.700e-03
27.102 3.700e-03
27.100 3.700e-03
27.098 3.700e-03
27.097 3.699e-03
27.095 3.699e-03
27.093 3.699e-03
27.091 3.699e-03
27.089 3.699e-03
27.088 3.699e-03
27.086 3.699e-03
27.084 3.699e-03
27.082 3.699e-03
27.080 3.699e-03
27.079 3.699e-03
27.077 3.699e-03
27.075 3.698e-03
27.073 3.698e-03
27.071 3.698e-03
27.070 3.698e-03
27.068 3.698e-03
27.066 3.698e-03
27.064 3.698e-03
27.062 3.698e-03
27.061 3.698e-03
27.059 3.698e-03
27.057 3.698e-03
27.055 3.698e-03
27.053 3.697e-03
27.052 3.697e-03
27.050 3.697e-03
27.048 3.697e-03
27.046 3.697e-03
27.044 3.697e-03
27.043 3.697e-03
27.041 3.697e-03
27.039 3.697e-03
27.037 3.697e-03
27.035 3.697e-03
27.034 3.697e-03
27.032 3.696e-03
27.030 3.696e-03
27.028 3.696e-03
27.026 3.696e-03
27.024 3.696e-03
27.023 3.696e-03
27.021 3.696e-03
27.019 3.696e-03
27.017 3.696e-03
27.015 3.696e-03
27.014 3.696e-03
27.012 3.696e-03
27.010 3.695e-03
27.008 3.695e-03
27.006 3.695e-03
27.005 3.695e-03
27.003 3.695e-03
27.001 3.695e-03
26.999 3.695e-03
26.997 3.695e-03
26.996 3.695e-03
26.994 3.695e-03
26.992 3.695e-03
26.990 3.695e-03
26.988 3.694e-03
26.987 3.694e-03
26.985 3.694e-03
26.983 3.694e-03
26.981 3.694e-03
26.979 3.694e-03
26.978 3.694e-03
26.976 3.694e-03
26.974 3.694e-03
26.972 3.694e-03
26.971 3.694e-03
26.969 3.694e-03
26.967 3.693e-03
26.965 3.693e-03
26.963 3.693e-03
26.962 3.693e-03
26.960 3.693e-03
26.958 3.693e-03
26.956 3.693e-03
26.954 3.693e-03
26.953 3.693e-03
26.951 3.693e-03
26.949 3.693e-03
26.947 3.693e-03
26.945 3.692e-03
26.944 3.692e-03
26.942 3.692e-03
26.940 3.692e-03
26.938 3.692e-03
26.936 3.692e-03
26.935 3.692e-03
26.933 3.692e-03
26.931 3.692e-03
26.929 3.692e-03
26.927 3.692e-03
26.926 3.692e-03
26.924 3.691e-03
26.922 3.691e-03
26.920 3.691e-03
26.918 3.691e-03
26.917 3.691e-03
26.915 3.691e-03
26.913 3.691e-03
26.911 3.691e-03
26.909 3.691e-03
26.908 3.691e-03
26.906 3.691e-03
26.904 3.691e-03
26.902 3.690e-03
26.900 3.690e-03
26.899 3.690e-03
26.897 3.690e-03
26.895 3.690e-03
26.893 3.690e-03
26.892 3.690e-03
26.890 3.690e-03
26.888 3.690e-03
26.886 3.690e-03
26.884 3.690e-03
26.883 3.689e-03
26.881 3.689e-03
26.879 3.689e-03
26.877 3.689e-03
26.875 3.689e-03
26.874 3.689e-03
26.872 3.689e-03
26.870 3.689e-03
26.868 3.689e-03
26.866 3.689e-03
26.865 3.689e-03
26.863 3.689e-03
26.861 3.688e-03
26.859 3.688e-03
26.857 3.688e-03
26.856 3.688e-03
26.854 3.688e-03
26.852 3.688e-03
26.850 3.688e-03
26.849 3.688e-03
26.847 3.688e-03
26.845 3.688e-03
26.843 3.688e-03
26.841 3.688e-03
26.840 3.687e-03
26.838 3.687e-03
26.836 3.687e-03
26.834 3.687e-03
26.832 3.687e-03
26.831 3.687e-03
26.829 3.687e-03
26.827 3.687e-03
26.825 3.687e-03
26.823 3.687e-03
26.822 3.687e-03
26.820 3.687e-03
26.818 3.686e-03
26.816 3.686e-03
26.815 3.686e-03
26.813 3.686e-03
26.811 3.686e-03
26.809 3.686e-03
26.807 3.686e-03
26.806 3.686e-03
26.804 3.686e-03
26.802 3.686e-03
26.800 3.686e-03
26.798 3.686e-03
26.797 3.685e-03
26.795 3.685e-03
26.793 3.685e-03
26.791 3.685e-03
26.790 3.685e-03
26.788 3.685e-03
26.786 3.685e-03
26.784 3.685e-03
26.782 3.685e-03
26.781 3.685e-03
26.779 3.685e-03
26.777 3.685e-03
26.775 3.684e-03
26.773 3.684e-03
26.772 3.684e-03
26.770 3.684e-03
26.768 3.684e-03
26.766 3.684e-03
26.765 3.684e-03
26.763 3.684e-03
26.761 3.684e-03
26.759 3.684e-03
26.757 3.684e-03
26.756 3.684e-03
26.754 3.683e-03
26.752 3.683e-03
26.750 3.683e-03
26.748 3.683e-03
26.747 3.683e-03
26.745 3.683e-03
26.743 3.683e-03
26.741 3.683e-03
26.740 3.683e-03
26.738 3.683e-03
26.736 3.683e-03
26.734 3.683e-03
26.732 3.682e-03
26.731 3.682e-03
26.729 3.682e-03
26.727 3.682e-03
26.725 3.682e-03
26.724 3.682e-03
26.722 3.682e-03
26.720 3.682e-03
26.718 3.682e-03
26.716 3.682e-03
26.715 3.682e-03
26.713 3.681e-03
26.711 3.681e-03
26.709 3.681e-03
26.707 3.681e-03
26.706 3.681e-03
26.704 3.681e-03
26.702 3.681e-03
