exonoodle/TauREX/WASP43b_night_emission_exonoodle.txt
# %ECSV 0.9
# ---
# datatype:
# - {name: wavelength, unit: micron, datatype: float64, format: .3f}
# - {name: flux_ratio, datatype: float64, format: .3e}
# meta: !!omap
# - __serialized_columns__:
#     wavelength:
#       __class__: astropy.units.quantity.Quantity
#       __info__: {format: .3f}
#       unit: !astropy.units.Unit {unit: micron}
#       value: !astropy.table.SerializedColumn {name: wavelength}
# schema: astropy-2.0
wavelength flux_ratio
[from data line 7530]
30.267 3.832e-03
30.265 3.832e-03
30.263 3.832e-03
30.261 3.832e-03
30.259 3.832e-03
30.257 3.832e-03
30.255 3.831e-03
30.253 3.831e-03
30.251 3.831e-03
30.249 3.831e-03
30.247 3.831e-03
30.245 3.831e-03
30.243 3.831e-03
30.241 3.831e-03
30.239 3.831e-03
30.237 3.831e-03
30.235 3.831e-03
30.233 3.831e-03
30.231 3.831e-03
30.229 3.830e-03
30.227 3.830e-03
30.225 3.830e-03
30.223 3.830e-03
30.221 3.830e-03
30.219 3.830e-03
30.217 3.830e-03
30.215 3.830e-03
30.213 3.830e-03
30.211 3.830e-03
30.209 3.830e-03
30.207 3.830e-03
30.205 3.830e-03
30.203 3.829e-03
30.201 3.829e-03
30.199 3.829e-03
30.197 3.829e-03
30.195 3.829e-03
30.193 3.829e-03
30.191 3.829e-03
30.189 3.829e-03
30.187 3.829e-03
30.185 3.829e-03
30.183 3.829e-03
30.181 3.829e-03
30.179 3.829e-03
30.177 3.829e-03
30.175 3.828e-03
30.173 3.828e-03
30.171 3.828e-03
30.169 3.828e-03
30.167 3.828e-03
30.165 3.828e-03
30.163 3.828e-03
30.161 3.828e-03
30.159 3.828e-03
30.157 3.828e-03
30.155 3.828e-03
30.153 3.828e-03
30.151 3.828e-03
30.149 3.827e-03
30.147 3.827e-03
30.145 3.827e-03
30.143 3.827e-03
30.141 3.827e-03
30.139 3.827e-03
30.137 3.827e-03
30.135 3.827e-03
30.133 3.827e-03
30.131 3.827e-03
30.129 3.827e-03
30.127 3.827e-03
30.125 3.827e-03
30.123 3.826e-03
30.121 3.826e-03
30.119 3.826e-03
30.117 3.826e-03
30.115 3.826e-03
30.112 3.826e-03
30.110 3.826e-03
30.108 3.826e-03
30.106 3.826e-03
30.104 3.826e-03
30.102 3.826e-03
30.100 3.826e-03
30.098 3.826e-03
30.096 3.825e-03
30.094 3.825e-03
30.092 3.825e-03
30.090 3.825e-03
30.088 3.825e-03
30.086 3.825e-03
30.084 3.825e-03
30.082 3.825e-03
30.080 3.825e-03
30.078 3.825e-03
30.076 3.825e-03
30.074 3.825e-03
30.072 3.825e-03
30.070 3.824e-03
30.068 3.824e-03
30.066 3.824e-03
30.064 3.824e-03
30.062 3.824e-03
30.060 3.824e-03
30.058 3.824e-03
30.056 3.824e-03
30.054 3.824e-03
30.052 3.824e-03
30.050 3.824e-03
30.048 3.824e-03
30.046 3.824e-03
30.044 3.823e-03
30.042 3.823e-03
30.040 3.823e-03
30.038 3.823e-03
30.036 3.823e-03
30.034 3.823e-03
30.032 3.823e-03
30.030 3.823e-03
30.028 3.823e-03
30.026 3.823e-03
30.024 3.823e-03
30.022 3.823e-03
30.020 3.823e-03
30.018 3.822e-03
30.016 3.822e-03
30.014 3.822e-03
30.012 3.822e-03
30.010 3.822e-03
30.008 3.822e-03
30.006 3.822e-03
30.004 3.822e-03
30.002 3.822e-03
30.000 3.822e-03
29.998 3.822e-03
29.996 3.822e-03
29.994 3.822e-03
29.992 3.821e-03
29.990 3.821e-03
29.988 3.821e-03
29.986 3.821e-03
29.984 3.821e-03
29.982 3.821e-03
29.980 3.821e-03
29.978 3.821e-03
29.976 3.821e-03
29.974 3.821e-03
29.972 3.821e-03
29.970 3.821e-03
29.968 3.820e-03
29.966 3.820e-03
29.964 3.820e-03
29.962 3.820e-03
29.960 3.820e-03
29.958 3.820e-03
29.956 3.820e-03
29.954 3.820e-03
29.952 3.820e-03
29.950 3.820e-03
29.948 3.820e-03
29.946 3.820e-03
29.944 3.820e-03
29.942 3.819e-03
29.940 3.819e-03
29.938 3.819e-03
29.936 3.819e-03
29.934 3.819e-03
29.932 3.819e-03
29.930 3.819e-03
29.928 3.819e-03
29.926 3.819e-03
29.924 3.819e-03
29.922 3.819e-03
29.920 3.819e-03
29.918 3.819e-03
29.916 3.818e-03
29.914 3.818e-03
29.912 3.818e-03
29.910 3.818e-03
29.908 3.818e-03
29.906 3.818e-03
29.904 3.818e-03
29.902 3.818e-03
29.900 3.818e-03
29.898 3.818e-03
29.896 3.818e-03
29.894 3.818e-03
29.892 3.818e-03
29.890 3.817e-03
29.889 3.817e-03
29.887 3.817e-03
29.885 3.817e-03
29.883 3.817e-03
29.881 3.817e-03
29.879 3.817e-03
29.877 3.817e-03
29.875 3.817e-03
29.873 3.817e-03
29.871 3.817e-03
29.869 3.817e-03
29.867 3.817e-03
29.865 3.816e-03
29.863 3.816e-03
29.861 3.816e-03
29.859 3.816e-03
29.857 3.816e-03
29.855 3.816e-03
29.853 3.816e-03
29.851 3.816e-03
29.849 3.816e-03
29.847 3.816e-03
29.845 3.816e-03
29.843 3.816e-03
29.841 3.816e-03
29.839 3.815e-03
29.837 3.815e-03
29.835 3.815e-03
29.833 3.815e-03
29.831 3.815e-03
29.829 3.815e-03
29.827 3.815e-03
29.825 3.815e-03
29.823 3.815e-03
29.821 3.815e-03
29.819 3.815e-03
29.817 3.815e-03
29.815 3.815e-03
29.813 3.814e-03
29.811 3.814e-03
29.809 3.814e-03
29.807 3.814e-03
29.805 3.814e-03
29.803 3.814e-03
29.801 3.814e-03
29.799 3.814e-03
29.797 3.814e-03
29.795 3.814e-03
29.793 3.814e-03
29.791 3.814e-03
29.789 3.814e-03
29.787 3.813e-03
29.785 3.813e-03
29.783 3.813e-03
29.781 3.813e-03
29.779 3.813e-03
29.777 3.813e-03
29.775 3.813e-03
29.773 3.813e-03
29.771 3.813e-03
29.769 3.813e-03
29.767 3.813e-03
29.765 3.813e-03
29.763 3.813e-03
29.761 3.812e-03
29.759 3.812e-03
29.757 3.812e-03
29.755 3.812e-03
29.753 3.812e-03
29.751 3.812e-03
29.749 3.812e-03
29.747 3.812e-03
29.745 3.812e-03
29.743 3.812e-03
29.741 3.812e-03
29.739 3.812e-03
29.737 3.812e-03
29.735 3.811e-03
29.733 3.811e-03
29.732 3.811e-03
29.730 3.811e-03
29.728 3.811e-03
29.726 3.811e-03
29.724 3.811e-03
29.722 3.811e-03
29.720 3.811e-03
29.718 3.811e-03
29.716 3.811e-03
29.714 3.811e-03
29.712 3.811e-03
29.710 3.810e-03
29.708 3.810e-03
29.706 3.810e-03
29.704 3.810e-03
29.702 3.810e-03
29.700 3.810e-03
29.698 3.810e-03
29.696 3.810e-03
29.694 3.810e-03
29.692 3.810e-03
29.690 3.810e-03
29.688 3.810e-03
29.686 3.810e-03
29.684 3.809e-03
29.682 3.809e-03
29.680 3.809e-03
29.678 3.809e-03
29.676 3.809e-03
29.674 3.809e-03
29.672 3.809e-03
29.670 3.809e-03
29.668 3.809e-03
29.666 3.809e-03
29.664 3.809e-03
29.662 3.809e-03
29.660 3.809e-03
29.658 3.808e-03
29.656 3.808e-03
29.654 3.808e-03
29.652 3.808e-03
29.650 3.808e-03
29.648 3.808e-03
29.646 3.808e-03
29.644 3.808e-03
29.642 3.808e-03
29.640 3.808e-03
29.638 3.808e-03
29.637 3.808e-03
29.635 3.808e-03
29.633 3.807e-03
29.631 3.807e-03
29.629 3.807e-03
29.627 3.807e-03
29.625 3.807e-03
29.623 3.807e-03
29.621 3.807e-03
29.619 3.807e-03
29.617 3.807e-03
29.615 3.807e-03
29.613 3.807e-03
29.611 3.807e-03
29.609 3.806e-03
29.607 3.806e-03
29.605 3.806e-03
29.603 3.806e-03
29.601 3.806e-03
29.599 3.806e-03
29.597 3.806e-03
29.595 3.806e-03
29.593 3.806e-03
29.591 3.806e-03
29.589 3.806e-03
29.587 3.806e-03
29.585 3.806e-03
29.583 3.805e-03
29.581 3.805e-03
29.579 3.805e-03
29.577 3.805e-03
29.575 3.805e-03
29.573 3.805e-03
29.571 3.805e-03
29.569 3.805e-03
29.567 3.805e-03
29.565 3.805e-03
29.564 3.805e-03
29.562 3.805e-03
29.560 3.805e-03
29.558 3.804e-03
29.556 3.804e-03
29.554 3.804e-03
29.552 3.804e-03
29.550 3.804e-03
29.548 3.804e-03
29.546 3.804e-03
29.544 3.804e-03
29.542 3.804e-03
29.540 3.804e-03
29.538 3.804e-03
29.536 3.804e-03
29.534 3.804e-03
29.532 3.803e-03
29.530 3.803e-03
29.528 3.803e-03
29.526 3.803e-03
29.524 3.803e-03
29.522 3.803e-03
29.520 3.803e-03
29.518 3.803e-03
29.516 3.803e-03
29.514 3.803e-03
29.512 3.803e-03
29.510 3.803e-03
29.508 3.803e-03
29.506 3.802e-03
29.504 3.802e-03
29.502 3.802e-03
29.501 3.802e-03
29.499 3.802e-03
29.497 3.802e-03
29.495 3.802e-03
29.493 3.802e-03
29.491 3.802e-03
29.489 3.802e-03
29.487 3.802e-03
29.485 3.802e-03
29.483 3.802e-03
29.481 3.801e-03
29.479 3.801e-03
29.477 3.801e-03
29.475 3.801e-03
29.473 3.801e-03
29.471 3.801e-03
29.469 3.801e-03
29.467 3.801e-03
29.465 3.801e-03
29.463 3.801e-03
29.461 3.801e-03
29.459 3.801e-03
29.457 3.801e-03
29.455 3.800e-03
29.453 3.800e-03
29.451 3.800e-03
29.449 3.800e-03
29.447 3.800e-03
29.445 3.800e-03
29.444 3.800e-03
29.442 3.800e-03
29.440 3.800e-03
29.438 3.800e-03
29.436 3.800e-03
29.434 3.800e-03
29.432 3.799e-03
29.430 3.799e-03
29.428 3.799e-03
29.426 3.799e-03
29.424 3.799e-03
29.422 3.799e-03
29.420 3.799e-03
29.418 3.799e-03
29.416 3.799e-03
29.414 3.799e-03
29.412 3.799e-03
29.410 3.799e-03
29.408 3.799e-03
29.406 3.798e-03
29.404 3.798e-03
29.402 3.798e-03
29.400 3.798e-03
29.398 3.798e-03
29.396 3.798e-03
29.395 3.798e-03
29.393 3.798e-03
29.391 3.798e-03
29.389 3.798e-03
29.387 3.798e-03
29.385 3.798e-03
29.383 3.798e-03
29.381 3.797e-03
29.379 3.797e-03
29.377 3.797e-03
29.375 3.797e-03
29.373 3.797e-03
29.371 3.797e-03
29.369 3.797e-03
29.367 3.797e-03
29.365 3.797e-03
29.363 3.797e-03
29.361 3.797e-03
29.359 3.797e-03
29.357 3.797e-03
29.355 3.796e-03
29.353 3.796e-03
29.351 3.796e-03
29.349 3.796e-03
29.348 3.796e-03
29.346 3.796e-03
29.344 3.796e-03
29.342 3.796e-03
29.340 3.796e-03
29.338 3.796e-03
29.336 3.796e-03
29.334 3.796e-03
29.332 3.796e-03
29.330 3.795e-03
29.328 3.795e-03
29.326 3.795e-03
29.324 3.795e-03
29.322 3.795e-03
29.320 3.795e-03
29.318 3.795e-03
29.316 3.795e-03
29.314 3.795e-03
29.312 3.795e-03
29.310 3.795e-03
29.308 3.795e-03
29.306 3.794e-03
29.305 3.794e-03
29.303 3.794e-03
29.301 3.794e-03
29.299 3.794e-03
29.297 3.794e-03
29.295 3.794e-03
29.293 3.794e-03
29.291 3.794e-03
29.289 3.794e-03
29.287 3.794e-03
29.285 3.794e-03
29.283 3.794e-03
29.281 3.793e-03
29.279 3.793e-03
29.277 3.793e-03
29.275 3.793e-03
29.273 3.793e-03
29.271 3.793e-03
29.269 3.793e-03
29.267 3.793e-03
29.265 3.793e-03
29.264 3.793e-03
29.262 3.793e-03
29.260 3.793e-03
29.258 3.793e-03
29.256 3.792e-03
29.254 3.792e-03
29.252 3.792e-03
29.250 3.792e-03
29.248 3.792e-03
29.246 3.792e-03
29.244 3.792e-03
29.242 3.792e-03
29.240 3.792e-03
29.238 3.792e-03
29.236 3.792e-03
29.234 3.792e-03
29.232 3.792e-03
29.230 3.791e-03
29.228 3.791e-03
29.226 3.791e-03
29.225 3.791e-03
29.223 3.791e-03
29.221 3.791e-03
29.219 3.791e-03
29.217 3.791e-03
29.215 3.791e-03
29.213 3.791e-03
29.211 3.791e-03
29.209 3.791e-03
29.207 3.790e-03
29.205 3.790e-03
29.203 3.790e-03
29.201 3.790e-03
29.199 3.790e-03
29.197 3.790e-03
29.195 3.790e-03
29.193 3.790e-03
29.191 3.790e-03
29.189 3.790e-03
29.188 3.790e-03
29.186 3.790e-03
29.184 3.790e-03
29.182 3.789e-03
29.180 3.789e-03
29.178 3.789e-03
29.176 3.789e-03
29.174 3.789e-03
29.172 3.789e-03
29.170 3.789e-03
29.168 3.789e-03
29.166 3.789e-03
29.164 3.789e-03
29.162 3.789e-03
29.160 3.789e-03
29.158 3.789e-03
29.156 3.788e-03
29.154 3.788e-03
29.153 3.788e-03
29.151 3.788e-03
29.149 3.788e-03
29.147 3.788e-03
29.145 3.788e-03
29.143 3.788e-03
29.141 3.788e-03
29.139 3.788e-03
29.137 3.788e-03
29.135 3.788e-03
29.133 3.788e-03
29.131 3.787e-03
29.129 3.787e-03
29.127 3.787e-03
29.125 3.787e-03
29.123 3.787e-03
29.121 3.787e-03
29.119 3.787e-03
29.118 3.787e-03
29.116 3.787e-03
29.114 3.787e-03
29.112 3.787e-03
29.110 3.787e-03
29.108 3.786e-03
29.106 3.786e-03
29.104 3.786e-03
29.102 3.786e-03
29.100 3.786e-03
29.098 3.786e-03
29.096 3.786e-03
29.094 3.786e-03
29.092 3.786e-03
29.090 3.786e-03
29.088 3.786e-03
29.087 3.786e-03
29.085 3.786e-03
29.083 3.785e-03
29.081 3.785e-03
29.079 3.785e-03
29.077 3.785e-03
29.075 3.785e-03
29.073 3.785e-03
29.071 3.785e-03
29.069 3.785e-03
29.067 3.785e-03
29.065 3.785e-03
29.063 3.785e-03
29.061 3.785e-03
29.059 3.785e-03
29.057 3.784e-03
29.056 3.784e-03
29.054 3.784e-03
29.052 3.784e-03
29.050 3.784e-03
29.048 3.784e-03
29.046 3.784e-03
29.044 3.784e-03
29.042 3.784e-03
29.040 3.784e-03
29.038 3.784e-03
29.036 3.784e-03
29.034 3.783e-03
29.032 3.783e-03
29.030 3.783e-03
29.028 3.783e-03
29.026 3.783e-03
29.025 3.783e-03
29.023 3.783e-03
29.021 3.783e-03
29.019 3.783e-03
29.017 3.783e-03
29.015 3.783e-03
29.013 3.783e-03
29.011 3.783e-03
29.009 3.782e-03
29.007 3.782e-03
29.005 3.782e-03
29.003 3.782e-03
29.001 3.782e-03
28.999 3.782e-03
28.997 3.782e-03
28.996 3.782e-03
28.994 3.782e-03
28.992 3.782e-03
28.990 3.782e-03
28.988 3.782e-03
28.986 3.782e-03
28.984 3.781e-03
28.982 3.781e-03
28.980 3.781e-03
28.978 3.781e-03
28.976 3.781e-03
28.974 3.781e-03
28.972 3.781e-03
28.970 3.781e-03
28.968 3.781e-03
28.967 3.781e-03
28.965 3.781e-03
28.963 3.781e-03
28.961 3.780e-03
28.959 3.780e-03
28.957 3.780e-03
28.955 3.780e-03
28.953 3.780e-03
28.951 3.780e-03
28.949 3.780e-03
28.947 3.780e-03
28.945 3.780e-03
28.943 3.780e-03
28.941 3.780e-03
28.940 3.780e-03
28.938 3.780e-03
28.936 3.779e-03
28.934 3.779e-03
28.932 3.779e-03
28.930 3.779e-03
28.928 3.779e-03
28.926 3.779e-03
28.924 3.779e-03
28.922 3.779e-03
28.920 3.779e-03
28.918 3.779e-03
28.916 3.779e-03
28.914 3.779e-03
28.913 3.779e-03
28.911 3.778e-03
28.909 3.778e-03
28.907 3.778e-03
28.905 3.778e-03
28.903 3.778e-03
28.901 3.778e-03
28.899 3.778e-03
28.897 3.778e-03
28.895 3.778e-03
28.893 3.778e-03
28.891 3.778e-03
28.889 3.778e-03
28.887 3.777e-03
28.886 3.777e-03
28.884 3.777e-03
28.882 3.777e-03
28.880 3.777e-03
28.878 3.777e-03
28.876 3.777e-03
28.874 3.777e-03
28.872 3.777e-03
28.870 3.777e-03
28.868 3.777e-03
28.866 3.777e-03
28.864 3.777e-03
28.862 3.776e-03
28.861 3.776e-03
28.859 3.776e-03
28.857 3.776e-03
28.855 3.776e-03
28.853 3.776e-03
28.851 3.776e-03
28.849 3.776e-03
28.847 3.776e-03
28.845 3.776e-03
28.843 3.776e-03
28.841 3.776e-03
28.839 3.776e-03
28.837 3.775e-03
28.836 3.775e-03
28.834 3.775e-03
28.832 3.775e-03
28.830 3.775e-03
28.828 3.775e-03
28.826 3.775e-03
28.824 3.775e-03
28.822 3.775e-03
28.820 3.775e-03
28.818 3.775e-03
28.816 3.775e-03
28.814 3.774e-03
28.812 3.774e-03
28.811 3.774e-03
28.809 3.774e-03
28.807 3.774e-03
28.805 3.774e-03
28.803 3.774e-03
28.801 3.774e-03
28.799 3.774e-03
28.797 3.774e-03
28.795 3.774e-03
28.793 3.774e-03
28.791 3.774e-03
28.789 3.773e-03
28.788 3.773e-03
28.786 3.773e-03
28.784 3.773e-03
28.782 3.773e-03
28.780 3.773e-03
28.778 3.773e-03
28.776 3.773e-03
28.774 3.773e-03
28.772 3.773e-03
28.770 3.773e-03
28.768 3.773e-03
28.766 3.772e-03
28.764 3.772e-03
28.763 3.772e-03
28.761 3.772e-03
28.759 3.772e-03
28.757 3.772e-03
28.755 3.772e-03
28.753 3.772e-03
28.751 3.772e-03
28.749 3.772e-03
28.747 3.772e-03
28.745 3.772e-03
28.743 3.772e-03
28.741 3.771e-03
28.740 3.771e-03
28.738 3.771e-03
28.736 3.771e-03
28.734 3.771e-03
28.732 3.771e-03
28.730 3.771e-03
28.728 3.771e-03
28.726 3.771e-03
28.724 3.771e-03
28.722 3.771e-03
28.720 3.771e-03
28.719 3.771e-03
28.717 3.770e-03
28.715 3.770e-03
28.713 3.770e-03
28.711 3.770e-03
28.709 3.770e-03
28.707 3.770e-03
28.705 3.770e-03
28.703 3.770e-03
28.701 3.770e-03
28.699 3.770e-03
28.697 3.770e-03
28.696 3.770e-03
28.694 3.769e-03
28.692 3.769e-03
28.690 3.769e-03
28.688 3.769e-03
28.686 3.769e-03
28.684 3.769e-03
28.682 3.769e-03
28.680 3.769e-03
28.678 3.769e-03
28.676 3.769e-03
28.675 3.769e-03
28.673 3.769e-03
28.671 3.769e-03
28.669 3.768e-03
28.667 3.768e-03
28.665 3.768e-03
28.663 3.768e-03
28.661 3.768e-03
28.659 3.768e-03
28.657 3.768e-03
28.655 3.768e-03
28.653 3.768e-03
28.652 3.768e-03
28.650 3.768e-03
28.648 3.768e-03
28.646 3.767e-03
28.644 3.767e-03
28.642 3.767e-03
28.640 3.767e-03
28.638 3.767e-03
28.636 3.767e-03
28.634 3.767e-03
28.632 3.767e-03
28.631 3.767e-03
28.629 3.767e-03
28.627 3.767e-03
28.625 3.767e-03
28.623 3.767e-03
28.621 3.766e-03
28.619 3.766e-03
28.617 3.766e-03
28.615 3.766e-03
28.613 3.766e-03
28.611 3.766e-03
28.610 3.766e-03
28.608 3.766e-03
28.606 3.766e-03
28.604 3.766e-03
28.602 3.766e-03
28.600 3.766e-03
28.598 3.765e-03
28.596 3.765e-03
28.594 3.765e-03
28.592 3.765e-03
28.591 3.765e-03
28.589 3.765e-03
28.587 3.765e-03
28.585 3.765e-03
28.583 3.765e-03
28.581 3.765e-03
28.579 3.765e-03
28.577 3.765e-03
28.575 3.765e-03
28.573 3.764e-03
28.571 3.764e-03
28.570 3.764e-03
28.568 3.764e-03
28.566 3.764e-03
28.564 3.764e-03
28.562 3.764e-03
28.560 3.764e-03
28.558 3.764e-03
28.556 3.764e-03
28.554 3.764e-03
28.552 3.764e-03
28.551 3.763e-03
28.549 3.763e-03
28.547 3.763e-03
28.545 3.763e-03
28.543 3.763e-03
28.541 3.763e-03
28.539 3.763e-03
28.537 3.763e-03
28.535 3.763e-03
28.533 3.763e-03
28.531 3.763e-03
28.530 3.763e-03
28.528 3.763e-03
28.526 3.762e-03
28.524 3.762e-03
28.522 3.762e-03
28.520 3.762e-03
28.518 3.762e-03
28.516 3.762e-03
28.514 3.762e-03
28.512 3.762e-03
28.511 3.762e-03
28.509 3.762e-03
28.507 3.762e-03
28.505 3.762e-03
28.503 3.761e-03
28.501 3.761e-03
28.499 3.761e-03
28.497 3.761e-03
28.495 3.761e-03
28.493 3.761e-03
28.492 3.761e-03
28.490 3.761e-03
28.488 3.761e-03
28.486 3.761e-03
28.484 3.761e-03
28.482 3.761e-03
28.480 3.761e-03
28.478 3.760e-03
28.476 3.760e-03
28.474 3.760e-03
28.473 3.760e-03
28.471 3.760e-03
28.469 3.760e-03
28.467 3.760e-03
28.465 3.760e-03
28.463 3.760e-03
28.461 3.760e-03
28.459 3.760e-03
28.457 3.760e-03
28.456 3.759e-03
28.454 3.759e-03
28.452 3.759e-03
28.450 3.759e-03
28.448 3.759e-03
28.446 3.759e-03
28.444 3.759e-03
28.442 3.759e-03
28.440 3.759e-03
28.438 3.759e-03
28.437 3.759e-03
28.435 3.759e-03
28.433 3.759e-03
28.431 3.758e-03
