exonoodle/TauREX/WASP43b_night_emission_exonoodle.txt
# %ECSV 0.9
# ---
# datatype:
# - {name: wavelength, unit: micron, datatype: float64, format: .3f}
# - {name: flux_ratio, datatype: float64, format: .3e}
# meta: !!omap
# - __serialized_columns__:
#     wavelength:
#       __class__: astropy.units.quantity.Quantity
#       __info__: {format: .3f}
#       unit: !astropy.units.Unit {unit: micron}
#       value: !astropy.table.SerializedColumn {name: wavelength}
# schema: astropy-2.0
wavelength flux_ratio
[from data line 48492]
1.973 6.297e-05
1.972 6.295e-05
1.972 6.294e-05
1.972 6.293e-05
1.972 6.292e-05
1.972 6.290e-05
1.972 6.289e-05
1.972 6.288e-05
1.972 6.286e-05
1.971 6.285e-05
1.971 6.284e-05
1.971 6.282e-05
1.971 6.281e-05
1.971 6.280e-05
1.971 6.278e-05
1.971 6.277e-05
1.971 6.276e-05
1.970 6.275e-05
1.970 6.273e-05
1.970 6.272e-05
1.970 6.271e-05
1.970 6.269e-05
1.970 6.268e-05
1.970 6.267e-05
1.969 6.265e-05
1.969 6.264e-05
1.969 6.263e-05
1.969 6.262e-05
1.969 6.260e-05
1.969 6.259e-05
1.969 6.258e-05
1.969 6.256e-05
1.968 6.255e-05
1.968 6.254e-05
1.968 6.252e-05
1.968 6.251e-05
1.968 6.250e-05
1.968 6.249e-05
1.968 6.247e-05
1.968 6.246e-05
1.967 6.244e-05
1.967 6.243e-05
1.967 6.242e-05
1.967 6.241e-05
1.967 6.239e-05
1.967 6.238e-05
1.967 6.237e-05
1.966 6.236e-05
1.966 6.234e-05
1.966 6.233e-05
1.966 6.232e-05
1.966 6.230e-05
1.966 6.229e-05
1.966 6.228e-05
1.966 6.227e-05
1.965 6.225e-05
1.965 6.224e-05
1.965 6.223e-05
1.965 6.221e-05
1.965 6.220e-05
1.965 6.219e-05
1.965 6.217e-05
1.964 6.216e-05
1.964 6.215e-05
1.964 6.214e-05
1.964 6.212e-05
1.964 6.211e-05
1.964 6.210e-05
1.964 6.209e-05
1.964 6.207e-05
1.963 6.206e-05
1.963 6.205e-05
1.963 6.203e-05
1.963 6.202e-05
1.963 6.201e-05
1.963 6.200e-05
1.963 6.198e-05
1.963 6.197e-05
1.962 6.196e-05
1.962 6.195e-05
1.962 6.193e-05
1.962 6.192e-05
1.962 6.191e-05
1.962 6.190e-05
1.962 6.188e-05
1.961 6.187e-05
1.961 6.186e-05
1.961 6.185e-05
1.961 6.183e-05
1.961 6.182e-05
1.961 6.181e-05
1.961 6.180e-05
1.961 6.178e-05
1.960 6.177e-05
1.960 6.176e-05
1.960 6.175e-05
1.960 6.173e-05
1.960 6.172e-05
1.960 6.171e-05
1.960 6.170e-05
1.960 6.169e-05
1.959 6.167e-05
1.959 6.166e-05
1.959 6.165e-05
1.959 6.163e-05
1.959 6.162e-05
1.959 6.161e-05
1.959 6.160e-05
1.958 6.158e-05
1.958 6.157e-05
1.958 6.156e-05
1.958 6.155e-05
1.958 6.154e-05
1.958 6.152e-05
1.958 6.151e-05
1.958 6.150e-05
1.957 6.149e-05
1.957 6.148e-05
1.957 6.146e-05
1.957 6.145e-05
1.957 6.144e-05
1.957 6.143e-05
1.957 6.142e-05
1.957 6.140e-05
1.956 6.139e-05
1.956 6.138e-05
1.956 6.137e-05
1.956 6.135e-05
1.956 6.134e-05
1.956 6.133e-05
1.956 6.132e-05
1.955 6.131e-05
1.955 6.129e-05
1.955 6.128e-05
1.955 6.127e-05
1.955 6.126e-05
1.955 6.125e-05
1.955 6.124e-05
1.955 6.122e-05
1.954 6.121e-05
1.954 6.120e-05
1.954 6.119e-05
1.954 6.118e-05
1.954 6.116e-05
1.954 6.115e-05
1.954 6.114e-05
1.954 6.113e-05
1.953 6.112e-05
1.953 6.110e-05
1.953 6.109e-05
1.953 6.108e-05
1.953 6.107e-05
1.953 6.106e-05
1.953 6.104e-05
1.952 6.103e-05
1.952 6.102e-05
1.952 6.101e-05
1.952 6.100e-05
1.952 6.099e-05
1.952 6.097e-05
1.952 6.096e-05
1.952 6.095e-05
1.951 6.094e-05
1.951 6.093e-05
1.951 6.092e-05
1.951 6.090e-05
1.951 6.089e-05
1.951 6.088e-05
1.951 6.087e-05
1.951 6.086e-05
1.950 6.085e-05
1.950 6.084e-05
1.950 6.082e-05
1.950 6.081e-05
1.950 6.080e-05
1.950 6.079e-05
1.950 6.078e-05
1.949 6.077e-05
1.949 6.075e-05
1.949 6.074e-05
1.949 6.073e-05
1.949 6.072e-05
1.949 6.071e-05
1.949 6.070e-05
1.949 6.068e-05
1.948 6.067e-05
1.948 6.066e-05
1.948 6.065e-05
1.948 6.064e-05
1.948 6.063e-05
1.948 6.062e-05
1.948 6.061e-05
1.948 6.060e-05
1.947 6.059e-05
1.947 6.057e-05
1.947 6.056e-05
1.947 6.055e-05
1.947 6.054e-05
1.947 6.053e-05
1.947 6.052e-05
1.946 6.051e-05
1.946 6.049e-05
1.946 6.048e-05
1.946 6.047e-05
1.946 6.046e-05
1.946 6.045e-05
1.946 6.044e-05
1.946 6.043e-05
1.945 6.042e-05
1.945 6.041e-05
1.945 6.039e-05
1.945 6.038e-05
1.945 6.037e-05
1.945 6.036e-05
1.945 6.035e-05
1.945 6.034e-05
1.944 6.033e-05
1.944 6.032e-05
1.944 6.031e-05
1.944 6.030e-05
1.944 6.029e-05
1.944 6.028e-05
1.944 6.027e-05
1.944 6.026e-05
1.943 6.025e-05
1.943 6.024e-05
1.943 6.023e-05
1.943 6.021e-05
1.943 6.020e-05
1.943 6.019e-05
1.943 6.018e-05
1.942 6.017e-05
1.942 6.016e-05
1.942 6.015e-05
1.942 6.014e-05
1.942 6.013e-05
1.942 6.012e-05
1.942 6.011e-05
1.942 6.010e-05
1.941 6.009e-05
1.941 6.008e-05
1.941 6.007e-05
1.941 6.006e-05
1.941 6.005e-05
1.941 6.004e-05
1.941 6.003e-05
1.941 6.002e-05
1.940 6.001e-05
1.940 6.000e-05
1.940 5.999e-05
1.940 5.998e-05
1.940 5.997e-05
1.940 5.996e-05
1.940 5.995e-05
1.940 5.994e-05
1.939 5.993e-05
1.939 5.992e-05
1.939 5.991e-05
1.939 5.990e-05
1.939 5.989e-05
1.939 5.988e-05
1.939 5.987e-05
1.938 5.986e-05
1.938 5.985e-05
1.938 5.984e-05
1.938 5.983e-05
1.938 5.982e-05
1.938 5.981e-05
1.938 5.980e-05
1.938 5.979e-05
1.937 5.978e-05
1.937 5.977e-05
1.937 5.976e-05
1.937 5.975e-05
1.937 5.974e-05
1.937 5.973e-05
1.937 5.972e-05
1.937 5.971e-05
1.936 5.970e-05
1.936 5.969e-05
1.936 5.968e-05
1.936 5.967e-05
1.936 5.966e-05
1.936 5.965e-05
1.936 5.964e-05
1.935 5.964e-05
1.935 5.963e-05
1.935 5.962e-05
1.935 5.961e-05
1.935 5.960e-05
1.935 5.959e-05
1.935 5.958e-05
1.935 5.957e-05
1.934 5.956e-05
1.934 5.955e-05
1.934 5.954e-05
1.934 5.953e-05
1.934 5.952e-05
1.934 5.951e-05
1.934 5.950e-05
1.934 5.949e-05
1.933 5.949e-05
1.933 5.948e-05
1.933 5.947e-05
1.933 5.946e-05
1.933 5.945e-05
1.933 5.944e-05
1.933 5.943e-05
1.933 5.942e-05
1.932 5.941e-05
1.932 5.940e-05
1.932 5.939e-05
1.932 5.938e-05
1.932 5.938e-05
1.932 5.937e-05
1.932 5.936e-05
1.932 5.935e-05
1.931 5.934e-05
1.931 5.933e-05
1.931 5.932e-05
1.931 5.931e-05
1.931 5.930e-05
1.931 5.929e-05
1.931 5.929e-05
1.930 5.928e-05
1.930 5.927e-05
1.930 5.926e-05
1.930 5.925e-05
1.930 5.924e-05
1.930 5.923e-05
1.930 5.923e-05
1.930 5.922e-05
1.929 5.921e-05
1.929 5.920e-05
1.929 5.919e-05
1.929 5.918e-05
1.929 5.917e-05
1.929 5.916e-05
1.929 5.915e-05
1.929 5.915e-05
1.928 5.914e-05
1.928 5.913e-05
1.928 5.912e-05
1.928 5.911e-05
1.928 5.911e-05
1.928 5.910e-05
1.928 5.909e-05
1.928 5.908e-05
1.927 5.907e-05
1.927 5.906e-05
1.927 5.905e-05
1.927 5.904e-05
1.927 5.903e-05
1.927 5.903e-05
1.927 5.902e-05
1.926 5.901e-05
1.926 5.900e-05
1.926 5.899e-05
1.926 5.899e-05
1.926 5.898e-05
1.926 5.897e-05
1.926 5.896e-05
1.926 5.895e-05
1.925 5.894e-05
1.925 5.894e-05
1.925 5.893e-05
1.925 5.892e-05
1.925 5.891e-05
1.925 5.890e-05
1.925 5.889e-05
1.925 5.888e-05
1.924 5.888e-05
1.924 5.887e-05
1.924 5.886e-05
1.924 5.885e-05
1.924 5.884e-05
1.924 5.884e-05
1.924 5.883e-05
1.924 5.882e-05
1.923 5.881e-05
1.923 5.880e-05
1.923 5.880e-05
1.923 5.879e-05
1.923 5.878e-05
1.923 5.877e-05
1.923 5.876e-05
1.923 5.876e-05
1.922 5.875e-05
1.922 5.874e-05
1.922 5.873e-05
1.922 5.872e-05
1.922 5.872e-05
1.922 5.871e-05
1.922 5.870e-05
1.921 5.869e-05
1.921 5.869e-05
1.921 5.868e-05
1.921 5.867e-05
1.921 5.866e-05
1.921 5.865e-05
1.921 5.864e-05
1.921 5.864e-05
1.920 5.863e-05
1.920 5.862e-05
1.920 5.861e-05
1.920 5.861e-05
1.920 5.860e-05
1.920 5.859e-05
1.920 5.858e-05
1.920 5.858e-05
1.919 5.857e-05
1.919 5.856e-05
1.919 5.855e-05
1.919 5.854e-05
1.919 5.854e-05
1.919 5.853e-05
1.919 5.852e-05
1.919 5.852e-05
1.918 5.851e-05
1.918 5.850e-05
1.918 5.849e-05
1.918 5.849e-05
1.918 5.848e-05
1.918 5.847e-05
1.918 5.846e-05
1.918 5.845e-05
1.917 5.845e-05
1.917 5.844e-05
1.917 5.843e-05
1.917 5.843e-05
1.917 5.842e-05
1.917 5.841e-05
1.917 5.840e-05
1.916 5.840e-05
1.916 5.839e-05
1.916 5.838e-05
1.916 5.837e-05
1.916 5.836e-05
1.916 5.836e-05
1.916 5.835e-05
1.916 5.834e-05
1.915 5.834e-05
1.915 5.833e-05
1.915 5.832e-05
1.915 5.832e-05
1.915 5.831e-05
1.915 5.830e-05
1.915 5.829e-05
1.915 5.828e-05
1.914 5.828e-05
1.914 5.827e-05
1.914 5.827e-05
1.914 5.826e-05
1.914 5.825e-05
1.914 5.824e-05
1.914 5.824e-05
1.914 5.823e-05
1.913 5.822e-05
1.913 5.821e-05
1.913 5.821e-05
1.913 5.820e-05
1.913 5.819e-05
1.913 5.819e-05
1.913 5.818e-05
1.913 5.817e-05
1.912 5.817e-05
1.912 5.816e-05
1.912 5.815e-05
1.912 5.814e-05
1.912 5.814e-05
1.912 5.813e-05
1.912 5.812e-05
1.912 5.812e-05
1.911 5.811e-05
1.911 5.810e-05
1.911 5.810e-05
1.911 5.809e-05
1.911 5.808e-05
1.911 5.808e-05
1.911 5.807e-05
1.911 5.806e-05
1.910 5.806e-05
1.910 5.805e-05
1.910 5.804e-05
1.910 5.804e-05
1.910 5.803e-05
1.910 5.802e-05
1.910 5.802e-05
1.909 5.801e-05
1.909 5.800e-05
1.909 5.800e-05
1.909 5.799e-05
1.909 5.798e-05
1.909 5.797e-05
1.909 5.797e-05
1.909 5.796e-05
1.908 5.795e-05
1.908 5.795e-05
1.908 5.794e-05
1.908 5.794e-05
1.908 5.793e-05
1.908 5.792e-05
1.908 5.792e-05
1.908 5.791e-05
1.907 5.790e-05
1.907 5.790e-05
1.907 5.789e-05
1.907 5.788e-05
1.907 5.788e-05
1.907 5.787e-05
1.907 5.786e-05
1.907 5.786e-05
1.906 5.785e-05
1.906 5.784e-05
1.906 5.784e-05
1.906 5.783e-05
1.906 5.782e-05
1.906 5.782e-05
1.906 5.781e-05
1.906 5.781e-05
1.905 5.780e-05
1.905 5.779e-05
1.905 5.779e-05
1.905 5.778e-05
1.905 5.777e-05
1.905 5.777e-05
1.905 5.776e-05
1.905 5.776e-05
1.904 5.775e-05
1.904 5.774e-05
1.904 5.774e-05
1.904 5.773e-05
1.904 5.772e-05
1.904 5.772e-05
1.904 5.771e-05
1.904 5.770e-05
1.903 5.770e-05
1.903 5.769e-05
1.903 5.769e-05
1.903 5.768e-05
1.903 5.767e-05
1.903 5.767e-05
1.903 5.766e-05
1.902 5.765e-05
1.902 5.765e-05
1.902 5.764e-05
1.902 5.764e-05
1.902 5.763e-05
1.902 5.762e-05
1.902 5.762e-05
1.902 5.761e-05
1.901 5.760e-05
1.901 5.760e-05
1.901 5.759e-05
1.901 5.759e-05
1.901 5.758e-05
1.901 5.757e-05
1.901 5.757e-05
1.901 5.756e-05
1.900 5.755e-05
1.900 5.755e-05
1.900 5.754e-05
1.900 5.754e-05
1.900 5.753e-05
1.900 5.752e-05
1.900 5.752e-05
1.900 5.751e-05
1.899 5.751e-05
1.899 5.750e-05
1.899 5.749e-05
1.899 5.749e-05
1.899 5.748e-05
1.899 5.748e-05
1.899 5.747e-05
1.899 5.746e-05
1.898 5.746e-05
1.898 5.745e-05
1.898 5.745e-05
1.898 5.744e-05
1.898 5.743e-05
1.898 5.743e-05
1.898 5.742e-05
1.898 5.742e-05
1.897 5.741e-05
1.897 5.741e-05
1.897 5.740e-05
1.897 5.739e-05
1.897 5.739e-05
1.897 5.738e-05
1.897 5.737e-05
1.897 5.737e-05
1.896 5.736e-05
1.896 5.736e-05
1.896 5.735e-05
1.896 5.735e-05
1.896 5.734e-05
1.896 5.733e-05
1.896 5.733e-05
1.896 5.732e-05
1.895 5.732e-05
1.895 5.731e-05
1.895 5.730e-05
1.895 5.730e-05
1.895 5.729e-05
1.895 5.729e-05
1.895 5.728e-05
1.895 5.728e-05
1.894 5.727e-05
1.894 5.726e-05
1.894 5.726e-05
1.894 5.725e-05
1.894 5.724e-05
1.894 5.724e-05
1.894 5.723e-05
1.894 5.723e-05
1.893 5.722e-05
1.893 5.722e-05
1.893 5.721e-05
1.893 5.721e-05
1.893 5.720e-05
1.893 5.719e-05
1.893 5.719e-05
1.893 5.718e-05
1.892 5.718e-05
1.892 5.717e-05
1.892 5.716e-05
1.892 5.716e-05
1.892 5.715e-05
1.892 5.715e-05
1.892 5.714e-05
1.891 5.714e-05
1.891 5.713e-05
1.891 5.713e-05
1.891 5.712e-05
1.891 5.711e-05
1.891 5.711e-05
1.891 5.710e-05
1.891 5.710e-05
1.890 5.709e-05
1.890 5.708e-05
1.890 5.708e-05
1.890 5.707e-05
1.890 5.707e-05
1.890 5.706e-05
1.890 5.706e-05
1.890 5.705e-05
1.889 5.704e-05
1.889 5.704e-05
1.889 5.703e-05
1.889 5.703e-05
1.889 5.702e-05
1.889 5.702e-05
1.889 5.701e-05
1.889 5.700e-05
1.888 5.700e-05
1.888 5.699e-05
1.888 5.699e-05
1.888 5.698e-05
1.888 5.698e-05
1.888 5.697e-05
1.888 5.697e-05
1.888 5.696e-05
1.887 5.696e-05
1.887 5.695e-05
1.887 5.694e-05
1.887 5.694e-05
1.887 5.693e-05
1.887 5.693e-05
1.887 5.692e-05
1.887 5.692e-05
1.886 5.691e-05
1.886 5.691e-05
1.886 5.690e-05
1.886 5.689e-05
1.886 5.689e-05
1.886 5.688e-05
1.886 5.688e-05
1.886 5.687e-05
1.885 5.686e-05
1.885 5.686e-05
1.885 5.685e-05
1.885 5.685e-05
1.885 5.684e-05
1.885 5.684e-05
1.885 5.683e-05
1.885 5.683e-05
1.884 5.682e-05
1.884 5.681e-05
1.884 5.681e-05
1.884 5.680e-05
1.884 5.680e-05
1.884 5.679e-05
1.884 5.678e-05
1.884 5.678e-05
1.883 5.677e-05
1.883 5.677e-05
1.883 5.676e-05
1.883 5.676e-05
1.883 5.675e-05
1.883 5.675e-05
1.883 5.674e-05
1.883 5.674e-05
1.882 5.673e-05
1.882 5.672e-05
1.882 5.672e-05
1.882 5.671e-05
1.882 5.671e-05
1.882 5.670e-05
1.882 5.670e-05
1.882 5.669e-05
1.881 5.669e-05
1.881 5.668e-05
1.881 5.668e-05
1.881 5.667e-05
1.881 5.666e-05
1.881 5.666e-05
1.881 5.665e-05
1.881 5.665e-05
1.880 5.664e-05
1.880 5.663e-05
1.880 5.663e-05
1.880 5.662e-05
1.880 5.662e-05
1.880 5.661e-05
1.880 5.661e-05
1.880 5.660e-05
1.879 5.660e-05
1.879 5.659e-05
1.879 5.659e-05
1.879 5.658e-05
1.879 5.657e-05
1.879 5.657e-05
1.879 5.656e-05
1.879 5.656e-05
1.878 5.655e-05
1.878 5.655e-05
1.878 5.654e-05
1.878 5.654e-05
1.878 5.653e-05
1.878 5.653e-05
1.878 5.652e-05
1.878 5.651e-05
1.877 5.651e-05
1.877 5.650e-05
1.877 5.650e-05
1.877 5.649e-05
1.877 5.649e-05
1.877 5.648e-05
1.877 5.648e-05
1.877 5.647e-05
1.876 5.647e-05
1.876 5.646e-05
1.876 5.645e-05
1.876 5.645e-05
1.876 5.644e-05
1.876 5.644e-05
1.876 5.643e-05
1.876 5.643e-05
1.875 5.642e-05
1.875 5.642e-05
1.875 5.641e-05
1.875 5.641e-05
1.875 5.640e-05
1.875 5.639e-05
1.875 5.639e-05
1.875 5.638e-05
1.874 5.638e-05
1.874 5.637e-05
1.874 5.637e-05
1.874 5.636e-05
1.874 5.636e-05
1.874 5.635e-05
1.874 5.634e-05
1.874 5.634e-05
1.873 5.633e-05
1.873 5.633e-05
1.873 5.632e-05
1.873 5.632e-05
1.873 5.631e-05
1.873 5.631e-05
1.873 5.630e-05
1.873 5.630e-05
1.872 5.629e-05
1.872 5.628e-05
1.872 5.628e-05
1.872 5.627e-05
1.872 5.627e-05
1.872 5.626e-05
1.872 5.626e-05
1.872 5.625e-05
1.871 5.625e-05
1.871 5.624e-05
1.871 5.623e-05
1.871 5.623e-05
1.871 5.622e-05
1.871 5.622e-05
1.871 5.621e-05
1.871 5.621e-05
1.870 5.620e-05
1.870 5.620e-05
1.870 5.619e-05
1.870 5.619e-05
1.870 5.618e-05
1.870 5.618e-05
1.870 5.617e-05
1.870 5.616e-05
1.869 5.616e-05
1.869 5.615e-05
1.869 5.615e-05
1.869 5.614e-05
1.869 5.614e-05
1.869 5.613e-05
1.869 5.613e-05
1.869 5.612e-05
1.868 5.611e-05
1.868 5.611e-05
1.868 5.611e-05
1.868 5.610e-05
1.868 5.609e-05
1.868 5.609e-05
1.868 5.608e-05
1.868 5.608e-05
1.867 5.607e-05
1.867 5.607e-05
1.867 5.606e-05
1.867 5.606e-05
1.867 5.605e-05
1.867 5.605e-05
1.867 5.604e-05
1.867 5.603e-05
1.866 5.603e-05
1.866 5.602e-05
1.866 5.602e-05
1.866 5.601e-05
1.866 5.600e-05
1.866 5.600e-05
1.866 5.599e-05
1.866 5.599e-05
1.865 5.598e-05
1.865 5.598e-05
1.865 5.597e-05
1.865 5.597e-05
1.865 5.597e-05
1.865 5.596e-05
1.865 5.595e-05
1.865 5.595e-05
1.864 5.594e-05
1.864 5.594e-05
1.864 5.593e-05
1.864 5.593e-05
1.864 5.592e-05
1.864 5.591e-05
1.864 5.591e-05
1.864 5.590e-05
1.863 5.590e-05
1.863 5.589e-05
1.863 5.589e-05
1.863 5.588e-05
1.863 5.588e-05
1.863 5.587e-05
1.863 5.587e-05
1.863 5.586e-05
1.862 5.586e-05
1.862 5.585e-05
1.862 5.584e-05
1.862 5.584e-05
1.862 5.583e-05
1.862 5.583e-05
1.862 5.582e-05
1.862 5.582e-05
1.861 5.581e-05
1.861 5.580e-05
1.861 5.580e-05
1.861 5.579e-05
1.861 5.579e-05
1.861 5.578e-05
1.861 5.578e-05
1.861 5.577e-05
1.860 5.577e-05
1.860 5.576e-05
1.860 5.576e-05
1.860 5.576e-05
1.860 5.575e-05
1.860 5.574e-05
1.860 5.573e-05
1.860 5.573e-05
1.859 5.572e-05
1.859 5.572e-05
1.859 5.571e-05
1.859 5.571e-05
1.859 5.570e-05
1.859 5.570e-05
1.859 5.569e-05
1.859 5.569e-05
1.858 5.568e-05
1.858 5.567e-05
1.858 5.567e-05
1.858 5.566e-05
1.858 5.566e-05
1.858 5.565e-05
1.858 5.565e-05
1.858 5.564e-05
1.858 5.564e-05
1.857 5.563e-05
1.857 5.563e-05
1.857 5.562e-05
1.857 5.561e-05
1.857 5.561e-05
1.857 5.560e-05
1.857 5.560e-05
1.857 5.560e-05
1.856 5.559e-05
1.856 5.559e-05
1.856 5.558e-05
1.856 5.557e-05
1.856 5.557e-05
1.856 5.556e-05
1.856 5.555e-05
1.856 5.555e-05
1.855 5.555e-05
1.855 5.554e-05
1.855 5.554e-05
1.855 5.553e-05
1.855 5.552e-05
1.855 5.552e-05
1.855 5.551e-05
1.855 5.551e-05
1.854 5.550e-05
1.854 5.550e-05
1.854 5.549e-05
1.854 5.549e-05
1.854 5.548e-05
1.854 5.548e-05
1.854 5.547e-05
1.854 5.546e-05
1.853 5.546e-05
1.853 5.545e-05
1.853 5.545e-05
1.853 5.544e-05
1.853 5.544e-05
1.853 5.543e-05
1.853 5.543e-05
1.853 5.542e-05
1.852 5.541e-05
1.852 5.541e-05
1.852 5.540e-05
1.852 5.540e-05
1.852 5.539e-05
1.852 5.539e-05
1.852 5.538e-05
1.852 5.538e-05
1.851 5.537e-05
1.851 5.537e-05
1.851 5.536e-05
1.851 5.536e-05
1.851 5.535e-05
1.851 5.535e-05
1.851 5.534e-05
1.851 5.534e-05
1.850 5.533e-05
1.850 5.532e-05
1.850 5.532e-05
1.850 5.531e-05
1.850 5.531e-05
1.850 5.530e-05
1.850 5.530e-05
1.850 5.529e-05
1.849 5.529e-05
1.849 5.528e-05
1.849 5.528e-05
1.849 5.527e-05
1.849 5.527e-05
1.849 5.526e-05
1.849 5.525e-05
1.849 5.525e-05
1.848 5.524e-05
1.848 5.524e-05
1.848 5.523e-05
1.848 5.523e-05
1.848 5.522e-05
1.848 5.522e-05
1.848 5.521e-05
1.848 5.521e-05
1.847 5.520e-05
1.847 5.520e-05
1.847 5.519e-05
1.847 5.518e-05
1.847 5.518e-05
1.847 5.518e-05
1.847 5.517e-05
1.847 5.517e-05
1.847 5.516e-05
1.846 5.515e-05
1.846 5.515e-05
1.846 5.514e-05
1.846 5.514e-05
1.846 5.513e-05
1.846 5.513e-05
1.846 5.512e-05
