exonoodle/TauREX/WASP43b_transmission_exonoodle.txt
# %ECSV 0.9
# ---
# datatype:
# - {name: wavelength, unit: micron, datatype: float64, format: .5f}
# - {name: flux_ratio, datatype: float64, format: .3e}
# meta: !!omap
# - __serialized_columns__:
#     wavelength:
#       __class__: astropy.units.quantity.Quantity
#       __info__: {format: .5f}
#       unit: !astropy.units.Unit {unit: micron}
#       value: !astropy.table.SerializedColumn {name: wavelength}
# schema: astropy-2.0
wavelength flux_ratio
[from data line 25326]
9.24158 2.258e-02
9.24096 2.258e-02
9.24035 2.258e-02
9.23973 2.258e-02
9.23912 2.258e-02
9.23850 2.258e-02
9.23788 2.258e-02
9.23727 2.258e-02
9.23665 2.258e-02
9.23604 2.258e-02
9.23542 2.258e-02
9.23481 2.258e-02
9.23419 2.258e-02
9.23358 2.258e-02
9.23296 2.258e-02
9.23234 2.258e-02
9.23173 2.258e-02
9.23111 2.258e-02
9.23050 2.258e-02
9.22988 2.258e-02
9.22927 2.258e-02
9.22865 2.258e-02
9.22804 2.258e-02
9.22742 2.258e-02
9.22681 2.258e-02
9.22619 2.258e-02
9.22558 2.258e-02
9.22496 2.258e-02
9.22435 2.258e-02
9.22373 2.258e-02
9.22312 2.258e-02
9.22250 2.258e-02
9.22189 2.258e-02
9.22127 2.258e-02
9.22066 2.258e-02
9.22004 2.258e-02
9.21943 2.258e-02
9.21881 2.258e-02
9.21820 2.258e-02
9.21758 2.258e-02
9.21697 2.258e-02
9.21636 2.258e-02
9.21574 2.258e-02
9.21513 2.258e-02
9.21451 2.258e-02
9.21390 2.258e-02
9.21328 2.258e-02
9.21267 2.258e-02
9.21206 2.258e-02
9.21144 2.258e-02
9.21083 2.258e-02
9.21021 2.258e-02
9.20960 2.258e-02
9.20899 2.258e-02
9.20837 2.258e-02
9.20776 2.258e-02
9.20714 2.258e-02
9.20653 2.258e-02
9.20592 2.258e-02
9.20530 2.258e-02
9.20469 2.258e-02
9.20408 2.258e-02
9.20346 2.258e-02
9.20285 2.258e-02
9.20224 2.258e-02
9.20162 2.258e-02
9.20101 2.258e-02
9.20040 2.258e-02
9.19978 2.258e-02
9.19917 2.258e-02
9.19856 2.258e-02
9.19794 2.258e-02
9.19733 2.258e-02
9.19672 2.258e-02
9.19610 2.258e-02
9.19549 2.258e-02
9.19488 2.258e-02
9.19426 2.258e-02
9.19365 2.258e-02
9.19304 2.258e-02
9.19243 2.258e-02
9.19181 2.258e-02
9.19120 2.258e-02
9.19059 2.258e-02
9.18997 2.258e-02
9.18936 2.258e-02
9.18875 2.258e-02
9.18814 2.258e-02
9.18752 2.258e-02
9.18691 2.258e-02
9.18630 2.258e-02
9.18569 2.258e-02
9.18507 2.258e-02
9.18446 2.258e-02
9.18385 2.258e-02
9.18324 2.258e-02
9.18263 2.258e-02
9.18201 2.258e-02
9.18140 2.258e-02
9.18079 2.258e-02
9.18018 2.258e-02
9.17957 2.258e-02
9.17895 2.258e-02
9.17834 2.258e-02
9.17773 2.258e-02
9.17712 2.258e-02
9.17651 2.258e-02
9.17589 2.258e-02
9.17528 2.258e-02
9.17467 2.258e-02
9.17406 2.258e-02
9.17345 2.258e-02
9.17284 2.258e-02
9.17222 2.258e-02
9.17161 2.258e-02
9.17100 2.258e-02
9.17039 2.258e-02
9.16978 2.258e-02
9.16917 2.258e-02
9.16856 2.258e-02
9.16795 2.258e-02
9.16733 2.258e-02
9.16672 2.258e-02
9.16611 2.258e-02
9.16550 2.258e-02
9.16489 2.258e-02
9.16428 2.258e-02
9.16367 2.258e-02
9.16306 2.258e-02
9.16245 2.258e-02
9.16184 2.258e-02
9.16122 2.258e-02
9.16061 2.258e-02
9.16000 2.258e-02
9.15939 2.258e-02
9.15878 2.258e-02
9.15817 2.258e-02
9.15756 2.258e-02
9.15695 2.258e-02
9.15634 2.258e-02
9.15573 2.258e-02
9.15512 2.258e-02
9.15451 2.258e-02
9.15390 2.258e-02
9.15329 2.258e-02
9.15268 2.258e-02
9.15207 2.258e-02
9.15146 2.258e-02
9.15085 2.258e-02
9.15024 2.258e-02
9.14963 2.258e-02
9.14902 2.258e-02
9.14841 2.258e-02
9.14780 2.258e-02
9.14719 2.258e-02
9.14658 2.258e-02
9.14597 2.258e-02
9.14536 2.258e-02
9.14475 2.258e-02
9.14414 2.258e-02
9.14353 2.258e-02
9.14292 2.258e-02
9.14231 2.258e-02
9.14170 2.258e-02
9.14109 2.258e-02
9.14048 2.258e-02
9.13987 2.258e-02
9.13927 2.258e-02
9.13866 2.258e-02
9.13805 2.258e-02
9.13744 2.258e-02
9.13683 2.258e-02
9.13622 2.258e-02
9.13561 2.258e-02
9.13500 2.258e-02
9.13439 2.258e-02
9.13378 2.258e-02
9.13317 2.258e-02
9.13257 2.258e-02
9.13196 2.258e-02
9.13135 2.258e-02
9.13074 2.258e-02
9.13013 2.258e-02
9.12952 2.258e-02
9.12891 2.258e-02
9.12830 2.258e-02
9.12770 2.258e-02
9.12709 2.258e-02
9.12648 2.258e-02
9.12587 2.258e-02
9.12526 2.258e-02
9.12465 2.258e-02
9.12405 2.258e-02
9.12344 2.258e-02
9.12283 2.258e-02
9.12222 2.258e-02
9.12161 2.258e-02
9.12101 2.258e-02
9.12040 2.258e-02
9.11979 2.258e-02
9.11918 2.258e-02
9.11857 2.258e-02
9.11797 2.258e-02
9.11736 2.258e-02
9.11675 2.258e-02
9.11614 2.258e-02
9.11553 2.258e-02
9.11493 2.258e-02
9.11432 2.258e-02
9.11371 2.258e-02
9.11310 2.258e-02
9.11250 2.258e-02
9.11189 2.258e-02
9.11128 2.258e-02
9.11067 2.258e-02
9.11007 2.258e-02
9.10946 2.258e-02
9.10885 2.258e-02
9.10825 2.258e-02
9.10764 2.258e-02
9.10703 2.258e-02
9.10642 2.258e-02
9.10582 2.258e-02
9.10521 2.258e-02
9.10460 2.258e-02
9.10400 2.258e-02
9.10339 2.258e-02
9.10278 2.258e-02
9.10218 2.258e-02
9.10157 2.258e-02
9.10096 2.258e-02
9.10036 2.258e-02
9.09975 2.258e-02
9.09914 2.258e-02
9.09854 2.258e-02
9.09793 2.258e-02
9.09732 2.258e-02
9.09672 2.258e-02
9.09611 2.258e-02
9.09550 2.258e-02
9.09490 2.258e-02
9.09429 2.258e-02
9.09368 2.258e-02
9.09308 2.258e-02
9.09247 2.258e-02
9.09187 2.258e-02
9.09126 2.258e-02
9.09065 2.258e-02
9.09005 2.258e-02
9.08944 2.258e-02
9.08884 2.258e-02
9.08823 2.258e-02
9.08762 2.258e-02
9.08702 2.258e-02
9.08641 2.258e-02
9.08581 2.258e-02
9.08520 2.258e-02
9.08460 2.258e-02
9.08399 2.258e-02
9.08338 2.258e-02
9.08278 2.258e-02
9.08217 2.258e-02
9.08157 2.258e-02
9.08096 2.258e-02
9.08036 2.258e-02
9.07975 2.258e-02
9.07915 2.258e-02
9.07854 2.258e-02
9.07794 2.258e-02
9.07733 2.258e-02
9.07673 2.258e-02
9.07612 2.258e-02
9.07552 2.258e-02
9.07491 2.258e-02
9.07431 2.258e-02
9.07370 2.258e-02
9.07310 2.258e-02
9.07249 2.258e-02
9.07189 2.258e-02
9.07128 2.258e-02
9.07068 2.258e-02
9.07007 2.258e-02
9.06947 2.258e-02
9.06886 2.258e-02
9.06826 2.258e-02
9.06765 2.258e-02
9.06705 2.258e-02
9.06645 2.258e-02
9.06584 2.258e-02
9.06524 2.258e-02
9.06463 2.258e-02
9.06403 2.258e-02
9.06342 2.258e-02
9.06282 2.258e-02
9.06222 2.258e-02
9.06161 2.258e-02
9.06101 2.258e-02
9.06040 2.258e-02
9.05980 2.258e-02
9.05920 2.258e-02
9.05859 2.258e-02
9.05799 2.258e-02
9.05738 2.258e-02
9.05678 2.258e-02
9.05618 2.258e-02
9.05557 2.258e-02
9.05497 2.258e-02
9.05436 2.258e-02
9.05376 2.258e-02
9.05316 2.258e-02
9.05255 2.258e-02
9.05195 2.258e-02
9.05135 2.258e-02
9.05074 2.258e-02
9.05014 2.258e-02
9.04954 2.258e-02
9.04893 2.258e-02
9.04833 2.258e-02
9.04773 2.258e-02
9.04712 2.258e-02
9.04652 2.258e-02
9.04592 2.258e-02
9.04532 2.258e-02
9.04471 2.258e-02
9.04411 2.258e-02
9.04351 2.258e-02
9.04290 2.258e-02
9.04230 2.258e-02
9.04170 2.258e-02
9.04110 2.258e-02
9.04049 2.258e-02
9.03989 2.258e-02
9.03929 2.258e-02
9.03868 2.258e-02
9.03808 2.258e-02
9.03748 2.258e-02
9.03688 2.258e-02
9.03627 2.258e-02
9.03567 2.258e-02
9.03507 2.258e-02
9.03447 2.258e-02
9.03387 2.258e-02
9.03326 2.258e-02
9.03266 2.258e-02
9.03206 2.258e-02
9.03146 2.258e-02
9.03085 2.258e-02
9.03025 2.258e-02
9.02965 2.258e-02
9.02905 2.258e-02
9.02845 2.258e-02
9.02785 2.258e-02
9.02724 2.258e-02
9.02664 2.258e-02
9.02604 2.258e-02
9.02544 2.258e-02
9.02484 2.258e-02
9.02423 2.258e-02
9.02363 2.258e-02
9.02303 2.258e-02
9.02243 2.258e-02
9.02183 2.258e-02
9.02123 2.258e-02
9.02063 2.258e-02
9.02002 2.258e-02
9.01942 2.258e-02
9.01882 2.258e-02
9.01822 2.258e-02
9.01762 2.258e-02
9.01702 2.258e-02
9.01642 2.258e-02
9.01582 2.258e-02
9.01522 2.258e-02
9.01461 2.258e-02
9.01401 2.258e-02
9.01341 2.258e-02
9.01281 2.258e-02
9.01221 2.258e-02
9.01161 2.258e-02
9.01101 2.258e-02
9.01041 2.258e-02
9.00981 2.258e-02
9.00921 2.258e-02
9.00861 2.258e-02
9.00801 2.258e-02
9.00741 2.258e-02
9.00681 2.258e-02
9.00621 2.258e-02
9.00560 2.258e-02
9.00500 2.258e-02
9.00440 2.258e-02
9.00380 2.258e-02
9.00320 2.258e-02
9.00260 2.258e-02
9.00200 2.258e-02
9.00140 2.258e-02
9.00080 2.258e-02
9.00020 2.258e-02
8.99960 2.258e-02
8.99900 2.258e-02
8.99840 2.258e-02
8.99780 2.258e-02
8.99720 2.258e-02
8.99660 2.258e-02
8.99600 2.258e-02
8.99540 2.258e-02
8.99480 2.258e-02
8.99421 2.258e-02
8.99361 2.258e-02
8.99301 2.258e-02
8.99241 2.258e-02
8.99181 2.258e-02
8.99121 2.258e-02
8.99061 2.258e-02
8.99001 2.258e-02
8.98941 2.258e-02
8.98881 2.258e-02
8.98821 2.258e-02
8.98761 2.258e-02
8.98701 2.258e-02
8.98641 2.258e-02
8.98581 2.258e-02
8.98522 2.258e-02
8.98462 2.258e-02
8.98402 2.258e-02
8.98342 2.258e-02
8.98282 2.258e-02
8.98222 2.258e-02
8.98162 2.258e-02
8.98102 2.258e-02
8.98043 2.258e-02
8.97983 2.258e-02
8.97923 2.258e-02
8.97863 2.258e-02
8.97803 2.258e-02
8.97743 2.258e-02
8.97683 2.258e-02
8.97624 2.258e-02
8.97564 2.258e-02
8.97504 2.258e-02
8.97444 2.258e-02
8.97384 2.258e-02
8.97324 2.258e-02
8.97265 2.258e-02
8.97205 2.258e-02
8.97145 2.258e-02
8.97085 2.258e-02
8.97025 2.258e-02
8.96966 2.258e-02
8.96906 2.258e-02
8.96846 2.258e-02
8.96786 2.258e-02
8.96726 2.258e-02
8.96667 2.258e-02
8.96607 2.258e-02
8.96547 2.258e-02
8.96487 2.258e-02
8.96428 2.258e-02
8.96368 2.258e-02
8.96308 2.258e-02
8.96248 2.258e-02
8.96189 2.258e-02
8.96129 2.258e-02
8.96069 2.258e-02
8.96009 2.258e-02
8.95950 2.258e-02
8.95890 2.258e-02
8.95830 2.258e-02
8.95770 2.258e-02
8.95711 2.258e-02
8.95651 2.258e-02
8.95591 2.258e-02
8.95532 2.258e-02
8.95472 2.258e-02
8.95412 2.258e-02
8.95353 2.258e-02
8.95293 2.258e-02
8.95233 2.258e-02
8.95173 2.258e-02
8.95114 2.258e-02
8.95054 2.258e-02
8.94994 2.258e-02
8.94935 2.258e-02
8.94875 2.258e-02
8.94815 2.258e-02
8.94756 2.258e-02
8.94696 2.258e-02
8.94637 2.258e-02
8.94577 2.258e-02
8.94517 2.258e-02
8.94458 2.258e-02
8.94398 2.258e-02
8.94338 2.258e-02
8.94279 2.258e-02
8.94219 2.258e-02
8.94160 2.258e-02
8.94100 2.258e-02
8.94040 2.258e-02
8.93981 2.258e-02
8.93921 2.258e-02
8.93862 2.258e-02
8.93802 2.258e-02
8.93742 2.258e-02
8.93683 2.258e-02
8.93623 2.258e-02
8.93564 2.258e-02
8.93504 2.258e-02
8.93445 2.258e-02
8.93385 2.258e-02
8.93325 2.258e-02
8.93266 2.258e-02
8.93206 2.258e-02
8.93147 2.258e-02
8.93087 2.258e-02
8.93028 2.258e-02
8.92968 2.258e-02
8.92909 2.258e-02
8.92849 2.258e-02
8.92790 2.258e-02
8.92730 2.258e-02
8.92671 2.258e-02
8.92611 2.258e-02
8.92552 2.258e-02
8.92492 2.258e-02
8.92433 2.258e-02
8.92373 2.258e-02
8.92314 2.258e-02
8.92254 2.258e-02
8.92195 2.258e-02
8.92135 2.258e-02
8.92076 2.258e-02
8.92016 2.258e-02
8.91957 2.258e-02
8.91897 2.258e-02
8.91838 2.258e-02
8.91778 2.258e-02
8.91719 2.258e-02
8.91659 2.258e-02
8.91600 2.258e-02
8.91541 2.258e-02
8.91481 2.258e-02
8.91422 2.258e-02
8.91362 2.258e-02
8.91303 2.258e-02
8.91243 2.258e-02
8.91184 2.258e-02
8.91125 2.258e-02
8.91065 2.258e-02
8.91006 2.258e-02
8.90946 2.258e-02
8.90887 2.258e-02
8.90828 2.258e-02
8.90768 2.258e-02
8.90709 2.258e-02
8.90650 2.258e-02
8.90590 2.258e-02
8.90531 2.258e-02
8.90471 2.258e-02
8.90412 2.258e-02
8.90353 2.258e-02
8.90293 2.258e-02
8.90234 2.258e-02
8.90175 2.258e-02
8.90115 2.258e-02
8.90056 2.258e-02
8.89997 2.258e-02
8.89937 2.258e-02
8.89878 2.258e-02
8.89819 2.258e-02
8.89759 2.258e-02
8.89700 2.258e-02
8.89641 2.258e-02
8.89581 2.258e-02
8.89522 2.258e-02
8.89463 2.258e-02
8.89404 2.258e-02
8.89344 2.258e-02
8.89285 2.258e-02
8.89226 2.258e-02
8.89166 2.258e-02
8.89107 2.258e-02
8.89048 2.258e-02
8.88989 2.258e-02
8.88929 2.258e-02
8.88870 2.258e-02
8.88811 2.258e-02
8.88752 2.258e-02
8.88692 2.258e-02
8.88633 2.258e-02
8.88574 2.258e-02
8.88515 2.258e-02
8.88455 2.258e-02
8.88396 2.258e-02
8.88337 2.258e-02
8.88278 2.258e-02
8.88219 2.258e-02
8.88159 2.258e-02
8.88100 2.258e-02
8.88041 2.258e-02
8.87982 2.258e-02
8.87922 2.258e-02
8.87863 2.258e-02
8.87804 2.258e-02
8.87745 2.259e-02
8.87686 2.259e-02
8.87627 2.259e-02
8.87567 2.259e-02
8.87508 2.259e-02
8.87449 2.259e-02
8.87390 2.259e-02
8.87331 2.259e-02
8.87272 2.259e-02
8.87212 2.259e-02
8.87153 2.259e-02
8.87094 2.259e-02
8.87035 2.259e-02
8.86976 2.259e-02
8.86917 2.259e-02
8.86858 2.259e-02
8.86799 2.259e-02
8.86739 2.259e-02
8.86680 2.259e-02
8.86621 2.259e-02
8.86562 2.259e-02
8.86503 2.259e-02
8.86444 2.259e-02
8.86385 2.259e-02
8.86326 2.259e-02
8.86267 2.259e-02
8.86208 2.259e-02
8.86148 2.259e-02
8.86089 2.259e-02
8.86030 2.259e-02
8.85971 2.259e-02
8.85912 2.259e-02
8.85853 2.259e-02
8.85794 2.259e-02
8.85735 2.259e-02
8.85676 2.259e-02
8.85617 2.259e-02
8.85558 2.259e-02
8.85499 2.259e-02
8.85440 2.259e-02
8.85381 2.259e-02
8.85322 2.259e-02
8.85263 2.259e-02
8.85204 2.259e-02
8.85145 2.259e-02
8.85086 2.259e-02
8.85027 2.259e-02
8.84968 2.259e-02
8.84909 2.259e-02
8.84850 2.259e-02
8.84791 2.259e-02
8.84732 2.259e-02
8.84673 2.259e-02
8.84614 2.259e-02
8.84555 2.259e-02
8.84496 2.259e-02
8.84437 2.259e-02
8.84378 2.259e-02
8.84319 2.259e-02
8.84260 2.259e-02
8.84201 2.259e-02
8.84142 2.259e-02
8.84083 2.259e-02
8.84024 2.259e-02
8.83965 2.259e-02
8.83906 2.259e-02
8.83848 2.259e-02
8.83789 2.259e-02
8.83730 2.259e-02
8.83671 2.259e-02
8.83612 2.259e-02
8.83553 2.259e-02
8.83494 2.259e-02
8.83435 2.259e-02
8.83376 2.259e-02
8.83317 2.259e-02
8.83259 2.259e-02
8.83200 2.259e-02
8.83141 2.259e-02
8.83082 2.259e-02
8.83023 2.259e-02
8.82964 2.259e-02
8.82905 2.259e-02
8.82846 2.259e-02
8.82788 2.259e-02
8.82729 2.259e-02
8.82670 2.259e-02
8.82611 2.259e-02
8.82552 2.259e-02
8.82493 2.259e-02
8.82435 2.259e-02
8.82376 2.259e-02
8.82317 2.259e-02
8.82258 2.259e-02
8.82199 2.259e-02
8.82141 2.259e-02
8.82082 2.259e-02
8.82023 2.259e-02
8.81964 2.259e-02
8.81905 2.259e-02
8.81847 2.259e-02
8.81788 2.259e-02
8.81729 2.259e-02
8.81670 2.259e-02
8.81611 2.259e-02
8.81553 2.259e-02
8.81494 2.259e-02
8.81435 2.259e-02
8.81376 2.259e-02
8.81318 2.259e-02
8.81259 2.259e-02
8.81200 2.259e-02
8.81141 2.259e-02
8.81083 2.259e-02
8.81024 2.259e-02
8.80965 2.259e-02
8.80906 2.259e-02
8.80848 2.259e-02
8.80789 2.259e-02
8.80730 2.259e-02
8.80672 2.259e-02
8.80613 2.259e-02
8.80554 2.259e-02
8.80495 2.259e-02
8.80437 2.259e-02
8.80378 2.259e-02
8.80319 2.259e-02
8.80261 2.259e-02
8.80202 2.259e-02
8.80143 2.259e-02
8.80085 2.259e-02
8.80026 2.259e-02
8.79967 2.259e-02
8.79909 2.259e-02
8.79850 2.259e-02
8.79791 2.259e-02
8.79733 2.259e-02
8.79674 2.259e-02
8.79615 2.259e-02
8.79557 2.259e-02
8.79498 2.259e-02
8.79440 2.259e-02
8.79381 2.259e-02
8.79322 2.259e-02
8.79264 2.259e-02
8.79205 2.259e-02
8.79146 2.259e-02
8.79088 2.259e-02
8.79029 2.259e-02
8.78971 2.259e-02
8.78912 2.259e-02
8.78853 2.259e-02
8.78795 2.259e-02
8.78736 2.259e-02
8.78678 2.259e-02
8.78619 2.259e-02
8.78561 2.259e-02
8.78502 2.259e-02
8.78443 2.259e-02
8.78385 2.259e-02
8.78326 2.259e-02
8.78268 2.259e-02
8.78209 2.259e-02
8.78151 2.259e-02
8.78092 2.259e-02
8.78034 2.259e-02
8.77975 2.259e-02
8.77917 2.259e-02
8.77858 2.259e-02
8.77799 2.259e-02
8.77741 2.259e-02
8.77682 2.259e-02
8.77624 2.259e-02
8.77565 2.259e-02
8.77507 2.259e-02
8.77448 2.259e-02
8.77390 2.259e-02
8.77331 2.259e-02
8.77273 2.259e-02
8.77214 2.259e-02
8.77156 2.259e-02
8.77098 2.259e-02
8.77039 2.259e-02
8.76981 2.259e-02
8.76922 2.259e-02
8.76864 2.259e-02
8.76805 2.259e-02
8.76747 2.259e-02
8.76688 2.259e-02
8.76630 2.259e-02
8.76571 2.259e-02
8.76513 2.259e-02
8.76455 2.259e-02
8.76396 2.259e-02
8.76338 2.259e-02
8.76279 2.259e-02
8.76221 2.259e-02
8.76162 2.259e-02
8.76104 2.259e-02
8.76046 2.259e-02
8.75987 2.259e-02
8.75929 2.259e-02
8.75870 2.259e-02
8.75812 2.259e-02
8.75754 2.259e-02
8.75695 2.259e-02
8.75637 2.259e-02
8.75579 2.259e-02
8.75520 2.259e-02
8.75462 2.259e-02
8.75404 2.259e-02
8.75345 2.259e-02
8.75287 2.259e-02
8.75228 2.259e-02
8.75170 2.259e-02
8.75112 2.259e-02
8.75053 2.259e-02
8.74995 2.259e-02
8.74937 2.259e-02
8.74878 2.259e-02
8.74820 2.259e-02
8.74762 2.259e-02
8.74703 2.259e-02
8.74645 2.259e-02
8.74587 2.259e-02
8.74529 2.259e-02
8.74470 2.259e-02
8.74412 2.259e-02
8.74354 2.259e-02
8.74295 2.259e-02
8.74237 2.259e-02
8.74179 2.259e-02
8.74121 2.259e-02
8.74062 2.259e-02
8.74004 2.259e-02
8.73946 2.259e-02
8.73888 2.259e-02
8.73829 2.259e-02
8.73771 2.259e-02
8.73713 2.259e-02
8.73655 2.259e-02
8.73596 2.259e-02
8.73538 2.259e-02
8.73480 2.259e-02
8.73422 2.259e-02
8.73363 2.259e-02
8.73305 2.259e-02
8.73247 2.259e-02
8.73189 2.259e-02
8.73130 2.259e-02
8.73072 2.259e-02
8.73014 2.259e-02
8.72956 2.259e-02
8.72898 2.259e-02
8.72840 2.259e-02
8.72781 2.259e-02
8.72723 2.259e-02
8.72665 2.259e-02
8.72607 2.259e-02
8.72549 2.259e-02
8.72490 2.259e-02
8.72432 2.259e-02
8.72374 2.259e-02
8.72316 2.259e-02
8.72258 2.259e-02
8.72200 2.259e-02
8.72142 2.259e-02
8.72083 2.259e-02
8.72025 2.259e-02
8.71967 2.259e-02
8.71909 2.259e-02
8.71851 2.259e-02
8.71793 2.259e-02
8.71735 2.259e-02
8.71677 2.259e-02
8.71618 2.259e-02
8.71560 2.259e-02
8.71502 2.259e-02
8.71444 2.259e-02
8.71386 2.259e-02
8.71328 2.259e-02
8.71270 2.259e-02
8.71212 2.259e-02
8.71154 2.259e-02
8.71096 2.259e-02
