wasp43b_ersspectra_bb_noLD/Noodles_2021-03-26/SED_02.dat
# %ECSV 0.9
# ---
# datatype:
# - {name: wavelength, unit: micron, datatype: float64}
# - {name: flux, unit: microJansky, datatype: float64}
# schema: astropy-2.0
#
#
#  - - File generated by ExoNoodle - -
#         V1.0.0 - MML (CEA-Saclay)
#       2021-03-25 15:37:33.308590
wavelength flux 
[from data line 433]
5.59800E+00        2.79673323871E+04
5.60400E+00        2.79146666999E+04
5.61000E+00        2.78667470605E+04
5.61600E+00        2.78163377276E+04
5.62200E+00        2.77644289663E+04
5.62800E+00        2.77164333416E+04
5.63400E+00        2.76664146208E+04
5.64000E+00        2.76126651367E+04
5.64600E+00        2.75672487857E+04
5.65200E+00        2.75178124442E+04
5.65800E+00        2.74677169660E+04
5.66400E+00        2.74193180031E+04
5.67000E+00        2.73702272096E+04
5.67600E+00        2.73207964898E+04
5.68200E+00        2.72719966581E+04
5.68800E+00        2.72238337677E+04
5.69400E+00        2.71739557898E+04
5.70000E+00        2.71266534744E+04
5.70600E+00        2.70785524258E+04
5.71200E+00        2.70303541779E+04
5.71800E+00        2.69823271457E+04
5.72400E+00        2.69344346861E+04
5.73000E+00        2.68866098788E+04
5.73600E+00        2.68385954252E+04
5.74200E+00        2.67914462014E+04
5.74800E+00        2.67440086960E+04
5.75400E+00        2.66966377045E+04
5.76000E+00        2.66495488450E+04
5.76600E+00        2.66025168957E+04
5.77200E+00        2.65552957350E+04
5.77800E+00        2.65087670587E+04
5.78400E+00        2.64620924277E+04
5.79000E+00        2.64155128662E+04
5.79600E+00        2.63690544219E+04
5.80200E+00        2.63227815511E+04
5.80800E+00        2.62765591103E+04
5.81400E+00        2.62275614438E+04
5.82000E+00        2.61845205862E+04
5.82600E+00        2.61387080273E+04
5.83200E+00        2.60929705148E+04
5.83800E+00        2.60473467857E+04
5.84400E+00        2.60018837170E+04
5.85000E+00        2.59565077880E+04
5.85600E+00        2.59111846950E+04
5.86200E+00        2.58661276839E+04
5.86800E+00        2.58210883441E+04
5.87400E+00        2.57739035447E+04
5.88000E+00        2.57313989977E+04
5.88600E+00        2.56867141192E+04
5.89200E+00        2.56421778551E+04
5.89800E+00        2.55977047129E+04
5.90400E+00        2.55510951551E+04
5.91000E+00        2.55091669963E+04
5.91600E+00        2.54649836343E+04
5.92200E+00        2.54210771125E+04
5.92800E+00        2.53771943087E+04
5.93400E+00        2.53334191854E+04
5.94000E+00        2.52897597474E+04
5.94600E+00        2.52462072602E+04
5.95200E+00        2.52027697028E+04
5.95800E+00        2.51594551723E+04
5.96400E+00        2.51162006503E+04
5.97000E+00        2.50731263245E+04
5.97600E+00        2.50301280924E+04
5.98200E+00        2.49872305301E+04
5.98800E+00        2.49444498025E+04
5.99400E+00        2.49017363144E+04
6.00000E+00        2.48581942987E+04
6.00600E+00        2.48167678919E+04
6.01200E+00        2.47744137296E+04
6.01800E+00        2.47321663634E+04
6.02400E+00        2.46900295199E+04
6.03000E+00        2.46480152135E+04
6.03600E+00        2.46060860861E+04
6.04200E+00        2.45642623545E+04
6.04800E+00        2.45225436720E+04
6.05400E+00        2.44809337376E+04
6.06000E+00        2.44394241121E+04
6.06600E+00        2.43980185042E+04
6.07200E+00        2.43567328361E+04
6.07800E+00        2.43155422477E+04
6.08400E+00        2.42744426003E+04
6.09000E+00        2.42334456278E+04
6.09600E+00        2.41925669808E+04
6.10200E+00        2.41517783154E+04
6.10800E+00        2.41108644395E+04
6.11400E+00        2.40705256765E+04
6.12000E+00        2.40300409588E+04
6.12600E+00        2.39896569087E+04
6.13200E+00        2.39493771546E+04
6.13800E+00        2.39091934507E+04
6.14400E+00        2.38691094351E+04
6.15000E+00        2.38290973933E+04
6.15600E+00        2.37892629180E+04
6.16200E+00        2.37490797363E+04
6.16800E+00        2.37097874609E+04
6.17400E+00        2.36701970145E+04
6.18000E+00        2.36307043325E+04
6.18600E+00        2.35913090987E+04
6.19200E+00        2.35520148887E+04
6.19800E+00        2.35128331845E+04
6.20400E+00        2.34737283712E+04
6.21000E+00        2.34347197538E+04
6.21600E+00        2.33958070221E+04
6.22200E+00        2.33569898675E+04
6.22800E+00        2.33182718342E+04
6.23400E+00        2.32796449056E+04
6.24000E+00        2.32411281526E+04
6.24600E+00        2.32026940430E+04
6.25200E+00        2.31643501452E+04
6.25800E+00        2.31260999971E+04
6.26400E+00        2.30879432982E+04
6.27000E+00        2.30498797492E+04
6.27600E+00        2.30119128535E+04
6.28200E+00        2.29740347051E+04
6.28800E+00        2.29362679190E+04
6.29400E+00        2.28985739632E+04
6.30000E+00        2.28609716788E+04
6.30600E+00        2.28234607734E+04
6.31200E+00        2.27860409560E+04
6.31800E+00        2.27487156944E+04
6.32400E+00        2.27114771778E+04
6.33000E+00        2.26743288826E+04
6.33600E+00        2.26372893758E+04
6.34200E+00        2.26002758338E+04
6.34800E+00        2.25634412562E+04
6.35400E+00        2.25266509604E+04
6.36000E+00        2.24899494640E+04
6.36600E+00        2.24533364858E+04
6.37200E+00        2.24168117458E+04
6.37800E+00        2.23803973016E+04
6.38400E+00        2.23440407841E+04
6.39000E+00        2.23077790652E+04
6.39600E+00        2.22716118333E+04
6.40200E+00        2.22355240859E+04
6.40800E+00        2.21995229193E+04
6.41400E+00        2.21636080609E+04
6.42000E+00        2.21277792394E+04
6.42600E+00        2.20920545835E+04
6.43200E+00        2.20563969956E+04
6.43800E+00        2.20208246363E+04
6.44400E+00        2.19853372385E+04
6.45000E+00        2.19499345357E+04
6.45600E+00        2.19146162628E+04
6.46200E+00        2.18793821554E+04
6.46800E+00        2.18442355587E+04
6.47400E+00        2.18091871514E+04
6.48000E+00        2.17742039303E+04
6.48600E+00        2.17393038280E+04
6.49200E+00        2.17044865852E+04
6.49800E+00        2.16697519436E+04
6.50400E+00        2.16350996460E+04
6.51000E+00        2.16005294362E+04
6.51600E+00        2.15660590197E+04
6.52200E+00        2.15316486351E+04
6.52800E+00        2.14973266886E+04
6.53400E+00        2.14630822579E+04
6.54000E+00        2.14289186483E+04
6.54600E+00        2.13948356092E+04
6.55200E+00        2.13608328912E+04
6.55800E+00        2.13269280072E+04
6.56400E+00        2.12930851583E+04
6.57000E+00        2.12593218877E+04
6.57600E+00        2.12256379495E+04
6.58200E+00        2.11920330990E+04
6.58800E+00        2.11585070922E+04
6.59400E+00        2.11250772796E+04
6.60000E+00        2.10917082046E+04
6.60600E+00        2.10584172472E+04
6.61200E+00        2.10252041674E+04
6.61800E+00        2.09920687256E+04
6.62400E+00        2.09590106836E+04
6.63000E+00        2.09260472311E+04
6.63600E+00        2.08931432495E+04
6.64200E+00        2.08603159577E+04
6.64800E+00        2.08275685612E+04
6.65400E+00        2.07948939401E+04
6.66000E+00        2.07623125980E+04
6.66600E+00        2.07297896937E+04
6.67200E+00        2.06973423139E+04
6.67800E+00        2.06649702282E+04
6.68400E+00        2.06326732069E+04
6.69000E+00        2.06004510213E+04
6.69600E+00        2.05683171753E+04
6.70200E+00        2.05362473490E+04
6.70800E+00        2.05042482798E+04
6.71400E+00        2.04723231400E+04
6.72000E+00        2.04404887276E+04
6.72600E+00        2.04087107472E+04
6.73200E+00        2.03770060251E+04
6.73800E+00        2.03453743394E+04
6.74400E+00        2.03138154688E+04
6.75000E+00        2.02823460838E+04
6.75600E+00        2.02509321571E+04
6.76200E+00        2.02195903869E+04
6.76800E+00        2.01883205555E+04
6.77400E+00        2.01571392321E+04
6.78000E+00        2.01260092773E+04
6.78600E+00        2.00949572609E+04
6.79200E+00        2.00639729954E+04
6.79800E+00        2.00330729653E+04
6.80400E+00        2.00022301885E+04
6.81000E+00        1.99714611463E+04
6.81600E+00        1.99407590247E+04
6.82200E+00        1.99101402087E+04
6.82800E+00        1.98795778838E+04
6.83400E+00        1.98490851533E+04
6.84000E+00        1.98186783132E+04
6.84600E+00        1.97883241218E+04
6.85200E+00        1.97580389018E+04
6.85800E+00        1.97278224472E+04
6.86400E+00        1.96976909560E+04
6.87000E+00        1.96676113916E+04
6.87600E+00        1.96375999786E+04
6.88200E+00        1.96076565140E+04
6.88800E+00        1.95777970990E+04
6.89400E+00        1.95479888998E+04
6.90000E+00        1.95182480441E+04
6.90600E+00        1.94885905609E+04
6.91200E+00        1.94589837676E+04
6.91800E+00        1.94294437195E+04
6.92400E+00        1.93999702186E+04
6.93000E+00        1.93705791985E+04
6.93600E+00        1.93412381764E+04
6.94200E+00        1.93119631119E+04
6.94800E+00        1.92827698676E+04
6.95400E+00        1.92536261093E+04
6.96000E+00        1.92245477255E+04
6.96600E+00        1.91955313526E+04
6.97200E+00        1.91665991050E+04
6.97800E+00        1.91377156699E+04
6.98400E+00        1.91088968415E+04
6.99000E+00        1.90801583183E+04
6.99600E+00        1.90514681094E+04
7.00200E+00        1.90228419385E+04
7.00800E+00        1.89942954349E+04
7.01400E+00        1.89657967528E+04
7.02000E+00        1.89373615465E+04
7.02600E+00        1.89089896298E+04
7.03200E+00        1.88806965399E+04
7.03800E+00        1.88524506233E+04
7.04400E+00        1.88242674420E+04
7.05000E+00        1.87961624647E+04
7.05600E+00        1.87681041811E+04
7.06200E+00        1.87401049892E+04
7.06800E+00        1.87121864849E+04
7.07400E+00        1.86843141998E+04
7.08000E+00        1.86565035594E+04
7.08600E+00        1.86287698966E+04
7.09200E+00        1.86010819842E+04
7.09800E+00        1.85734551798E+04
7.10400E+00        1.85459047493E+04
7.11000E+00        1.85183996057E+04
7.11600E+00        1.84909550392E+04
7.12200E+00        1.84635862490E+04
7.12800E+00        1.84362592424E+04
7.13400E+00        1.84089953372E+04
7.14000E+00        1.83817913100E+04
7.14600E+00        1.83546622717E+04
7.15200E+00        1.83275774589E+04
7.15800E+00        1.83005520065E+04
7.16400E+00        1.82736009595E+04
7.17000E+00        1.82466936916E+04
7.17600E+00        1.82198452718E+04
7.18200E+00        1.81930676752E+04
7.18800E+00        1.81663364256E+04
7.19400E+00        1.81396635172E+04
7.20000E+00        1.81130638650E+04
7.20600E+00        1.80865071143E+04
7.21200E+00        1.80600082033E+04
7.21800E+00        1.80335819827E+04
7.22400E+00        1.80071982320E+04
7.23000E+00        1.79808688553E+04
7.23600E+00        1.79545996320E+04
7.24200E+00        1.79284023533E+04
7.24800E+00        1.79022469767E+04
7.25400E+00        1.78761482904E+04
7.26000E+00        1.78501209960E+04
7.26600E+00        1.78241351834E+04
7.27200E+00        1.77982055770E+04
7.27800E+00        1.77723468154E+04
7.28400E+00        1.77465261890E+04
7.29000E+00        1.77207642251E+04
7.29600E+00        1.76950578300E+04
7.30200E+00        1.76694215587E+04
7.30800E+00        1.76438258064E+04
7.31400E+00        1.76182851506E+04
7.32000E+00        1.75928111788E+04
7.32600E+00        1.75673802307E+04
7.33200E+00        1.75420039118E+04
7.33800E+00        1.75166820675E+04
7.34400E+00        1.74914291082E+04
7.35000E+00        1.74662157301E+04
7.35600E+00        1.74410534852E+04
7.36200E+00        1.74159624879E+04
7.36800E+00        1.73909106771E+04
7.37400E+00        1.73659124240E+04
7.38000E+00        1.73409675777E+04
7.38600E+00        1.73160904062E+04
7.39200E+00        1.72912490463E+04
7.39800E+00        1.72664635032E+04
7.40400E+00        1.72417307682E+04
7.41000E+00        1.72170650291E+04
7.41600E+00        1.71924374454E+04
7.42200E+00        1.71678593913E+04
7.42800E+00        1.71433363943E+04
7.43400E+00        1.71188797229E+04
7.44000E+00        1.70944607028E+04
7.44600E+00        1.70700934633E+04
7.45200E+00        1.70457750443E+04
7.45800E+00        1.70215251087E+04
7.46400E+00        1.69973123276E+04
7.47000E+00        1.69731507508E+04
7.47600E+00        1.69490374363E+04
7.48200E+00        1.69249778441E+04
7.48800E+00        1.69009831017E+04
7.49400E+00        1.68770249027E+04
7.50000E+00        1.68531171989E+04
7.50600E+00        1.68292570706E+04
7.51200E+00        1.68054639332E+04
7.51800E+00        1.67817068586E+04
7.52400E+00        1.67579997205E+04
7.53000E+00        1.67343396169E+04
7.53600E+00        1.67107319409E+04
7.54200E+00        1.66871876817E+04
7.54800E+00        1.66636788941E+04
7.55400E+00        1.66402166075E+04
7.56000E+00        1.66168061856E+04
7.56600E+00        1.65934585571E+04
7.57200E+00        1.65701459349E+04
7.57800E+00        1.65468792875E+04
7.58400E+00        1.65236639495E+04
7.59000E+00        1.65004970507E+04
7.59600E+00        1.64773784578E+04
7.60200E+00        1.64543190209E+04
7.60800E+00        1.64312966261E+04
7.61400E+00        1.64083221398E+04
7.62000E+00        1.63853954305E+04
7.62600E+00        1.63625136650E+04
7.63200E+00        1.63396957253E+04
7.63800E+00        1.63169115469E+04
7.64400E+00        1.62941746237E+04
7.65000E+00        1.62714821393E+04
7.65600E+00        1.62488393427E+04
7.66200E+00        1.62262434146E+04
7.66800E+00        1.62037050426E+04
7.67400E+00        1.61812024528E+04
7.68000E+00        1.61587463488E+04
7.68600E+00        1.61363366037E+04
7.69200E+00        1.61139704302E+04
7.69800E+00        1.60916530283E+04
7.70400E+00        1.60693949871E+04
7.71000E+00        1.60471667541E+04
7.71600E+00        1.60249869065E+04
7.72200E+00        1.60028526663E+04
7.72800E+00        1.59807612706E+04
7.73400E+00        1.59587178779E+04
7.74000E+00        1.59367329915E+04
7.74600E+00        1.59147773044E+04
7.75200E+00        1.58928692416E+04
7.75800E+00        1.58710060498E+04
7.76400E+00        1.58491849902E+04
7.77000E+00        1.58274111801E+04
7.77600E+00        1.58056818781E+04
7.78200E+00        1.57840074993E+04
7.78800E+00        1.57623668391E+04
7.79400E+00        1.57407703278E+04
7.80000E+00        1.57192152509E+04
7.80600E+00        1.56977066848E+04
7.81200E+00        1.56762419121E+04
7.81800E+00        1.56548182299E+04
7.82400E+00        1.56334537109E+04
7.83000E+00        1.56121195993E+04
7.83600E+00        1.55908262379E+04
7.84200E+00        1.55695786633E+04
7.84800E+00        1.55483741814E+04
7.85400E+00        1.55272101129E+04
7.86000E+00        1.55060914744E+04
7.86600E+00        1.54850284760E+04
7.87200E+00        1.54639926475E+04
7.87800E+00        1.54430018956E+04
7.88400E+00        1.54220510031E+04
7.89000E+00        1.54011449537E+04
7.89600E+00        1.53802810844E+04
7.90200E+00        1.53594567465E+04
7.90800E+00        1.53386896746E+04
7.91400E+00        1.53179516590E+04
7.92000E+00        1.52972528501E+04
7.92600E+00        1.52765981925E+04
7.93200E+00        1.52559825269E+04
7.93800E+00        1.52354107851E+04
7.94400E+00        1.52148803345E+04
7.95000E+00        1.51943885566E+04
7.95600E+00        1.51739403638E+04
7.96200E+00        1.51535457512E+04
7.96800E+00        1.51331768618E+04
7.97400E+00        1.51128512222E+04
7.98000E+00        1.50925637301E+04
7.98600E+00        1.50723192660E+04
7.99200E+00        1.50521127417E+04
7.99800E+00        1.50319490251E+04
8.00400E+00        1.50118255210E+04
8.01000E+00        1.49917396477E+04
8.01600E+00        1.49716962543E+04
8.02200E+00        1.49517027356E+04
8.02800E+00        1.49317390151E+04
8.03400E+00        1.49118149808E+04
8.04000E+00        1.48919280693E+04
8.04600E+00        1.48720830982E+04
8.05200E+00        1.48522750490E+04
8.05800E+00        1.48325087268E+04
8.06400E+00        1.48127791270E+04
8.07000E+00        1.47930910421E+04
8.07600E+00        1.47734419208E+04
8.08200E+00        1.47538292249E+04
8.08800E+00        1.47342577285E+04
8.09400E+00        1.47147347118E+04
8.10000E+00        1.46952404191E+04
8.10600E+00        1.46757821604E+04
8.11200E+00        1.46563646854E+04
8.11800E+00        1.46369830506E+04
8.12400E+00        1.46176419935E+04
8.13000E+00        1.45983389946E+04
8.13600E+00        1.45790715475E+04
8.14200E+00        1.45598443717E+04
8.14800E+00        1.45406525570E+04
8.15400E+00        1.45215008108E+04
8.16000E+00        1.45023842364E+04
8.16600E+00        1.44833195868E+04
8.17200E+00        1.44642778472E+04
8.17800E+00        1.44452757744E+04
