wasp43b_ersspectra_bb_noLD/Noodles_2021-03-26/SED_02.dat
# %ECSV 0.9
# ---
# datatype:
# - {name: wavelength, unit: micron, datatype: float64}
# - {name: flux, unit: microJansky, datatype: float64}
# schema: astropy-2.0
#
#
#  - - File generated by ExoNoodle - -
#         V1.0.0 - MML (CEA-Saclay)
#       2021-03-25 15:37:33.308590
wavelength flux 
[from data line 1730]
1.33800E+01        5.84854702496E+03
1.33860E+01        5.84363397612E+03
1.33920E+01        5.83872806837E+03
1.33980E+01        5.83382347373E+03
1.34040E+01        5.82892892976E+03
1.34100E+01        5.82404149353E+03
1.34160E+01        5.81915535177E+03
1.34220E+01        5.81427922008E+03
1.34280E+01        5.80941016298E+03
1.34340E+01        5.80454721020E+03
1.34400E+01        5.79968552727E+03
1.34460E+01        5.79483380064E+03
1.34520E+01        5.78998910472E+03
1.34580E+01        5.78514566033E+03
1.34640E+01        5.78031213218E+03
1.34700E+01        5.77548560205E+03
1.34760E+01        5.77066030530E+03
1.34820E+01        5.76584488494E+03
1.34880E+01        5.76103643012E+03
1.34940E+01        5.75623397879E+03
1.35000E+01        5.75143178798E+03
1.35060E+01        5.74664131854E+03
1.35120E+01        5.74185682275E+03
1.35180E+01        5.73707351852E+03
1.35240E+01        5.73229999859E+03
1.35300E+01        5.72753336916E+03
1.35360E+01        5.72276791360E+03
1.35420E+01        5.71801220323E+03
1.35480E+01        5.71326335152E+03
1.35540E+01        5.70852040454E+03
1.35600E+01        5.70377766704E+03
1.35660E+01        5.69904650497E+03
1.35720E+01        5.69432121839E+03
1.35780E+01        5.68959612627E+03
1.35840E+01        5.68488256630E+03
1.35900E+01        5.68017485276E+03
1.35960E+01        5.67546731878E+03
1.36020E+01        5.67077127390E+03
1.36080E+01        5.66608104658E+03
1.36140E+01        5.66139098405E+03
1.36200E+01        5.65671236780E+03
1.36260E+01        5.65203954041E+03
1.36320E+01        5.64737156067E+03
1.36380E+01        5.64270558960E+03
1.36440E+01        5.63805007638E+03
1.36500E+01        5.63339938465E+03
1.36560E+01        5.62875068251E+03
1.36620E+01        5.62411239823E+03
1.36680E+01        5.61947890945E+03
1.36740E+01        5.61484739129E+03
1.36800E+01        5.61022625125E+03
1.36860E+01        5.60560988087E+03
1.36920E+01        5.60099546230E+03
1.36980E+01        5.59639138229E+03
1.37040E+01        5.59179204629E+03
1.37100E+01        5.58719464341E+03
1.37160E+01        5.58260753976E+03
1.37220E+01        5.57802515463E+03
1.37280E+01        5.57344468406E+03
1.37340E+01        5.56887447361E+03
1.37400E+01        5.56430895634E+03
1.37460E+01        5.55974533522E+03
1.37520E+01        5.55519193531E+03
1.37580E+01        5.55064320339E+03
1.37640E+01        5.54609634936E+03
1.37700E+01        5.54155967784E+03
1.37760E+01        5.53702764928E+03
1.37820E+01        5.53249748048E+03
1.37880E+01        5.52797745568E+03
1.37940E+01        5.52346204899E+03
1.38000E+01        5.51895307464E+03
1.38060E+01        5.51444502482E+03
1.38120E+01        5.50994615900E+03
1.38180E+01        5.50544911704E+03
1.38240E+01        5.50096214272E+03
1.38300E+01        5.49647973726E+03
1.38360E+01        5.49200370607E+03
1.38420E+01        5.48752766301E+03
1.38480E+01        5.48306254319E+03
1.38540E+01        5.47859830654E+03
1.38600E+01        5.47414315890E+03
1.38660E+01        5.46969433767E+03
1.38720E+01        5.46525093023E+03
1.38780E+01        5.46080748472E+03
1.38840E+01        5.45637488303E+03
1.38900E+01        5.45194313407E+03
1.38960E+01        5.44752040375E+03
1.39020E+01        5.44310394302E+03
1.39080E+01        5.43869284377E+03
1.39140E+01        5.43428168071E+03
1.39200E+01        5.42988128285E+03
1.39260E+01        5.42548170775E+03
1.39320E+01        5.42109108172E+03
1.39380E+01        5.41670666910E+03
1.39440E+01        5.41232217155E+03
1.39500E+01        5.40794837433E+03
1.39560E+01        5.40357986980E+03
1.39620E+01        5.39921126780E+03
1.39680E+01        5.39485332747E+03
1.39740E+01        5.39050065433E+03
1.39800E+01        5.38614787129E+03
1.39860E+01        5.38180571148E+03
1.39920E+01        5.37746879349E+03
1.39980E+01        5.37313175329E+03
1.40040E+01        5.36880529806E+03
