wasp43b_ersspectra_bb_noLD/Noodles_2021-03-26/SED_09.dat
# %ECSV 0.9
# ---
# datatype:
# - {name: wavelength, unit: micron, datatype: float64}
# - {name: flux, unit: microJansky, datatype: float64}
# schema: astropy-2.0
#
#
#  - - File generated by ExoNoodle - -
#         V1.0.0 - MML (CEA-Saclay)
#       2021-03-25 15:37:33.308590
wavelength flux 
[from data line 433]
5.59800E+00        2.80268060410E+04
5.60400E+00        2.79643786373E+04
5.61000E+00        2.79274032006E+04
5.61600E+00        2.78761050086E+04
5.62200E+00        2.78162676373E+04
5.62800E+00        2.77769663261E+04
5.63400E+00        2.77261450519E+04
5.64000E+00        2.76565678686E+04
5.64600E+00        2.76273744431E+04
5.65200E+00        2.75779721786E+04
5.65800E+00        2.75245079550E+04
5.66400E+00        2.74793632652E+04
5.67000E+00        2.74301043951E+04
5.67600E+00        2.73784110250E+04
5.68200E+00        2.73295886237E+04
5.68800E+00        2.72835509593E+04
5.69400E+00        2.72279359505E+04
5.70000E+00        2.71853377198E+04
5.70600E+00        2.71380505357E+04
5.71200E+00        2.70896666436E+04
5.71800E+00        2.70415341079E+04
5.72400E+00        2.69936952970E+04
5.73000E+00        2.69456661354E+04
5.73600E+00        2.68960429346E+04
5.74200E+00        2.68504709533E+04
5.74800E+00        2.68028894602E+04
5.75400E+00        2.67551190010E+04
5.76000E+00        2.67083393624E+04
5.76600E+00        2.66612035407E+04
5.77200E+00        2.66126060850E+04
5.77800E+00        2.65672467695E+04
5.78400E+00        2.65205471187E+04
5.79000E+00        2.64738256709E+04
5.79600E+00        2.64271090911E+04
5.80200E+00        2.63809864681E+04
5.80800E+00        2.63346036690E+04
5.81400E+00        2.62726430221E+04
5.82000E+00        2.62424582003E+04
5.82600E+00        2.61966019462E+04
5.83200E+00        2.61507438442E+04
5.83800E+00        2.61049806498E+04
5.84400E+00        2.60595702240E+04
5.85000E+00        2.60141126970E+04
5.85600E+00        2.59683070053E+04
5.86200E+00        2.59235509034E+04
5.86800E+00        2.58783734614E+04
5.87400E+00        2.58209594057E+04
5.88000E+00        2.57885987955E+04
5.88600E+00        2.57438145275E+04
5.89200E+00        2.56992169404E+04
5.89800E+00        2.56545693595E+04
5.90400E+00        2.55978569943E+04
5.91000E+00        2.55659852326E+04
5.91600E+00        2.55214031481E+04
5.92200E+00        2.54777177043E+04
5.92800E+00        2.54337744711E+04
5.93400E+00        2.53899203606E+04
5.94000E+00        2.53462007656E+04
5.94600E+00        2.53025696273E+04
5.95200E+00        2.52590721838E+04
5.95800E+00        2.52156422368E+04
5.96400E+00        2.51721615013E+04
5.97000E+00        2.51291759146E+04
5.97600E+00        2.50861183967E+04
5.98200E+00        2.50431248203E+04
5.98800E+00        2.50002851039E+04
5.99400E+00        2.49572189899E+04
6.00000E+00        2.49092566130E+04
6.00600E+00        2.48723720332E+04
6.01200E+00        2.48299411736E+04
6.01800E+00        2.47876172874E+04
6.02400E+00        2.47454223039E+04
6.03000E+00        2.47033136269E+04
6.03600E+00        2.46613085076E+04
6.04200E+00        2.46194089591E+04
6.04800E+00        2.45776146342E+04
6.05400E+00        2.45359472803E+04
6.06000E+00        2.44943623290E+04
6.06600E+00        2.44528815681E+04
6.07200E+00        2.44114850045E+04
6.07800E+00        2.43702555220E+04
6.08400E+00        2.43290633403E+04
6.09000E+00        2.42879740647E+04
6.09600E+00        2.42470746903E+04
6.10200E+00        2.42062118678E+04
6.10800E+00        2.41641041045E+04
6.11400E+00        2.41247936755E+04
6.12000E+00        2.40842353368E+04
6.12600E+00        2.40437778331E+04
6.13200E+00        2.40034424493E+04
6.13800E+00        2.39631855959E+04
6.14400E+00        2.39230285968E+04
6.15000E+00        2.38827153514E+04
6.15600E+00        2.38430366090E+04
6.16200E+00        2.38010124939E+04
6.16800E+00        2.37634163397E+04
6.17400E+00        2.37237537327E+04
6.18000E+00        2.36841890532E+04
6.18600E+00        2.36447219844E+04
6.19200E+00        2.36053734653E+04
6.19800E+00        2.35661028861E+04
6.20400E+00        2.35269267227E+04
6.21000E+00        2.34878469156E+04
6.21600E+00        2.34488631544E+04
6.22200E+00        2.34099751298E+04
6.22800E+00        2.33712035770E+04
6.23400E+00        2.33325060677E+04
6.24000E+00        2.32938846237E+04
6.24600E+00        2.32553974120E+04
6.25200E+00        2.32169834351E+04
6.25800E+00        2.31786633645E+04
6.26400E+00        2.31404368993E+04
6.27000E+00        2.31023037399E+04
6.27600E+00        2.30642843542E+04
6.28200E+00        2.30263368775E+04
6.28800E+00        2.29884840081E+04
6.29400E+00        2.29507210602E+04
6.30000E+00        2.29130499371E+04
6.30600E+00        2.28754703459E+04
6.31200E+00        2.28379819952E+04
6.31800E+00        2.28006051233E+04
6.32400E+00        2.27632983496E+04
6.33000E+00        2.27260819484E+04
6.33600E+00        2.26889577975E+04
6.34200E+00        2.26516765399E+04
6.34800E+00        2.26149742723E+04
6.35400E+00        2.25781164978E+04
6.36000E+00        2.25413476716E+04
6.36600E+00        2.25046675119E+04
6.37200E+00        2.24680757385E+04
6.37800E+00        2.24315944084E+04
6.38400E+00        2.23951382072E+04
6.39000E+00        2.23588099497E+04
6.39600E+00        2.23226091630E+04
6.40200E+00        2.22864551153E+04
6.40800E+00        2.22503877938E+04
6.41400E+00        2.22144069254E+04
6.42000E+00        2.21785122382E+04
6.42600E+00        2.21427055743E+04
6.43200E+00        2.21069824347E+04
6.43800E+00        2.20713446669E+04
6.44400E+00        2.20357920032E+04
6.45000E+00        2.20003241769E+04
6.45600E+00        2.19649409222E+04
6.46200E+00        2.19296419744E+04
6.46800E+00        2.18944467820E+04
6.47400E+00        2.18593177123E+04
6.48000E+00        2.18242700726E+04
6.48600E+00        2.17893056915E+04
6.49200E+00        2.17544243091E+04
6.49800E+00        2.17196256669E+04
6.50400E+00        2.16849095073E+04
6.51000E+00        2.16502755735E+04
6.51600E+00        2.16157256722E+04
6.52200E+00        2.15812359910E+04
6.52800E+00        2.15468666308E+04
6.53400E+00        2.15125590498E+04
6.54000E+00        2.14783324258E+04
6.54600E+00        2.14441865081E+04
6.55200E+00        2.14101210466E+04
6.55800E+00        2.13761378320E+04
6.56400E+00        2.13422325338E+04
6.57000E+00        2.13084069479E+04
6.57600E+00        2.12746608281E+04
6.58200E+00        2.12409939291E+04
6.58800E+00        2.12074060068E+04
6.59400E+00        2.11738988378E+04
6.60000E+00        2.11404681363E+04
6.60600E+00        2.11071156840E+04
6.61200E+00        2.10738412403E+04
6.61800E+00        2.10406445657E+04
6.62400E+00        2.10075254212E+04
6.63000E+00        2.09744855701E+04
6.63600E+00        2.09415207700E+04
6.64200E+00        2.09086327890E+04
6.64800E+00        2.08758401858E+04
6.65400E+00        2.08431051089E+04
6.66000E+00        2.08104481337E+04
6.66600E+00        2.07778650535E+04
6.67200E+00        2.07453576252E+04
6.67800E+00        2.07129256180E+04
6.68400E+00        2.06805688019E+04
6.69000E+00        2.06482869478E+04
6.69600E+00        2.06160632347E+04
6.70200E+00        2.05839491773E+04
6.70800E+00        2.05518908400E+04
6.71400E+00        2.05199065568E+04
6.72000E+00        2.04879980575E+04
6.72600E+00        2.04561612057E+04
6.73200E+00        2.04243977358E+04
6.73800E+00        2.03927074256E+04
6.74400E+00        2.03610900535E+04
6.75000E+00        2.03295473384E+04
6.75600E+00        2.02980751782E+04
6.76200E+00        2.02666752965E+04
6.76800E+00        2.02353474749E+04
6.77400E+00        2.02040934237E+04
6.78000E+00        2.01728909077E+04
6.78600E+00        2.01417961225E+04
6.79200E+00        2.01107543723E+04
6.79800E+00        2.00797674424E+04
6.80400E+00        2.00488674656E+04
6.81000E+00        2.00180560642E+04
6.81600E+00        1.99872969574E+04
6.82200E+00        1.99565919211E+04
6.82800E+00        1.99259728924E+04
6.83400E+00        1.98954235757E+04
6.84000E+00        1.98649456574E+04
6.84600E+00        1.98345351362E+04
6.85200E+00        1.98041937030E+04
6.85800E+00        1.97739211513E+04
6.86400E+00        1.97437191589E+04
6.87000E+00        1.97135837509E+04
6.87600E+00        1.96835166095E+04
6.88200E+00        1.96535175313E+04
6.88800E+00        1.96235881857E+04
6.89400E+00        1.95937246235E+04
6.90000E+00        1.95639285186E+04
6.90600E+00        1.95342015341E+04
6.91200E+00        1.95045397401E+04
6.91800E+00        1.94749448041E+04
6.92400E+00        1.94454165277E+04
6.93000E+00        1.94159565658E+04
6.93600E+00        1.93865610139E+04
6.94200E+00        1.93572315311E+04
6.94800E+00        1.93279697658E+04
6.95400E+00        1.92987718327E+04
6.96000E+00        1.92696393846E+04
6.96600E+00        1.92405549082E+04
6.97200E+00        1.92115547096E+04
6.97800E+00        1.91826175825E+04
6.98400E+00        1.91537451712E+04
6.99000E+00        1.91249391097E+04
6.99600E+00        1.90961955565E+04
7.00200E+00        1.90675161496E+04
7.00800E+00        1.90389025169E+04
7.01400E+00        1.90103508353E+04
7.02000E+00        1.89818627368E+04
7.02600E+00        1.89534380349E+04
7.03200E+00        1.89250783493E+04
7.03800E+00        1.88967798813E+04
7.04400E+00        1.88685442547E+04
7.05000E+00        1.88403730831E+04
7.05600E+00        1.88122625860E+04
7.06200E+00        1.87841974725E+04
7.06800E+00        1.87562131925E+04
7.07400E+00        1.87282890497E+04
7.08000E+00        1.87004266556E+04
7.08600E+00        1.86726276118E+04
7.09200E+00        1.86448881737E+04
7.09800E+00        1.86172099468E+04
7.10400E+00        1.85895945267E+04
7.11000E+00        1.85620381866E+04
7.11600E+00        1.85345425259E+04
7.12200E+00        1.85071091342E+04
7.12800E+00        1.84797176683E+04
7.13400E+00        1.84524030145E+04
7.14000E+00        1.84251483400E+04
7.14600E+00        1.83979552262E+04
7.15200E+00        1.83708199876E+04
7.15800E+00        1.83437442095E+04
7.16400E+00        1.83167294677E+04
7.17000E+00        1.82897720939E+04
7.17600E+00        1.82628736675E+04
7.18200E+00        1.82360193439E+04
7.18800E+00        1.82092383252E+04
7.19400E+00        1.81825157462E+04
7.20000E+00        1.81558531709E+04
7.20600E+00        1.81292469655E+04
7.21200E+00        1.81026986976E+04
7.21800E+00        1.80762099252E+04
7.22400E+00        1.80497770315E+04
7.23000E+00        1.80233853554E+04
7.23600E+00        1.79970672020E+04
7.24200E+00        1.79708078750E+04
7.24800E+00        1.79446037799E+04
7.25400E+00        1.79184564708E+04
7.26000E+00        1.78923674922E+04
7.26600E+00        1.78663332667E+04
7.27200E+00        1.78403553422E+04
7.27800E+00        1.78144352579E+04
7.28400E+00        1.77885534412E+04
7.29000E+00        1.77627434804E+04
7.29600E+00        1.77369891823E+04
7.30200E+00        1.77112920781E+04
7.30800E+00        1.76856486285E+04
7.31400E+00        1.76600603686E+04
7.32000E+00        1.76345129513E+04
7.32600E+00        1.76090346218E+04
7.33200E+00        1.75836110137E+04
7.33800E+00        1.75582419722E+04
7.34400E+00        1.75329290151E+04
7.35000E+00        1.75076686415E+04
7.35600E+00        1.74824466373E+04
7.36200E+00        1.74572960085E+04
7.36800E+00        1.74321975120E+04
7.37400E+00        1.74071526635E+04
7.38000E+00        1.73821613119E+04
7.38600E+00        1.73572249622E+04
7.39200E+00        1.73323245504E+04
7.39800E+00        1.73074928076E+04
7.40400E+00        1.72827139620E+04
7.41000E+00        1.72579895113E+04
7.41600E+00        1.72333160126E+04
7.42200E+00        1.72086794783E+04
7.42800E+00        1.71841107609E+04
7.43400E+00        1.71595958396E+04
7.44000E+00        1.71351312925E+04
7.44600E+00        1.71107186133E+04
7.45200E+00        1.70863422784E+04
7.45800E+00        1.70620345496E+04
7.46400E+00        1.70377766252E+04
7.47000E+00        1.70135699914E+04
7.47600E+00        1.69893992142E+04
7.48200E+00        1.69652947548E+04
7.48800E+00        1.69412427742E+04
7.49400E+00        1.69172398969E+04
7.50000E+00        1.68932875997E+04
7.50600E+00        1.68693705594E+04
7.51200E+00        1.68455206298E+04
7.51800E+00        1.68217192510E+04
7.52400E+00        1.67979678930E+04
7.53000E+00        1.67742513197E+04
7.53600E+00        1.67505996088E+04
7.54200E+00        1.67269990994E+04
7.54800E+00        1.67034464611E+04
7.55400E+00        1.66799281425E+04
7.56000E+00        1.66564740529E+04
7.56600E+00        1.66330706096E+04
7.57200E+00        1.66097145019E+04
7.57800E+00        1.65863922556E+04
7.58400E+00        1.65631336131E+04
7.59000E+00        1.65399234915E+04
7.59600E+00        1.65167617571E+04
7.60200E+00        1.64936350057E+04
7.60800E+00        1.64705696656E+04
7.61400E+00        1.64475523147E+04
7.62000E+00        1.64245828213E+04
7.62600E+00        1.64016462926E+04
7.63200E+00        1.63787737035E+04
7.63800E+00        1.63559470148E+04
7.64400E+00        1.63331676609E+04
7.65000E+00        1.63104208331E+04
7.65600E+00        1.62877357811E+04
7.66200E+00        1.62650976766E+04
7.66800E+00        1.62424933225E+04
7.67400E+00        1.62199487468E+04
7.68000E+00        1.61974507351E+04
7.68600E+00        1.61749991604E+04
7.69200E+00        1.61525793593E+04
7.69800E+00        1.61302202997E+04
7.70400E+00        1.61079088353E+04
7.71000E+00        1.60856272891E+04
7.71600E+00        1.60634060483E+04
7.72200E+00        1.60412304917E+04
7.72800E+00        1.60190860786E+04
7.73400E+00        1.59970015388E+04
7.74000E+00        1.59749638361E+04
7.74600E+00        1.59529554411E+04
7.75200E+00        1.59310064914E+04
7.75800E+00        1.59091024881E+04
7.76400E+00        1.58872290118E+04
7.77000E+00        1.58654145568E+04
7.77600E+00        1.58436446848E+04
7.78200E+00        1.58219065454E+04
7.78800E+00        1.58002254964E+04
7.79400E+00        1.57785886706E+04
7.80000E+00        1.57569817683E+04
7.80600E+00        1.57354330515E+04
7.81200E+00        1.57139282018E+04
7.81800E+00        1.56924529787E+04
7.82400E+00        1.56710370236E+04
7.83000E+00        1.56496630863E+04
7.83600E+00        1.56283184820E+04
7.84200E+00        1.56070312428E+04
7.84800E+00        1.55857871689E+04
7.85400E+00        1.55645721375E+04
7.86000E+00        1.55434140669E+04
7.86600E+00        1.55223002963E+04
7.87200E+00        1.55012137983E+04
7.87800E+00        1.54801838605E+04
7.88400E+00        1.54591824877E+04
7.89000E+00        1.54382374101E+04
7.89600E+00        1.54173345835E+04
7.90200E+00        1.53964600396E+04
7.90800E+00        1.53756428629E+04
7.91400E+00        1.53548661322E+04
7.92000E+00        1.53341174048E+04
7.92600E+00        1.53134241875E+04
7.93200E+00        1.52927587888E+04
7.93800E+00        1.52721486417E+04
7.94400E+00        1.52515798553E+04
7.95000E+00        1.52310386130E+04
7.95600E+00        1.52105522376E+04
7.96200E+00        1.51901083436E+04
7.96800E+00        1.51696902716E+04
7.97400E+00        1.51493266853E+04
7.98000E+00        1.51289901922E+04
7.98600E+00        1.51087079327E+04
7.99200E+00        1.50884525882E+04
7.99800E+00        1.50682512266E+04
8.00400E+00        1.50480901450E+04
8.01000E+00        1.50279557134E+04
8.01600E+00        1.50078748918E+04
8.02200E+00        1.49878219746E+04
8.02800E+00        1.49678209892E+04
8.03400E+00        1.49478597566E+04
8.04000E+00        1.49279247387E+04
8.04600E+00        1.49080427166E+04
8.05200E+00        1.48881867372E+04
8.05800E+00        1.48683835105E+04
8.06400E+00        1.48486061558E+04
8.07000E+00        1.48288813123E+04
8.07600E+00        1.48091954977E+04
8.08200E+00        1.47895353010E+04
8.08800E+00        1.47699272560E+04
8.09400E+00        1.47503460678E+04
8.10000E+00        1.47308153848E+04
8.10600E+00        1.47113099852E+04
8.11200E+00        1.46918562630E+04
8.11800E+00        1.46724276587E+04
8.12400E+00        1.46530504968E+04
8.13000E+00        1.46337114569E+04
8.13600E+00        1.46143972887E+04
8.14200E+00        1.45951342131E+04
8.14800E+00        1.45758958466E+04
8.15400E+00        1.45567083413E+04
8.16000E+00        1.45375453835E+04
8.16600E+00        1.45184344414E+04
8.17200E+00        1.44993465001E+04
8.17800E+00        1.44803089612E+04
