wasp43b_ersspectra_bb_noLD/Noodles_2021-03-26/SED_09.dat
# %ECSV 0.9
# ---
# datatype:
# - {name: wavelength, unit: micron, datatype: float64}
# - {name: flux, unit: microJansky, datatype: float64}
# schema: astropy-2.0
#
#
#  - - File generated by ExoNoodle - -
#         V1.0.0 - MML (CEA-Saclay)
#       2021-03-25 15:37:33.308590
wavelength flux 
[from data line 1730]
1.33800E+01        5.86311108266E+03
1.33860E+01        5.85818148451E+03
1.33920E+01        5.85326334920E+03
1.33980E+01        5.84835083786E+03
1.34040E+01        5.84343980156E+03
1.34100E+01        5.83854018381E+03
1.34160E+01        5.83364616051E+03
1.34220E+01        5.82875359319E+03
1.34280E+01        5.82387240038E+03
1.34340E+01        5.81899732713E+03
1.34400E+01        5.81412780924E+03
1.34460E+01        5.80925972216E+03
1.34520E+01        5.80440295126E+03
1.34580E+01        5.79955170664E+03
1.34640E+01        5.79470187411E+03
1.34700E+01        5.78986331429E+03
1.34760E+01        5.78503025184E+03
1.34820E+01        5.78019858291E+03
1.34880E+01        5.77537814346E+03
1.34940E+01        5.77056372247E+03
1.35000E+01        5.76574957693E+03
1.35060E+01        5.76094716769E+03
1.35120E+01        5.75615074700E+03
1.35180E+01        5.75135975693E+03
1.35240E+01        5.74657011761E+03
1.35300E+01        5.74179160781E+03
1.35360E+01        5.73701850033E+03
1.35420E+01        5.73224672551E+03
1.35480E+01        5.72748603774E+03
1.35540E+01        5.72273126943E+03
1.35600E+01        5.71797672530E+03
1.35660E+01        5.71323377127E+03
1.35720E+01        5.70849670738E+03
1.35780E+01        5.70375985258E+03
1.35840E+01        5.69903454453E+03
1.35900E+01        5.69431509749E+03
1.35960E+01        5.68959584456E+03
1.36020E+01        5.68488809526E+03
1.36080E+01        5.68018617803E+03
1.36140E+01        5.67548444006E+03
1.36200E+01        5.67079416283E+03
1.36260E+01        5.66610968891E+03
1.36320E+01        5.66142591894E+03
1.36380E+01        5.65675248822E+03
1.36440E+01        5.65208537162E+03
1.36500E+01        5.64741894305E+03
1.36560E+01        5.64276281398E+03
1.36620E+01        5.63811296927E+03
1.36680E+01        5.63346379678E+03
1.36740E+01        5.62882488424E+03
1.36800E+01        5.62419222650E+03
1.36860E+01        5.61956022530E+03
1.36920E+01        5.61493844473E+03
1.36980E+01        5.61032288955E+03
1.37040E+01        5.60570797536E+03
1.37100E+01        5.60110324269E+03
1.37160E+01        5.59650470619E+03
1.37220E+01        5.59190679526E+03
1.37280E+01        5.58731902694E+03
1.37340E+01        5.58273742574E+03
1.37400E+01        5.57815643482E+03
1.37460E+01        5.57358554781E+03
1.37520E+01        5.56902079906E+03
1.37580E+01        5.56445664541E+03
1.37640E+01        5.55990255718E+03
1.37700E+01        5.55535457851E+03
1.37760E+01        5.55080717989E+03
1.37820E+01        5.54626980841E+03
1.37880E+01        5.54173851797E+03
1.37940E+01        5.53720779264E+03
1.38000E+01        5.53268758352E+03
1.38060E+01        5.52817237281E+03
1.38120E+01        5.52365823953E+03
1.38180E+01        5.51915405746E+03
1.38240E+01        5.51465589988E+03
1.38300E+01        5.51015827791E+03
1.38360E+01        5.50567109404E+03
1.38420E+01        5.50118391191E+03
1.38480E+01        5.49670766660E+03
1.38540E+01        5.49223635177E+03
1.38600E+01        5.48776607201E+03
1.38660E+01        5.48330616590E+03
1.38720E+01        5.47885168708E+03
1.38780E+01        5.47439718367E+03
1.38840E+01        5.46995353752E+03
1.38900E+01        5.46551477163E+03
1.38960E+01        5.46107700961E+03
1.39020E+01        5.45664954465E+03
1.39080E+01        5.45222745453E+03
1.39140E+01        5.44780531394E+03
1.39200E+01        5.44339395188E+03
1.39260E+01        5.43898742048E+03
1.39320E+01        5.43458186223E+03
1.39380E+01        5.43018652525E+03
1.39440E+01        5.42579111656E+03
1.39500E+01        5.42140642142E+03
1.39560E+01        5.41702703217E+03
1.39620E+01        5.41264755862E+03
1.39680E+01        5.40827875989E+03
1.39740E+01        5.40391524148E+03
1.39800E+01        5.39955162628E+03
1.39860E+01        5.39519864738E+03
1.39920E+01        5.39085092339E+03
1.39980E+01        5.38650309022E+03
1.40040E+01        5.38216585504E+03
