wasp43b_ersspectra_bb_noLD/Noodles_2021-03-26/SED_11.dat
# %ECSV 0.9
# ---
# datatype:
# - {name: wavelength, unit: micron, datatype: float64}
# - {name: flux, unit: microJansky, datatype: float64}
# schema: astropy-2.0
#
#
#  - - File generated by ExoNoodle - -
#         V1.0.0 - MML (CEA-Saclay)
#       2021-03-25 15:37:33.308590
wavelength flux 
[from data line 1730]
1.33800E+01        5.85616576358E+03
1.33860E+01        5.85124405748E+03
1.33920E+01        5.84633175326E+03
1.33980E+01        5.84142301724E+03
1.34040E+01        5.83651984581E+03
1.34100E+01        5.83162603720E+03
1.34160E+01        5.82673577245E+03
1.34220E+01        5.82185104296E+03
1.34280E+01        5.81697563744E+03
1.34340E+01        5.81210634421E+03
1.34400E+01        5.80724056267E+03
1.34460E+01        5.80238027757E+03
1.34520E+01        5.79752926499E+03
1.34580E+01        5.79268174016E+03
1.34640E+01        5.78783968287E+03
1.34700E+01        5.78300685978E+03
1.34760E+01        5.77817750064E+03
1.34820E+01        5.77335358034E+03
1.34880E+01        5.76853885613E+03
1.34940E+01        5.76373014324E+03
1.35000E+01        5.75892169868E+03
1.35060E+01        5.75412498331E+03
1.35120E+01        5.74933424937E+03
1.35180E+01        5.74454692453E+03
1.35240E+01        5.73976497224E+03
1.35300E+01        5.73499212796E+03
1.35360E+01        5.73022266953E+03
1.35420E+01        5.72545855553E+03
1.35480E+01        5.72070351216E+03
1.35540E+01        5.71595438121E+03
1.35600E+01        5.71120546744E+03
1.35660E+01        5.70646813676E+03
1.35720E+01        5.70173668925E+03
1.35780E+01        5.69700544385E+03
1.35840E+01        5.69228573822E+03
1.35900E+01        5.68757188667E+03
1.35960E+01        5.68285822228E+03
1.36020E+01        5.67815605459E+03
1.36080E+01        5.67345971206E+03
1.36140E+01        5.66876354188E+03
1.36200E+01        5.66407882555E+03
1.36260E+01        5.65939990563E+03
1.36320E+01        5.65472366571E+03
1.36380E+01        5.65005379236E+03
1.36440E+01        5.64539220919E+03
1.36500E+01        5.64073328522E+03
1.36560E+01        5.63608069790E+03
1.36620E+01        5.63143636614E+03
1.36680E+01        5.62679467291E+03
1.36740E+01        5.62215928662E+03
1.36800E+01        5.61753212144E+03
1.36860E+01        5.61290757428E+03
1.36920E+01        5.60828930450E+03
1.36980E+01        5.60367922161E+03
1.37040E+01        5.59907173636E+03
1.37100E+01        5.59447049913E+03
1.37160E+01        5.58987741474E+03
1.37220E+01        5.58528690776E+03
1.37280E+01        5.58070261960E+03
1.37340E+01        5.57612645043E+03
1.37400E+01        5.57155283859E+03
1.37460E+01        5.56698541655E+03
1.37520E+01        5.56242607984E+03
1.37580E+01        5.55786928052E+03
1.37640E+01        5.55331864214E+03
1.37700E+01        5.54877605563E+03
1.37760E+01        5.54423598669E+03
1.37820E+01        5.53970205003E+03
1.37880E+01        5.53517613196E+03
1.37940E+01        5.53065271180E+03
1.38000E+01        5.52613786032E+03
1.38060E+01        5.52162606450E+03
1.38120E+01        5.51711921198E+03
1.38180E+01        5.51261843489E+03
1.38240E+01        5.50812561040E+03
1.38300E+01        5.50363524488E+03
1.38360E+01        5.49915337951E+03
1.38420E+01        5.49467150939E+03
1.38480E+01        5.49020056961E+03
1.38540E+01        5.48573263023E+03
1.38600E+01        5.48126956669E+03
1.38660E+01        5.47681494674E+03
1.38720E+01        5.47236574765E+03
1.38780E+01        5.46791651755E+03
1.38840E+01        5.46347813828E+03
1.38900E+01        5.45904271863E+03
1.38960E+01        5.45461212494E+03
1.39020E+01        5.45018990769E+03
1.39080E+01        5.44577305890E+03
1.39140E+01        5.44135615329E+03
1.39200E+01        5.43695001984E+03
1.39260E+01        5.43254680577E+03
1.39320E+01        5.42814836840E+03
1.39380E+01        5.42375824104E+03
1.39440E+01        5.41936803567E+03
1.39500E+01        5.41498853753E+03
1.39560E+01        5.41061433900E+03
1.39620E+01        5.40624004988E+03
1.39680E+01        5.40187642931E+03
1.39740E+01        5.39751808280E+03
1.39800E+01        5.39315963325E+03
1.39860E+01        5.38881181377E+03
1.39920E+01        5.38446924295E+03
1.39980E+01        5.38012655674E+03
1.40040E+01        5.37579446231E+03
