wasp43b_ersspectra_bb_noLD/Noodles_2021-03-26/SED_01.dat
# %ECSV 0.9
# ---
# datatype:
# - {name: wavelength, unit: micron, datatype: float64}
# - {name: flux, unit: microJansky, datatype: float64}
# schema: astropy-2.0
#
#
#  - - File generated by ExoNoodle - -
#         V1.0.0 - MML (CEA-Saclay)
#       2021-03-25 15:37:33.308590
wavelength flux 
[from data line 433]
5.59800E+00        2.79574875472E+04
5.60400E+00        2.79064377441E+04
5.61000E+00        2.78567064803E+04
5.61600E+00        2.78064442828E+04
5.62200E+00        2.77558479664E+04
5.62800E+00        2.77064131477E+04
5.63400E+00        2.76565272758E+04
5.64000E+00        2.76053977950E+04
5.64600E+00        2.75572960178E+04
5.65200E+00        2.75078540354E+04
5.65800E+00        2.74583161950E+04
5.66400E+00        2.74093785432E+04
5.67000E+00        2.73603155719E+04
5.67600E+00        2.73112593950E+04
5.68200E+00        2.72624632992E+04
5.68800E+00        2.72139486143E+04
5.69400E+00        2.71650203031E+04
5.70000E+00        2.71169393074E+04
5.70600E+00        2.70687035375E+04
5.71200E+00        2.70205360199E+04
5.71800E+00        2.69725264520E+04
5.72400E+00        2.69246251117E+04
5.73000E+00        2.68768341317E+04
5.73600E+00        2.68290859786E+04
5.74200E+00        2.67816756694E+04
5.74800E+00        2.67342619988E+04
5.75400E+00        2.66869571322E+04
5.76000E+00        2.66398170865E+04
5.76600E+00        2.65928023315E+04
5.77200E+00        2.65458089928E+04
5.77800E+00        2.64990867489E+04
5.78400E+00        2.64524162595E+04
5.79000E+00        2.64058601848E+04
5.79600E+00        2.63594444705E+04
5.80200E+00        2.63131467287E+04
5.80800E+00        2.62669508325E+04
5.81400E+00        2.62200989642E+04
5.82000E+00        2.61749300112E+04
5.82600E+00        2.61291246853E+04
5.83200E+00        2.60834071343E+04
5.83800E+00        2.60378064913E+04
5.84400E+00        2.59923347085E+04
5.85000E+00        2.59469722866E+04
5.85600E+00        2.59017290795E+04
5.86200E+00        2.58566222581E+04
5.86800E+00        2.58116057787E+04
5.87400E+00        2.57661142567E+04
5.88000E+00        2.57219305554E+04
5.88600E+00        2.56772621292E+04
5.89200E+00        2.56327360161E+04
5.89800E+00        2.55882917492E+04
5.90400E+00        2.55433545373E+04
5.91000E+00        2.54997617150E+04
5.91600E+00        2.54556443547E+04
5.92200E+00        2.54117012372E+04
5.92800E+00        2.53678284365E+04
5.93400E+00        2.53240663882E+04
5.94000E+00        2.52804169081E+04
5.94600E+00        2.52368774402E+04
5.95200E+00        2.51934497959E+04
5.95800E+00        2.51501543706E+04
5.96400E+00        2.51069372944E+04
5.97000E+00        2.50638482793E+04
5.97600E+00        2.50208598611E+04
5.98200E+00        2.49779781922E+04
5.98800E+00        2.49352072292E+04
5.99400E+00        2.48925521122E+04
6.00000E+00        2.48497418112E+04
6.00600E+00        2.48075635832E+04
6.01200E+00        2.47652221167E+04
6.01800E+00        2.47229874171E+04
6.02400E+00        2.46808601977E+04
6.03000E+00        2.46388615128E+04
6.03600E+00        2.45969449645E+04
6.04200E+00        2.45551337831E+04
6.04800E+00        2.45134276219E+04
6.05400E+00        2.44718271923E+04
6.06000E+00        2.44303300357E+04
6.06600E+00        2.43889368681E+04
6.07200E+00        2.43476695568E+04
6.07800E+00        2.43064854066E+04
6.08400E+00        2.42654010767E+04
6.09000E+00        2.42244193834E+04
6.09600E+00        2.41835441675E+04
6.10200E+00        2.41427677775E+04
6.10800E+00        2.41020515291E+04
6.11400E+00        2.40615425431E+04
6.12000E+00        2.40210700122E+04
6.12600E+00        2.39806981210E+04
6.13200E+00        2.39404275754E+04
6.13800E+00        2.39002559802E+04
6.14400E+00        2.38601840457E+04
6.15000E+00        2.38202218630E+04
6.15600E+00        2.37803616087E+04
6.16200E+00        2.37404831619E+04
6.16800E+00        2.37009101229E+04
6.17400E+00        2.36613316214E+04
6.18000E+00        2.36218508574E+04
6.18600E+00        2.35824675146E+04
6.19200E+00        2.35431822945E+04
6.19800E+00        2.35040153021E+04
6.20400E+00        2.34649222996E+04
6.21000E+00        2.34259254664E+04
6.21600E+00        2.33870244924E+04
6.22200E+00        2.33482190691E+04
6.22800E+00        2.33095098950E+04
6.23400E+00        2.32708946498E+04
6.24000E+00        2.32323952267E+04
6.24600E+00        2.31939699071E+04
6.25200E+00        2.31556376098E+04
6.25800E+00        2.31173990362E+04
6.26400E+00        2.30792538858E+04
6.27000E+00        2.30412018597E+04
6.27600E+00        2.30032436527E+04
6.28200E+00        2.29653769805E+04
6.28800E+00        2.29276244440E+04
6.29400E+00        2.28899419087E+04
6.30000E+00        2.28523510193E+04
6.30600E+00        2.28148514837E+04
6.31200E+00        2.27774430108E+04
6.31800E+00        2.27401262924E+04
6.32400E+00        2.27028990746E+04
6.33000E+00        2.26657620531E+04
6.33600E+00        2.26287365577E+04
6.34200E+00        2.25917673314E+04
6.34800E+00        2.25549108522E+04
6.35400E+00        2.25181317263E+04
6.36000E+00        2.24814413752E+04
6.36600E+00        2.24448395177E+04
6.37200E+00        2.24083258739E+04
6.37800E+00        2.23719225016E+04
6.38400E+00        2.23355824850E+04
6.39000E+00        2.22993317805E+04
6.39600E+00        2.22631701030E+04
6.40200E+00        2.22270933304E+04
6.40800E+00        2.21911031146E+04
6.41400E+00        2.21551991831E+04
6.42000E+00        2.21193812645E+04
6.42600E+00        2.20836701836E+04
6.43200E+00        2.20480234466E+04
6.43800E+00        2.20124619146E+04
6.44400E+00        2.19769853204E+04
6.45000E+00        2.19415933978E+04
6.45600E+00        2.19062858814E+04
6.46200E+00        2.18710625072E+04
6.46800E+00        2.18359239547E+04
6.47400E+00        2.18008888997E+04
6.48000E+00        2.17659163420E+04
6.48600E+00        2.17310268800E+04
6.49200E+00        2.16962202543E+04
6.49800E+00        2.16614962070E+04
6.50400E+00        2.16268544807E+04
6.51000E+00        2.15922948192E+04
6.51600E+00        2.15578375600E+04
6.52200E+00        2.15234403016E+04
6.52800E+00        2.14891262037E+04
6.53400E+00        2.14548922264E+04
6.54000E+00        2.14207390478E+04
6.54600E+00        2.13866664172E+04
6.55200E+00        2.13526740853E+04
6.55800E+00        2.13187821675E+04
6.56400E+00        2.12849496560E+04
6.57000E+00        2.12511967006E+04
6.57600E+00        2.12175230555E+04
6.58200E+00        2.11839284761E+04
6.58800E+00        2.11504127184E+04
6.59400E+00        2.11169957107E+04
6.60000E+00        2.10836368369E+04
6.60600E+00        2.10503560591E+04
6.61200E+00        2.10171531369E+04
6.61800E+00        2.09840278312E+04
6.62400E+00        2.09509799036E+04
6.63000E+00        2.09180290977E+04
6.63600E+00        2.08851351834E+04
6.64200E+00        2.08523179377E+04
6.64800E+00        2.08195780244E+04
6.65400E+00        2.07869134108E+04
6.66000E+00        2.07543445884E+04
6.66600E+00        2.07218316452E+04
6.67200E+00        2.06893942054E+04
6.67800E+00        2.06570320386E+04
6.68400E+00        2.06247449153E+04
6.69000E+00        2.05925326068E+04
6.69600E+00        2.05604136368E+04
6.70200E+00        2.05283511321E+04
6.70800E+00        2.04963618739E+04
6.71400E+00        2.04644465242E+04
6.72000E+00        2.04326243756E+04
6.72600E+00        2.04008561404E+04
6.73200E+00        2.03691611430E+04
6.73800E+00        2.03375391615E+04
6.74400E+00        2.03059899748E+04
6.75000E+00        2.02745327284E+04
6.75600E+00        2.02431284412E+04
6.76200E+00        2.02117962904E+04
6.76800E+00        2.01805360582E+04
6.77400E+00        2.01493667737E+04
6.78000E+00        2.01182488301E+04
6.78600E+00        2.00872038934E+04
6.79200E+00        2.00562291434E+04
6.79800E+00        2.00253434981E+04
6.80400E+00        1.99945101898E+04
6.81000E+00        1.99637481595E+04
6.81600E+00        1.99330554708E+04
6.82200E+00        1.99024509270E+04
6.82800E+00        1.98718979885E+04
6.83400E+00        1.98414146249E+04
6.84000E+00        1.98110195506E+04
6.84600E+00        1.97806746836E+04
6.85200E+00        1.97503987687E+04
6.85800E+00        1.97201916000E+04
6.86400E+00        1.96900717791E+04
6.87000E+00        1.96600014586E+04
6.87600E+00        1.96299992705E+04
6.88200E+00        1.96000650118E+04
6.88800E+00        1.95702171726E+04
6.89400E+00        1.95404181378E+04
6.90000E+00        1.95106864276E+04
6.90600E+00        1.94810404492E+04
6.91200E+00        1.94514427603E+04
6.91800E+00        1.94219117979E+04
6.92400E+00        1.93924473641E+04
6.93000E+00        1.93630677562E+04
6.93600E+00        1.93337357606E+04
6.94200E+00        1.93044697041E+04
6.94800E+00        1.92752878022E+04
6.95400E+00        1.92461530117E+04
6.96000E+00        1.92170835773E+04
6.96600E+00        1.91880784778E+04
6.97200E+00        1.91591574782E+04
6.97800E+00        1.91302829310E+04
6.98400E+00        1.91014729723E+04
6.99000E+00        1.90727456289E+04
6.99600E+00        1.90440642502E+04
7.00200E+00        1.90154468916E+04
7.00800E+00        1.89869115001E+04
7.01400E+00        1.89584215912E+04
7.02000E+00        1.89299951402E+04
7.02600E+00        1.89016319612E+04
7.03200E+00        1.88733498951E+04
7.03800E+00        1.88451126774E+04
7.04400E+00        1.88169381776E+04
7.05000E+00        1.87888441576E+04
7.05600E+00        1.87607945170E+04
7.06200E+00        1.87328062374E+04
7.06800E+00        1.87048986210E+04
7.07400E+00        1.86770349202E+04
7.08000E+00        1.86492328466E+04
7.08600E+00        1.86215100065E+04
7.09200E+00        1.85938306234E+04
7.09800E+00        1.85662123311E+04
7.10400E+00        1.85386726585E+04
7.11000E+00        1.85111759896E+04
7.11600E+00        1.84837398809E+04
7.12200E+00        1.84563817843E+04
7.12800E+00        1.84290654479E+04
7.13400E+00        1.84018099432E+04
7.14000E+00        1.83746142997E+04
7.14600E+00        1.83474958681E+04
7.15200E+00        1.83204194025E+04
7.15800E+00        1.82934022805E+04
7.16400E+00        1.82664617771E+04
7.17000E+00        1.82395628034E+04
7.17600E+00        1.82127226614E+04
7.18200E+00        1.81859577656E+04
7.18800E+00        1.81592347544E+04
7.19400E+00        1.81325700681E+04
7.20000E+00        1.81059808318E+04
7.20600E+00        1.80794322674E+04
7.21200E+00        1.80529415266E+04
7.21800E+00        1.80265256603E+04
7.22400E+00        1.80001500444E+04
7.23000E+00        1.79738309803E+04
7.23600E+00        1.79475698566E+04
7.24200E+00        1.79213828489E+04
7.24800E+00        1.78952355369E+04
7.25400E+00        1.78691448992E+04
7.26000E+00        1.78431278156E+04
7.26600E+00        1.78171500169E+04
7.27200E+00        1.77912284087E+04
7.27800E+00        1.77653797981E+04
7.28400E+00        1.77395693007E+04
7.29000E+00        1.77138152818E+04
7.29600E+00        1.76881168162E+04
7.30200E+00        1.76624906147E+04
7.30800E+00        1.76369027579E+04
7.31400E+00        1.76113699822E+04
7.32000E+00        1.75859081679E+04
7.32600E+00        1.75604850630E+04
7.33200E+00        1.75351165721E+04
7.33800E+00        1.75098025405E+04
7.34400E+00        1.74845595128E+04
7.35000E+00        1.74593539139E+04
7.35600E+00        1.74342015612E+04
7.36200E+00        1.74091204348E+04
7.36800E+00        1.73840763520E+04
7.37400E+00        1.73590858120E+04
7.38000E+00        1.73341486638E+04
7.38600E+00        1.73092812883E+04
7.39200E+00        1.72844497034E+04
7.39800E+00        1.72596718079E+04
7.40400E+00        1.72349467058E+04
7.41000E+00        1.72102906853E+04
7.41600E+00        1.71856707021E+04
7.42200E+00        1.71611023283E+04
7.42800E+00        1.71365868995E+04
7.43400E+00        1.71121398704E+04
7.44000E+00        1.70877283866E+04
7.44600E+00        1.70633686688E+04
7.45200E+00        1.70390598368E+04
7.45800E+00        1.70148194679E+04
7.46400E+00        1.69906141595E+04
7.47000E+00        1.69664600410E+04
7.47600E+00        1.69423562386E+04
7.48200E+00        1.69183040733E+04
7.48800E+00        1.68943188057E+04
7.49400E+00        1.68703680025E+04
7.50000E+00        1.68464676803E+04
7.50600E+00        1.68226169728E+04
7.51200E+00        1.67988332364E+04
7.51800E+00        1.67750834956E+04
7.52400E+00        1.67513836774E+04
7.53000E+00        1.67277329213E+04
7.53600E+00        1.67041325345E+04
7.54200E+00        1.66805975866E+04
7.54800E+00        1.66570960578E+04
7.55400E+00        1.66336430462E+04
7.56000E+00        1.66102398527E+04
7.56600E+00        1.65869014634E+04
7.57200E+00        1.65635960395E+04
7.57800E+00        1.65403385955E+04
7.58400E+00        1.65171304259E+04
7.59000E+00        1.64939706819E+04
7.59600E+00        1.64708592304E+04
7.60200E+00        1.64478109362E+04
7.60800E+00        1.64247956502E+04
7.61400E+00        1.64018282594E+04
7.62000E+00        1.63789086323E+04
7.62600E+00        1.63560359319E+04
7.63200E+00        1.63332270385E+04
7.63800E+00        1.63104498969E+04
7.64400E+00        1.62877199974E+04
7.65000E+00        1.62650365086E+04
7.65600E+00        1.62424007067E+04
7.66200E+00        1.62198117602E+04
7.66800E+00        1.61972843103E+04
7.67400E+00        1.61747886706E+04
7.68000E+00        1.61523395036E+04
7.68600E+00        1.61299366827E+04
7.69200E+00        1.61075793864E+04
7.69800E+00        1.60852688802E+04
7.70400E+00        1.60630196823E+04
7.71000E+00        1.60408002744E+04
7.71600E+00        1.60186272787E+04
7.72200E+00        1.59964998777E+04
7.72800E+00        1.59744172582E+04
7.73400E+00        1.59523806767E+04
7.74000E+00        1.59304045330E+04
7.74600E+00        1.59084575708E+04
7.75200E+00        1.58865562762E+04
7.75800E+00        1.58646998400E+04
7.76400E+00        1.58428874571E+04
7.77000E+00        1.58211203751E+04
7.77600E+00        1.57993977887E+04
7.78200E+00        1.57777339643E+04
7.78800E+00        1.57560999898E+04
7.79400E+00        1.57345101520E+04
7.80000E+00        1.57129636538E+04
7.80600E+00        1.56914617340E+04
7.81200E+00        1.56700035954E+04
7.81800E+00        1.56485884449E+04
7.82400E+00        1.56272324403E+04
7.83000E+00        1.56059049211E+04
7.83600E+00        1.55846200421E+04
7.84200E+00        1.55633790332E+04
7.84800E+00        1.55421811052E+04
7.85400E+00        1.55210254727E+04
7.86000E+00        1.54999133614E+04
7.86600E+00        1.54788587676E+04
7.87200E+00        1.54578313265E+04
7.87800E+00        1.54368470612E+04
7.88400E+00        1.54159045248E+04
7.89000E+00        1.53950049358E+04
7.89600E+00        1.53741475152E+04
7.90200E+00        1.53533314881E+04
7.90800E+00        1.53325727102E+04
7.91400E+00        1.53118411032E+04
7.92000E+00        1.52911505574E+04
7.92600E+00        1.52705022827E+04
7.93200E+00        1.52498948496E+04
7.93800E+00        1.52293294651E+04
7.94400E+00        1.52088053604E+04
7.95000E+00        1.51883217705E+04
7.95600E+00        1.51678798981E+04
7.96200E+00        1.51474934432E+04
7.96800E+00        1.51271326952E+04
7.97400E+00        1.51068133370E+04
7.98000E+00        1.50865339561E+04
7.98600E+00        1.50662957484E+04
7.99200E+00        1.50460973055E+04
7.99800E+00        1.50259398204E+04
8.00400E+00        1.50058225365E+04
8.01000E+00        1.49857447013E+04
8.01600E+00        1.49657075034E+04
8.02200E+00        1.49457238171E+04
8.02800E+00        1.49257662652E+04
8.03400E+00        1.49058483884E+04
8.04000E+00        1.48859694401E+04
8.04600E+00        1.48661306022E+04
8.05200E+00        1.48463304870E+04
8.05800E+00        1.48265702737E+04
8.06400E+00        1.48068485789E+04
8.07000E+00        1.47871665788E+04
8.07600E+00        1.47675235314E+04
8.08200E+00        1.47479186984E+04
8.08800E+00        1.47283532520E+04
8.09400E+00        1.47088398646E+04
8.10000E+00        1.46893515957E+04
8.10600E+00        1.46699011404E+04
8.11200E+00        1.46504896655E+04
8.11800E+00        1.46311158057E+04
8.12400E+00        1.46117807251E+04
8.13000E+00        1.45924836921E+04
8.13600E+00        1.45732239790E+04
8.14200E+00        1.45540027457E+04
8.14800E+00        1.45348186369E+04
8.15400E+00        1.45156728100E+04
8.16000E+00        1.44965639136E+04
8.16600E+00        1.44775069269E+04
8.17200E+00        1.44584728352E+04
8.17800E+00        1.44394766332E+04
