wasp43b_ersspectra_bb_noLD/Noodles_2021-03-26/SED_07.dat
# %ECSV 0.9
# ---
# datatype:
# - {name: wavelength, unit: micron, datatype: float64}
# - {name: flux, unit: microJansky, datatype: float64}
# schema: astropy-2.0
#
#
#  - - File generated by ExoNoodle - -
#         V1.0.0 - MML (CEA-Saclay)
#       2021-03-25 15:37:33.308590
wavelength flux 
[from data line 865]
8.19000E+00        1.44410571094E+04
8.19600E+00        1.44221186728E+04
8.20200E+00        1.44032303725E+04
8.20800E+00        1.43843789288E+04
8.21400E+00        1.43655511315E+04
8.22000E+00        1.43467731333E+04
8.22600E+00        1.43280186266E+04
8.23200E+00        1.43093136960E+04
8.23800E+00        1.42906321028E+04
8.24400E+00        1.42719998641E+04
8.25000E+00        1.42533909521E+04
8.25600E+00        1.42348310319E+04
8.26200E+00        1.42162941446E+04
8.26800E+00        1.41978061722E+04
8.27400E+00        1.41793410820E+04
8.28000E+00        1.41609246890E+04
8.28600E+00        1.41425310284E+04
8.29200E+00        1.41241858485E+04
8.29800E+00        1.41058632525E+04
8.30400E+00        1.40875889220E+04
8.31000E+00        1.40693370276E+04
8.31600E+00        1.40511331849E+04
8.32200E+00        1.40329516317E+04
8.32800E+00        1.40148179175E+04
8.33400E+00        1.39967063472E+04
8.34000E+00        1.39786424045E+04
8.34600E+00        1.39606004611E+04
8.35200E+00        1.39426059352E+04
8.35800E+00        1.39246334037E+04
8.36400E+00        1.39067079419E+04
8.37000E+00        1.38888041930E+04
8.37600E+00        1.38709347820E+04
8.38200E+00        1.38531122686E+04
8.38800E+00        1.38353112560E+04
8.39400E+00        1.38175569351E+04
8.40000E+00        1.37998239749E+04
8.40600E+00        1.37821375018E+04
8.41200E+00        1.37644722500E+04
8.41800E+00        1.37468532819E+04
8.42400E+00        1.37292553969E+04
8.43000E+00        1.37117035934E+04
8.43600E+00        1.36941727355E+04
8.44200E+00        1.36766877580E+04
8.44800E+00        1.36592235898E+04
8.45400E+00        1.36417926485E+04
8.46000E+00        1.36244072882E+04
8.46600E+00        1.36070425342E+04
8.47200E+00        1.35897231632E+04
8.47800E+00        1.35724242643E+04
8.48400E+00        1.35551705515E+04
8.49000E+00        1.35379371775E+04
8.49600E+00        1.35207487938E+04
8.50200E+00        1.35035806166E+04
8.50800E+00        1.34864572349E+04
8.51400E+00        1.34693539284E+04
8.52000E+00        1.34522829433E+04
8.52600E+00        1.34352564639E+04
8.53200E+00        1.34182498642E+04
8.53800E+00        1.34012875782E+04
8.54400E+00        1.33843450426E+04
8.55000E+00        1.33674467632E+04
8.55600E+00        1.33505678395E+04
8.56200E+00        1.33337209430E+04
8.56800E+00        1.33169177525E+04
8.57400E+00        1.33001339931E+04
8.58000E+00        1.32833938847E+04
8.58600E+00        1.32666730811E+04
8.59200E+00        1.32499836460E+04
8.59800E+00        1.32333375817E+04
8.60400E+00        1.32167106347E+04
8.61000E+00        1.32001268733E+04
8.61600E+00        1.31835621050E+04
8.62200E+00        1.31670283183E+04
8.62800E+00        1.31505374411E+04
8.63400E+00        1.31340653725E+04
8.64000E+00        1.31176360309E+04
8.64600E+00        1.31012253757E+04
8.65200E+00        1.30848572659E+04
8.65800E+00        1.30685077215E+04
8.66400E+00        1.30521886268E+04
8.67000E+00        1.30359118069E+04
8.67600E+00        1.30196533721E+04
8.68200E+00        1.30034370331E+04
8.68800E+00        1.29872389599E+04
8.69400E+00        1.29710709636E+04
8.70000E+00        1.29549447964E+04
8.70600E+00        1.29388367178E+04
8.71200E+00        1.29227702918E+04
8.71800E+00        1.29067218371E+04
8.72400E+00        1.28907030921E+04
8.73000E+00        1.28747257368E+04
8.73600E+00        1.28587661785E+04
8.74200E+00        1.28428361122E+04
8.74800E+00        1.28269471750E+04
8.75400E+00        1.28110758621E+04
8.76000E+00        1.27952455057E+04
8.76600E+00        1.27794326595E+04
8.77200E+00        1.27636489470E+04
8.77800E+00        1.27479059340E+04
8.78400E+00        1.27321802614E+04
8.79000E+00        1.27164835100E+04
8.79600E+00        1.27008272033E+04
8.80200E+00        1.26851880690E+04
8.80800E+00        1.26695892106E+04
8.81400E+00        1.26540074135E+04
8.82000E+00        1.26384541878E+04
8.82600E+00        1.26229409867E+04
8.83200E+00        1.26074446817E+04
8.83800E+00        1.25919767406E+04
8.84400E+00        1.25765485750E+04
8.85000E+00        1.25611371417E+04
8.85600E+00        1.25457538669E+04
8.86200E+00        1.25304101205E+04
8.86800E+00        1.25150829444E+04
8.87400E+00        1.24997951332E+04
8.88000E+00        1.24845280493E+04
8.88600E+00        1.24692845168E+04
8.89200E+00        1.24540801064E+04
8.89800E+00        1.24388919989E+04
8.90400E+00        1.24237315108E+04
8.91000E+00        1.24086099032E+04
8.91600E+00        1.23935044407E+04
8.92200E+00        1.23784262753E+04
8.92800E+00        1.23633869975E+04
8.93400E+00        1.23483635852E+04
8.94000E+00        1.23333673963E+04
8.94600E+00        1.23184096107E+04
8.95200E+00        1.23034676592E+04
8.95800E+00        1.22885527357E+04
8.96400E+00        1.22736759800E+04
8.97000E+00        1.22588147829E+04
8.97600E+00        1.22439806647E+04
8.98200E+00        1.22291842364E+04
8.98800E+00        1.22144034593E+04
8.99400E+00        1.21996493248E+04
9.00000E+00        1.21849328925E+04
9.00600E+00        1.21702318392E+04
9.01200E+00        1.21555572383E+04
9.01800E+00        1.21409201098E+04
9.02400E+00        1.21262982114E+04
9.03000E+00        1.21117025771E+04
9.03600E+00        1.20971441871E+04
9.04200E+00        1.20826008801E+04
9.04800E+00        1.20680836501E+04
9.05400E+00        1.20536034385E+04
9.06000E+00        1.20391382839E+04
9.06600E+00        1.20246989011E+04
9.07200E+00        1.20102963125E+04
9.07800E+00        1.19959083969E+04
9.08400E+00        1.19815463093E+04
9.09000E+00        1.19672098692E+04
9.09600E+00        1.19529099272E+04
9.10200E+00        1.19386245873E+04
9.10800E+00        1.19243648324E+04
9.11400E+00        1.19101412366E+04
9.12000E+00        1.18959321017E+04
9.12600E+00        1.18817482531E+04
9.13200E+00        1.18676003462E+04
9.13800E+00        1.18534669969E+04
9.14400E+00        1.18393586374E+04
9.15000E+00        1.18252861215E+04
9.15600E+00        1.18112277881E+04
9.16200E+00        1.17971943862E+04
9.16800E+00        1.17831858570E+04
9.17400E+00        1.17692128855E+04
9.18000E+00        1.17552539141E+04
9.18600E+00        1.17413196409E+04
9.19200E+00        1.17274207131E+04
9.19800E+00        1.17135356500E+04
9.20400E+00        1.16996751120E+04
9.21000E+00        1.16858497087E+04
9.21600E+00        1.16720380361E+04
9.22200E+00        1.16582507170E+04
9.22800E+00        1.16444876943E+04
9.23400E+00        1.16307595283E+04
9.24000E+00        1.16170449162E+04
9.24600E+00        1.16033544310E+04
9.25200E+00        1.15896985958E+04
9.25800E+00        1.15760561834E+04
9.26400E+00        1.15624377297E+04
9.27000E+00        1.15488431791E+04
9.27600E+00        1.15352830054E+04
9.28200E+00        1.15217360818E+04
9.28800E+00        1.15082128949E+04
9.29400E+00        1.14947278777E+04
9.30000E+00        1.14812519829E+04
9.30600E+00        1.14677996601E+04
9.31200E+00        1.14543708546E+04
9.31800E+00        1.14409759562E+04
9.32400E+00        1.14275940100E+04
9.33000E+00        1.14142354181E+04
9.33600E+00        1.14009105343E+04
9.34200E+00        1.13875984773E+04
9.34800E+00        1.13743097265E+04
9.35400E+00        1.13610440017E+04
9.36000E+00        1.13478117219E+04
9.36600E+00        1.13345921037E+04
9.37200E+00        1.13213954652E+04
9.37800E+00        1.13082217535E+04
9.38400E+00        1.12950812267E+04
9.39000E+00        1.12819531984E+04
9.39600E+00        1.12688479390E+04
9.40200E+00        1.12557653962E+04
9.40800E+00        1.12427157809E+04
9.41400E+00        1.12296785030E+04
9.42000E+00        1.12166637857E+04
9.42600E+00        1.12036818045E+04
9.43200E+00        1.11907120414E+04
9.43800E+00        1.11777647954E+04
9.44400E+00        1.11648397925E+04
9.45000E+00        1.11519472730E+04
9.45600E+00        1.11390668140E+04
9.46200E+00        1.11262085566E+04
9.46800E+00        1.11133724501E+04
9.47400E+00        1.11005685769E+04
9.48000E+00        1.10877766087E+04
9.48600E+00        1.10750066401E+04
9.49200E+00        1.10622586210E+04
9.49800E+00        1.10495425878E+04
9.50400E+00        1.10368383061E+04
9.51000E+00        1.10241559342E+04
9.51600E+00        1.10115052543E+04
9.52200E+00        1.09988662120E+04
9.52800E+00        1.09862488214E+04
9.53400E+00        1.09736530332E+04
9.54000E+00        1.09610888041E+04
9.54600E+00        1.09485360624E+04
9.55200E+00        1.09360047766E+04
9.55800E+00        1.09234948981E+04
9.56400E+00        1.09110201727E+04
9.57000E+00        1.08985529483E+04
9.57600E+00        1.08861070946E+04
9.58200E+00        1.08736823465E+04
9.58800E+00        1.08612787647E+04
9.59400E+00        1.08489062052E+04
9.60000E+00        1.08365448015E+04
9.60600E+00        1.08242044210E+04
9.61200E+00        1.08118850165E+04
9.61800E+00        1.07995963995E+04
9.62400E+00        1.07873187941E+04
9.63000E+00        1.07750620232E+04
9.63600E+00        1.07628260400E+04
9.64200E+00        1.07506206118E+04
9.64800E+00        1.07384261599E+04
9.65400E+00        1.07262522488E+04
9.66000E+00        1.07140989392E+04
9.66600E+00        1.07019759546E+04
9.67200E+00        1.06898636987E+04
9.67800E+00        1.06777719061E+04
9.68400E+00        1.06657005311E+04
9.69000E+00        1.06536495278E+04
9.69600E+00        1.06416285653E+04
9.70200E+00        1.06296181582E+04
9.70800E+00        1.06176279866E+04
9.71400E+00        1.06056581109E+04
9.72000E+00        1.05937082748E+04
9.72600E+00        1.05817881986E+04
9.73200E+00        1.05698785073E+04
9.73800E+00        1.05579888268E+04
9.74400E+00        1.05461191126E+04
9.75000E+00        1.05342789364E+04
9.75600E+00        1.05224490106E+04
9.76200E+00        1.05106389180E+04
9.76800E+00        1.04988486146E+04
9.77400E+00        1.04870780565E+04
9.78000E+00        1.04753368666E+04
9.78600E+00        1.04636056566E+04
9.79200E+00        1.04518977667E+04
9.79800E+00        1.04402057380E+04
9.80400E+00        1.04285332365E+04
9.81000E+00        1.04168897288E+04
9.81600E+00        1.04052561417E+04
9.82200E+00        1.03936419524E+04
9.82800E+00        1.03820471182E+04
9.83400E+00        1.03704716997E+04
9.84000E+00        1.03589249040E+04
9.84600E+00        1.03473878681E+04
9.85200E+00        1.03358700170E+04
9.85800E+00        1.03243713082E+04
9.86400E+00        1.03128916996E+04
9.87000E+00        1.03014405535E+04
9.87600E+00        1.02899990088E+04
9.88200E+00        1.02785764385E+04
9.88800E+00        1.02671729032E+04
9.89400E+00        1.02557881565E+04
9.90000E+00        1.02444316115E+04
9.90600E+00        1.02330845121E+04
9.91200E+00        1.02217561797E+04
9.91800E+00        1.02104465730E+04
9.92400E+00        1.01991556510E+04
9.93000E+00        1.01878926734E+04
9.93600E+00        1.01766389879E+04
9.94200E+00        1.01654039659E+04
9.94800E+00        1.01541873643E+04
9.95400E+00        1.01429892438E+04
9.96000E+00        1.01318095641E+04
9.96600E+00        1.01206575240E+04
9.97200E+00        1.01095145950E+04
9.97800E+00        1.00983899864E+04
9.98400E+00        1.00872836581E+04
9.99000E+00        1.00761955705E+04
9.99600E+00        1.00651257839E+04
1.00020E+01        1.00540868302E+04
1.00080E+01        1.00430532127E+04
1.00140E+01        1.00320376776E+04
1.00200E+01        1.00210401855E+04
1.00260E+01        1.00100606972E+04
1.00320E+01        9.99910830232E+03
1.00380E+01        9.98816469453E+03
1.00440E+01        9.97723907306E+03
1.00500E+01        9.96633120016E+03
1.00560E+01        9.95544113672E+03
1.00620E+01        9.94456884417E+03
1.00680E+01        9.93372335292E+03
1.00740E+01        9.92288647696E+03
1.00800E+01        9.91206725684E+03
1.00860E+01        9.90126565440E+03
1.00920E+01        9.89048173016E+03
1.00980E+01        9.87971524893E+03
1.01040E+01        9.86897528126E+03
1.01100E+01        9.85824376017E+03
1.01160E+01        9.84752966756E+03
1.01220E+01        9.83683296589E+03
1.01280E+01        9.82615361770E+03
1.01340E+01        9.81549158567E+03
1.01400E+01        9.80484693027E+03
1.01460E+01        9.79422836022E+03
1.01520E+01        9.78361804380E+03
1.01580E+01        9.77302489518E+03
1.01640E+01        9.76244887752E+03
1.01700E+01        9.75188995408E+03
1.01760E+01        9.74134808819E+03
1.01820E+01        9.73083212679E+03
1.01880E+01        9.72032425687E+03
1.01940E+01        9.70983692748E+03
1.02000E+01        9.69936291450E+03
1.02060E+01        9.68890577732E+03
1.02120E+01        9.67846547987E+03
1.02180E+01        9.66804198618E+03
1.02240E+01        9.65764407759E+03
1.02300E+01        9.64725407440E+03
1.02360E+01        9.63688076764E+03
1.02420E+01        9.62652421767E+03
1.02480E+01        9.61618419700E+03
1.02540E+01        9.60586076627E+03
1.02600E+01        9.59555389018E+03
1.02660E+01        9.58526353351E+03
1.02720E+01        9.57499840281E+03
1.02780E+01        9.56474097032E+03
1.02840E+01        9.55449995218E+03
1.02900E+01        9.54427531354E+03
1.02960E+01        9.53406711465E+03
1.03020E+01        9.52387513073E+03
1.03080E+01        9.51369942233E+03
1.03140E+01        9.50354863134E+03
1.03200E+01        9.49340536134E+03
1.03260E+01        9.48327826371E+03
1.03320E+01        9.47316730422E+03
1.03380E+01        9.46307244878E+03
1.03440E+01        9.45299366334E+03
1.03500E+01        9.44293091397E+03
1.03560E+01        9.43288426083E+03
1.03620E+01        9.42286208468E+03
1.03680E+01        9.41284723153E+03
1.03740E+01        9.40285134602E+03
1.03800E+01        9.39286859958E+03
1.03860E+01        9.38290134667E+03
1.03920E+01        9.37294989475E+03
1.03980E+01        9.36301421060E+03
1.04040E+01        9.35309426106E+03
1.04100E+01        9.34319010619E+03
1.04160E+01        9.33331004810E+03
1.04220E+01        9.32343709526E+03
1.04280E+01        9.31357974532E+03
1.04340E+01        9.30373796558E+03
1.04400E+01        9.29391172339E+03
1.04460E+01        9.28410098620E+03
1.04520E+01        9.27430572157E+03
1.04580E+01        9.26452589710E+03
1.04640E+01        9.25476148052E+03
1.04700E+01        9.24501243960E+03
1.04760E+01        9.23528726610E+03
1.04820E+01        9.22556887125E+03
1.04880E+01        9.21586575596E+03
1.04940E+01        9.20617788834E+03
1.05000E+01        9.19650523662E+03
1.05060E+01        9.18684776907E+03
1.05120E+01        9.17720545407E+03
1.05180E+01        9.16757826008E+03
1.05240E+01        9.15796615562E+03
1.05300E+01        9.14837746172E+03
1.05360E+01        9.13879543351E+03
1.05420E+01        9.12922840095E+03
1.05480E+01        9.11967642377E+03
1.05540E+01        9.11013928906E+03
1.05600E+01        9.10062037602E+03
1.05660E+01        9.09111301245E+03
1.05720E+01        9.08162048962E+03
1.05780E+01        9.07214277680E+03
1.05840E+01        9.06267984333E+03
1.05900E+01        9.05323165861E+03
1.05960E+01        9.04379819214E+03
1.06020E+01        9.03437941350E+03
1.06080E+01        9.02498353257E+03
1.06140E+01        9.01559403003E+03
1.06200E+01        9.00621921430E+03
1.06260E+01        8.99685887562E+03
1.06320E+01        8.98751307382E+03
1.06380E+01        8.97818177894E+03
1.06440E+01        8.96886496109E+03
1.06500E+01        8.95956259047E+03
1.06560E+01        8.95027463734E+03
1.06620E+01        8.94100107206E+03
1.06680E+01        8.93174186504E+03
1.06740E+01        8.92249698678E+03
1.06800E+01        8.91326640784E+03
1.06860E+01        8.90405822860E+03
1.06920E+01        8.89485615194E+03
1.06980E+01        8.88566828679E+03
1.07040E+01        8.87649460401E+03
1.07100E+01        8.86733507457E+03
1.07160E+01        8.85818966947E+03
1.07220E+01        8.84905835981E+03
1.07280E+01        8.83994111676E+03
1.07340E+01        8.83083799956E+03
1.07400E+01        8.82175204064E+03
1.07460E+01        8.81267682230E+03
1.07520E+01        8.80361555596E+03
1.07580E+01        8.79456821316E+03
1.07640E+01        8.78553476550E+03
1.07700E+01        8.77651518466E+03
1.07760E+01        8.76750944239E+03
