wasp43b_ersspectra_bb_noLD/Noodles_2021-03-26/SED_11.dat
# %ECSV 0.9
# ---
# datatype:
# - {name: wavelength, unit: micron, datatype: float64}
# - {name: flux, unit: microJansky, datatype: float64}
# schema: astropy-2.0
#
#
#  - - File generated by ExoNoodle - -
#         V1.0.0 - MML (CEA-Saclay)
#       2021-03-25 15:37:33.308590
wavelength flux 
3.00000E+00        7.36407382391E+04
3.00600E+00        7.34387054367E+04
3.01200E+00        7.32374788923E+04
3.01800E+00        7.30369387210E+04
3.02400E+00        7.28371019880E+04
3.03000E+00        7.26380461012E+04
3.03600E+00        7.24397310890E+04
3.04200E+00        7.22421044630E+04
3.04800E+00        7.20452559372E+04
3.05400E+00        7.18491297399E+04
3.06000E+00        7.16536931187E+04
3.06600E+00        7.14590157932E+04
3.07200E+00        7.12650255710E+04
3.07800E+00        7.10717822275E+04
3.08400E+00        7.08792171838E+04
3.09000E+00        7.06873604532E+04
3.09600E+00        7.04962543148E+04
3.10200E+00        7.03058117733E+04
3.10800E+00        7.01160720582E+04
3.11400E+00        6.99270322962E+04
3.12000E+00        6.97387280468E+04
3.12600E+00        6.95510795001E+04
3.13200E+00        6.93641223355E+04
3.13800E+00        6.91778506181E+04
3.14400E+00        6.89922677124E+04
3.15000E+00        6.88073646138E+04
3.15600E+00        6.86231416009E+04
3.16200E+00        6.84395989277E+04
3.16800E+00        6.82567276649E+04
3.17400E+00        6.80745311368E+04
3.18000E+00        6.78930004641E+04
3.18600E+00        6.77121359273E+04
3.19200E+00        6.75318975563E+04
3.19800E+00        6.73523661454E+04
3.20400E+00        6.71734865482E+04
3.21000E+00        6.69952650653E+04
3.21600E+00        6.68176929677E+04
3.22200E+00        6.66407397881E+04
3.22800E+00        6.64644673769E+04
3.23400E+00        6.62888362452E+04
3.24000E+00        6.61138161728E+04
3.24600E+00        6.59394744244E+04
3.25200E+00        6.57657659007E+04
3.25800E+00        6.55926547596E+04
3.26400E+00        6.54202136393E+04
3.27000E+00        6.52483647765E+04
3.27600E+00        6.50771804321E+04
3.28200E+00        6.49065774508E+04
3.28800E+00        6.47366393460E+04
3.29400E+00        6.45673131522E+04
3.30000E+00        6.43985694812E+04
3.30600E+00        6.42304767678E+04
3.31200E+00        6.40629558197E+04
3.31800E+00        6.38960424232E+04
3.32400E+00        6.37297719753E+04
3.33000E+00        6.35640659108E+04
3.33600E+00        6.33989597449E+04
3.34200E+00        6.32344509457E+04
3.34800E+00        6.30705745548E+04
3.35400E+00        6.29072528337E+04
3.36000E+00        6.27445209412E+04
3.36600E+00        6.25823707862E+04
3.37200E+00        6.24208110942E+04
3.37800E+00        6.22598680749E+04
3.38400E+00        6.20994650287E+04
3.39000E+00        6.19396450083E+04
3.39600E+00        6.17803944740E+04
3.40200E+00        6.16217192997E+04
3.40800E+00        6.14636115406E+04
3.41400E+00        6.13060742845E+04
3.42000E+00        6.11490968995E+04
3.42600E+00        6.09926516164E+04
3.43200E+00        6.08368005851E+04
3.43800E+00        6.06815050308E+04
3.44400E+00        6.05267653124E+04
3.45000E+00        6.03725763712E+04
3.45600E+00        6.02189080945E+04
3.46200E+00        6.00658191735E+04
3.46800E+00        5.99132767233E+04
3.47400E+00        5.97612784231E+04
3.48000E+00        5.96097864627E+04
3.48600E+00        5.94588696286E+04
3.49200E+00        5.93084547201E+04
3.49800E+00        5.91586022465E+04
3.50400E+00        5.90092552772E+04
3.51000E+00        5.88604713307E+04
3.51600E+00        5.87121779796E+04
3.52200E+00        5.85644456331E+04
3.52800E+00        5.84172022163E+04
3.53400E+00        5.82705125604E+04
3.54000E+00        5.81243101787E+04
3.54600E+00        5.79786250386E+04
3.55200E+00        5.78334842089E+04
3.55800E+00        5.76888217335E+04
3.56400E+00        5.75446751045E+04
3.57000E+00        5.74010318461E+04
3.57600E+00        5.72579264921E+04
3.58200E+00        5.71152937402E+04
3.58800E+00        5.69731630624E+04
3.59400E+00        5.68315297842E+04
3.60000E+00        5.66903943352E+04
3.60600E+00        5.65497546004E+04
3.61200E+00        5.64096059516E+04
3.61800E+00        5.62699513430E+04
3.62400E+00        5.61308145627E+04
3.63000E+00        5.59921341499E+04
3.63600E+00        5.58539390262E+04
3.64200E+00        5.57161914634E+04
3.64800E+00        5.55789608338E+04
3.65400E+00        5.54422068600E+04
3.66000E+00        5.53059275273E+04
3.66600E+00        5.51701232963E+04
3.67200E+00        5.50347921516E+04
3.67800E+00        5.48999320865E+04
3.68400E+00        5.47655386550E+04
3.69000E+00        5.46315846844E+04
3.69600E+00        5.44981235513E+04
3.70200E+00        5.43651255721E+04
3.70800E+00        5.42325887846E+04
3.71400E+00        5.41004790222E+04
3.72000E+00        5.39688588444E+04
3.72600E+00        5.38376916162E+04
3.73200E+00        5.37069802302E+04
3.73800E+00        5.35766860586E+04
3.74400E+00        5.34468734768E+04
3.75000E+00        5.33174792426E+04
3.75600E+00        5.31885578804E+04
3.76200E+00        5.30600828339E+04
3.76800E+00        5.29320183270E+04
3.77400E+00        5.28043917996E+04
3.78000E+00        5.26772351283E+04
3.78600E+00        5.25505149460E+04
3.79200E+00        5.24242005409E+04
3.79800E+00        5.22983167491E+04
3.80400E+00        5.21728928244E+04
3.81000E+00        5.20478717448E+04
3.81600E+00        5.19233021129E+04
3.82200E+00        5.17991341686E+04
3.82800E+00        5.16754139628E+04
3.83400E+00        5.15520896762E+04
3.84000E+00        5.14291834415E+04
3.84600E+00        5.13067263470E+04
3.85200E+00        5.11846554648E+04
3.85800E+00        5.10630019448E+04
3.86400E+00        5.09417852456E+04
3.87000E+00        5.08209543081E+04
3.87600E+00        5.07005309728E+04
3.88200E+00        5.05805481714E+04
3.88800E+00        5.04609393633E+04
3.89400E+00        5.03417352955E+04
3.90000E+00        5.02229342704E+04
3.90600E+00        5.01045345986E+04
3.91200E+00        4.99865345979E+04
3.91800E+00        4.98689600548E+04
3.92400E+00        4.97517520932E+04
3.93000E+00        4.96349410330E+04
3.93600E+00        4.95185207803E+04
3.94200E+00        4.94024941239E+04
3.94800E+00        4.92868528026E+04
3.95400E+00        4.91716018133E+04
3.96000E+00        4.90567373269E+04
3.96600E+00        4.89422555420E+04
3.97200E+00        4.88281570508E+04
3.97800E+00        4.87144424326E+04
3.98400E+00        4.86011057357E+04
3.99000E+00        4.84881475592E+04
3.99600E+00        4.83755663268E+04
4.00200E+00        4.82633583117E+04
4.00800E+00        4.81515262723E+04
4.01400E+00        4.80400643439E+04
4.02000E+00        4.79289731366E+04
4.02600E+00        4.78182532477E+04
4.03200E+00        4.77078988642E+04
4.03800E+00        4.75979084749E+04
4.04400E+00        4.74882869440E+04
4.05000E+00        4.73789981712E+04
4.05600E+00        4.72700992552E+04
4.06200E+00        4.71615583196E+04
4.06800E+00        4.70533780947E+04
4.07400E+00        4.69455528851E+04
4.08000E+00        4.68380575325E+04
4.08600E+00        4.67309422048E+04
4.09200E+00        4.66241795899E+04
4.09800E+00        4.65177682313E+04
4.10400E+00        4.64116790505E+04
4.11000E+00        4.63059659254E+04
4.11600E+00        4.62005955973E+04
4.12200E+00        4.60955495266E+04
4.12800E+00        4.59908709128E+04
4.13400E+00        4.58865370180E+04
4.14000E+00        4.57825171180E+04
4.14600E+00        4.56788602958E+04
4.15200E+00        4.55755188850E+04
4.15800E+00        4.54725417251E+04
4.16400E+00        4.53698860445E+04
4.17000E+00        4.52675600368E+04
4.17600E+00        4.51655919090E+04
4.18200E+00        4.50639103624E+04
4.18800E+00        4.49626040496E+04
4.19400E+00        4.48615818105E+04
4.20000E+00        4.47609319054E+04
4.20600E+00        4.46605635906E+04
4.21200E+00        4.45605647366E+04
4.21800E+00        4.44608450130E+04
4.22400E+00        4.43614919033E+04
4.23000E+00        4.42624154874E+04
4.23600E+00        4.41636831240E+04
4.24200E+00        4.40652645220E+04
4.24800E+00        4.39671675247E+04
4.25400E+00        4.38693817227E+04
4.26000E+00        4.37718908315E+04
4.26600E+00        4.36747567921E+04
4.27200E+00        4.35778911006E+04
4.27800E+00        4.34813361544E+04
4.28400E+00        4.33851100848E+04
4.29000E+00        4.32891251436E+04
4.29600E+00        4.31914022747E+04
4.30200E+00        4.30911204970E+04
4.30800E+00        4.30003983279E+04
4.31400E+00        4.29032842171E+04
4.32000E+00        4.28089546682E+04
4.32600E+00        4.26932839877E+04
4.33200E+00        4.26199656181E+04
4.33800E+00        4.25232870666E+04
4.34400E+00        4.24223116407E+04
4.35000E+00        4.23231475218E+04
4.35600E+00        4.22368357622E+04
4.36200E+00        4.21422345004E+04
4.36800E+00        4.20491483820E+04
4.37400E+00        4.19295922905E+04
4.38000E+00        4.18701894375E+04
4.38600E+00        4.17549141631E+04
4.39200E+00        4.16860821286E+04
4.39800E+00        4.15707551569E+04
4.40400E+00        4.15009218164E+04
4.41000E+00        4.14097776704E+04
4.41600E+00        4.13094200595E+04
4.42200E+00        4.12298172290E+04
4.42800E+00        4.11417790834E+04
4.43400E+00        4.10433605557E+04
4.44000E+00        4.09472508836E+04
4.44600E+00        4.08705441835E+04
4.45200E+00        4.07836691190E+04
4.45800E+00        4.06962549853E+04
4.46400E+00        4.06088584579E+04
4.47000E+00        4.05188944502E+04
4.47600E+00        4.04299366863E+04
4.48200E+00        4.03390447204E+04
4.48800E+00        4.02507124850E+04
4.49400E+00        4.01659266195E+04
4.50000E+00        4.00761454413E+04
4.50600E+00        3.99915225990E+04
4.51200E+00        3.99087208854E+04
4.51800E+00        3.98271755273E+04
4.52400E+00        3.97173320349E+04
4.53000E+00        3.96620591667E+04
4.53600E+00        3.95776551618E+04
4.54200E+00        3.94933637164E+04
4.54800E+00        3.94112699744E+04
4.55400E+00        3.93216314408E+04
4.56000E+00        3.92394133651E+04
4.56600E+00        3.91455664650E+04
4.57200E+00        3.90727160254E+04
4.57800E+00        3.89937423599E+04
4.58400E+00        3.89049760883E+04
4.59000E+00        3.88252860605E+04
4.59600E+00        3.87443098734E+04
4.60200E+00        3.86339275733E+04
4.60800E+00        3.85810628187E+04
4.61400E+00        3.85019845059E+04
4.62000E+00        3.84094569930E+04
4.62600E+00        3.83376218299E+04
4.63200E+00        3.82621211639E+04
4.63800E+00        3.81851523198E+04
4.64400E+00        3.80998663272E+04
4.65000E+00        3.80199039681E+04
4.65600E+00        3.79520942111E+04
4.66200E+00        3.78776217062E+04
4.66800E+00        3.77915351050E+04
4.67400E+00        3.76944951143E+04
4.68000E+00        3.76311391663E+04
4.68600E+00        3.75611531182E+04
4.69200E+00        3.74744410181E+04
4.69800E+00        3.73992917196E+04
4.70400E+00        3.73275882493E+04
4.71000E+00        3.72444264684E+04
4.71600E+00        3.71670279286E+04
4.72200E+00        3.70934699439E+04
4.72800E+00        3.70159632542E+04
4.73400E+00        3.69341691652E+04
4.74000E+00        3.68629698743E+04
4.74600E+00        3.67839963542E+04
4.75200E+00        3.67122013848E+04
4.75800E+00        3.66356882729E+04
4.76400E+00        3.65455102639E+04
4.77000E+00        3.64896972608E+04
4.77600E+00        3.64100211400E+04
4.78200E+00        3.63317636390E+04
4.78800E+00        3.62673935448E+04
4.79400E+00        3.61597710303E+04
4.80000E+00        3.61123949024E+04
4.80600E+00        3.60447059147E+04
4.81200E+00        3.59515992019E+04
4.81800E+00        3.58994457506E+04
4.82400E+00        3.58103562035E+04
4.83000E+00        3.57541077890E+04
4.83600E+00        3.56565501451E+04
4.84200E+00        3.56040719700E+04
4.84800E+00        3.55389608182E+04
4.85400E+00        3.54471389129E+04
4.86000E+00        3.53945359924E+04
4.86600E+00        3.53123405890E+04
4.87200E+00        3.52489275718E+04
4.87800E+00        3.51718865318E+04
4.88400E+00        3.50918479748E+04
4.89000E+00        3.50400774087E+04
4.89600E+00        3.49649583229E+04
4.90200E+00        3.49010846757E+04
4.90800E+00        3.48175345705E+04
4.91400E+00        3.47577774957E+04
4.92000E+00        3.46499495012E+04
4.92600E+00        3.46127701193E+04
4.93200E+00        3.45390994108E+04
4.93800E+00        3.44423693920E+04
4.94400E+00        3.44089760021E+04
4.95000E+00        3.43469575291E+04
4.95600E+00        3.42737755914E+04
4.96200E+00        3.42101045858E+04
4.96800E+00        3.41300923945E+04
4.97400E+00        3.40776208552E+04
4.98000E+00        3.39889449735E+04
4.98600E+00        3.39423363504E+04
4.99200E+00        3.38711611402E+04
4.99800E+00        3.38104377048E+04
5.00400E+00        3.37372748024E+04
5.01000E+00        3.36393629879E+04
5.01600E+00        3.36002536345E+04
5.02200E+00        3.35300087489E+04
5.02800E+00        3.34623829141E+04
5.03400E+00        3.34124798980E+04
5.04000E+00        3.33267680232E+04
5.04600E+00        3.32805521776E+04
5.05200E+00        3.32085844442E+04
5.05800E+00        3.31482342202E+04
5.06400E+00        3.30810616473E+04
5.07000E+00        3.30183525301E+04
5.07600E+00        3.29595458691E+04
5.08200E+00        3.28714392555E+04
5.08800E+00        3.28325828038E+04
5.09400E+00        3.27343037859E+04
5.10000E+00        3.27036356510E+04
5.10600E+00        3.26285567748E+04
5.11200E+00        3.25771678267E+04
5.11800E+00        3.24985612187E+04
5.12400E+00        3.24491593209E+04
5.13000E+00        3.23845534913E+04
5.13600E+00        3.23262773588E+04
5.14200E+00        3.22651864888E+04
5.14800E+00        3.22010773525E+04
5.15400E+00        3.21434586740E+04
5.16000E+00        3.20574492916E+04
5.16600E+00        3.20207259890E+04
5.17200E+00        3.19467637027E+04
5.17800E+00        3.18975144152E+04
5.18400E+00        3.18278174722E+04
5.19000E+00        3.17716343369E+04
5.19600E+00        3.17136621517E+04
5.20200E+00        3.16440785649E+04
5.20800E+00        3.15829241339E+04
5.21400E+00        3.15279371624E+04
5.22000E+00        3.14725843790E+04
5.22600E+00        3.13770237499E+04
5.23200E+00        3.13047408077E+04
5.23800E+00        3.12928434592E+04
5.24400E+00        3.12306281700E+04
5.25000E+00        3.11716077853E+04
5.25600E+00        3.10695124955E+04
5.26200E+00        3.10381720715E+04
5.26800E+00        3.09945740274E+04
5.27400E+00        3.09110492785E+04
5.28000E+00        3.08772959112E+04
5.28600E+00        3.08150140369E+04
5.29200E+00        3.07511136689E+04
5.29800E+00        3.07070213828E+04
5.30400E+00        3.06428118463E+04
5.31000E+00        3.05883611216E+04
5.31600E+00        3.05188013931E+04
5.32200E+00        3.04732964554E+04
5.32800E+00        3.04192343844E+04
5.33400E+00        3.03627827998E+04
5.34000E+00        3.02972520608E+04
5.34600E+00        3.02448788280E+04
5.35200E+00        3.01883412737E+04
5.35800E+00        3.01321647575E+04
5.36400E+00        3.00795860456E+04
5.37000E+00        3.00221485994E+04
5.37600E+00        2.99678058728E+04
5.38200E+00        2.99105928801E+04
5.38800E+00        2.98429456395E+04
5.39400E+00        2.97767679551E+04
5.40000E+00        2.97457331042E+04
5.40600E+00        2.96896116717E+04
5.41200E+00        2.96298534151E+04
5.41800E+00        2.95765590562E+04
5.42400E+00        2.95233333688E+04
5.43000E+00        2.94713003888E+04
5.43600E+00        2.94162639058E+04
5.44200E+00        2.93607152088E+04
5.44800E+00        2.93081293152E+04
5.45400E+00        2.92495135424E+04
5.46000E+00        2.91957890326E+04
5.46600E+00        2.91389308448E+04
5.47200E+00        2.90870140855E+04
5.47800E+00        2.90385490502E+04
5.48400E+00        2.89856582898E+04
5.49000E+00        2.89205015802E+04
5.49600E+00        2.88797090843E+04
5.50200E+00        2.88268709397E+04
5.50800E+00        2.87703947028E+04
5.51400E+00        2.87213844808E+04
5.52000E+00        2.86690042525E+04
5.52600E+00        2.86145719385E+04
5.53200E+00        2.85629180390E+04
5.53800E+00        2.85125469225E+04
5.54400E+00        2.84588538848E+04
5.55000E+00        2.84067175049E+04
5.55600E+00        2.83569713400E+04
5.56200E+00        2.83002068297E+04
5.56800E+00        2.82304327886E+04
5.57400E+00        2.82018824890E+04
5.58000E+00        2.81223756478E+04
5.58600E+00        2.81003788534E+04
