wasp43b_ersspectra_bb_noLD/Noodles_2021-03-26/SED_07.dat
# %ECSV 0.9
# ---
# datatype:
# - {name: wavelength, unit: micron, datatype: float64}
# - {name: flux, unit: microJansky, datatype: float64}
# schema: astropy-2.0
#
#
#  - - File generated by ExoNoodle - -
#         V1.0.0 - MML (CEA-Saclay)
#       2021-03-25 15:37:33.308590
wavelength flux 
[from data line 433]
5.59800E+00        2.80251003577E+04
5.60400E+00        2.79625226399E+04
5.61000E+00        2.79259127792E+04
5.61600E+00        2.78742596955E+04
5.62200E+00        2.78144224500E+04
5.62800E+00        2.77753923562E+04
5.63400E+00        2.77246387339E+04
5.64000E+00        2.76543489475E+04
5.64600E+00        2.76258787426E+04
5.65200E+00        2.75764797807E+04
5.65800E+00        2.75229005127E+04
5.66400E+00        2.74776501335E+04
5.67000E+00        2.74286128490E+04
5.67600E+00        2.73762163115E+04
5.68200E+00        2.73280425623E+04
5.68800E+00        2.72820624853E+04
5.69400E+00        2.72263067685E+04
5.70000E+00        2.71838352174E+04
5.70600E+00        2.71365595949E+04
5.71200E+00        2.70881813194E+04
5.71800E+00        2.70400425636E+04
5.72400E+00        2.69922123317E+04
5.73000E+00        2.69441820477E+04
5.73600E+00        2.68944398267E+04
5.74200E+00        2.68489820556E+04
5.74800E+00        2.68013875069E+04
5.75400E+00        2.67536216770E+04
5.76000E+00        2.67068540162E+04
5.76600E+00        2.66597073775E+04
5.77200E+00        2.66110819081E+04
5.77800E+00        2.65657300570E+04
5.78400E+00        2.65190640984E+04
5.79000E+00        2.64723426445E+04
5.79600E+00        2.64256220299E+04
5.80200E+00        2.63795047209E+04
5.80800E+00        2.63331158618E+04
5.81400E+00        2.62708495969E+04
5.82000E+00        2.62409792731E+04
5.82600E+00        2.61951228897E+04
5.83200E+00        2.61492577567E+04
5.83800E+00        2.61034945823E+04
5.84400E+00        2.60580876576E+04
5.85000E+00        2.60126153410E+04
5.85600E+00        2.59667836572E+04
5.86200E+00        2.59220692987E+04
5.86800E+00        2.58768918805E+04
5.87400E+00        2.58192393991E+04
5.88000E+00        2.57871207116E+04
5.88600E+00        2.57423371555E+04
5.89200E+00        2.56977391133E+04
5.89800E+00        2.56530908761E+04
5.90400E+00        2.55959741389E+04
5.91000E+00        2.55644997247E+04
5.91600E+00        2.55199240863E+04
5.92200E+00        2.54762433074E+04
5.92800E+00        2.54323014663E+04
5.93400E+00        2.53884484065E+04
5.94000E+00        2.53447229701E+04
5.94600E+00        2.53010803068E+04
5.95200E+00        2.52575968358E+04
5.95800E+00        2.52141654524E+04
5.96400E+00        2.51706830980E+04
5.97000E+00        2.51277015753E+04
5.97600E+00        2.50846454436E+04
5.98200E+00        2.50416525857E+04
5.98800E+00        2.49988142518E+04
5.99400E+00        2.49557424119E+04
6.00000E+00        2.49076451657E+04
6.00600E+00        2.48709025274E+04
6.01200E+00        2.48284727153E+04
6.01800E+00        2.47861498753E+04
6.02400E+00        2.47439562653E+04
6.03000E+00        2.47018465202E+04
6.03600E+00        2.46598424462E+04
6.04200E+00        2.46179368619E+04
6.04800E+00        2.45761435883E+04
6.05400E+00        2.45344776088E+04
6.06000E+00        2.44928937055E+04
6.06600E+00        2.44514139914E+04
6.07200E+00        2.44100160644E+04
6.07800E+00        2.43687882744E+04
6.08400E+00        2.43275968168E+04
6.09000E+00        2.42865082651E+04
6.09600E+00        2.42456108963E+04
6.10200E+00        2.42047491148E+04
6.10800E+00        2.41626185045E+04
6.11400E+00        2.41233309393E+04
6.12000E+00        2.40827736411E+04
6.12600E+00        2.40423171766E+04
6.13200E+00        2.40019831481E+04
6.13800E+00        2.39617273307E+04
6.14400E+00        2.39215713662E+04
6.15000E+00        2.38812533249E+04
6.15600E+00        2.38415728017E+04
6.16200E+00        2.37995123397E+04
6.16800E+00        2.37619546151E+04
6.17400E+00        2.37222930475E+04
6.18000E+00        2.36827294060E+04
6.18600E+00        2.36432633739E+04
6.19200E+00        2.36039162005E+04
6.19800E+00        2.35646446411E+04
6.20400E+00        2.35254695131E+04
6.21000E+00        2.34863907402E+04
6.21600E+00        2.34474080118E+04
6.22200E+00        2.34085210187E+04
6.22800E+00        2.33697508034E+04
6.23400E+00        2.33310543223E+04
6.24000E+00        2.32924261023E+04
6.24600E+00        2.32539457320E+04
6.25200E+00        2.32155327827E+04
6.25800E+00        2.31772137383E+04
6.26400E+00        2.31389882981E+04
6.27000E+00        2.31008561622E+04
6.27600E+00        2.30628381021E+04
6.28200E+00        2.30248848987E+04
6.28800E+00        2.29870310922E+04
6.29400E+00        2.29492691734E+04
6.30000E+00        2.29115990780E+04
6.30600E+00        2.28740205133E+04
6.31200E+00        2.28365331877E+04
6.31800E+00        2.27991576380E+04
6.32400E+00        2.27618518862E+04
6.33000E+00        2.27246365056E+04
6.33600E+00        2.26875114353E+04
6.34200E+00        2.26502276410E+04
6.34800E+00        2.26135299510E+04
6.35400E+00        2.25766731950E+04
6.36000E+00        2.25399053859E+04
6.36600E+00        2.25032262421E+04
6.37200E+00        2.24666354831E+04
6.37800E+00        2.24301535431E+04
6.38400E+00        2.23936977702E+04
6.39000E+00        2.23573705268E+04
6.39600E+00        2.23211713373E+04
6.40200E+00        2.22850183001E+04
6.40800E+00        2.22489519878E+04
6.41400E+00        2.22129721273E+04
6.42000E+00        2.21770718819E+04
6.42600E+00        2.21412643389E+04
6.43200E+00        2.21055422141E+04
6.43800E+00        2.20699054598E+04
6.44400E+00        2.20343538082E+04
6.45000E+00        2.19988869926E+04
6.45600E+00        2.19635047474E+04
6.46200E+00        2.19282068078E+04
6.46800E+00        2.18930129074E+04
6.47400E+00        2.18578829749E+04
6.48000E+00        2.18228363421E+04
6.48600E+00        2.17878729663E+04
6.49200E+00        2.17529925881E+04
6.49800E+00        2.17181949487E+04
6.50400E+00        2.16834797906E+04
6.51000E+00        2.16488468570E+04
6.51600E+00        2.16142961077E+04
6.52200E+00        2.15798071460E+04
6.52800E+00        2.15454390661E+04
6.53400E+00        2.15111324830E+04
6.54000E+00        2.14769068557E+04
6.54600E+00        2.14427619333E+04
6.55200E+00        2.14086974658E+04
6.55800E+00        2.13747134175E+04
6.56400E+00        2.13408091137E+04
6.57000E+00        2.13069845209E+04
6.57600E+00        2.12732393928E+04
6.58200E+00        2.12395734843E+04
6.58800E+00        2.12059801980E+04
6.59400E+00        2.11724722152E+04
6.60000E+00        2.11390425103E+04
6.60600E+00        2.11056910535E+04
6.61200E+00        2.10724176040E+04
6.61800E+00        2.10392219222E+04
6.62400E+00        2.10061037692E+04
6.63000E+00        2.09730631163E+04
6.63600E+00        2.09400993080E+04
6.64200E+00        2.09072123175E+04
6.64800E+00        2.08744209739E+04
6.65400E+00        2.08416868845E+04
6.66000E+00        2.08090291174E+04
6.66600E+00        2.07764470248E+04
6.67200E+00        2.07439405829E+04
6.67800E+00        2.07115095608E+04
6.68400E+00        2.06791537285E+04
6.69000E+00        2.06468728570E+04
6.69600E+00        2.06146480965E+04
6.70200E+00        2.05825352890E+04
6.70800E+00        2.05504779331E+04
6.71400E+00        2.05184946300E+04
6.72000E+00        2.04865853591E+04
6.72600E+00        2.04547494876E+04
6.73200E+00        2.04229869967E+04
6.73800E+00        2.03912976643E+04
6.74400E+00        2.03596812686E+04
6.75000E+00        2.03281377917E+04
6.75600E+00        2.02966666081E+04
6.76200E+00        2.02652677017E+04
6.76800E+00        2.02339408542E+04
6.77400E+00        2.02026860495E+04
6.78000E+00        2.01714842464E+04
6.78600E+00        2.01403906954E+04
6.79200E+00        2.01093499168E+04
6.79800E+00        2.00783619816E+04
6.80400E+00        2.00474629769E+04
6.81000E+00        2.00166528058E+04
6.81600E+00        1.99858946682E+04
6.82200E+00        1.99551886362E+04
6.82800E+00        1.99245705772E+04
6.83400E+00        1.98940222289E+04
6.84000E+00        1.98635435806E+04
6.84600E+00        1.98331340278E+04
6.85200E+00        1.98027935618E+04
6.85800E+00        1.97725219760E+04
6.86400E+00        1.97423192616E+04
6.87000E+00        1.97121848196E+04
6.87600E+00        1.96821186429E+04
6.88200E+00        1.96521205282E+04
6.88800E+00        1.96221904682E+04
6.89400E+00        1.95923278696E+04
6.90000E+00        1.95625327269E+04
6.90600E+00        1.95328050345E+04
6.91200E+00        1.95031442028E+04
6.91800E+00        1.94735502277E+04
6.92400E+00        1.94440229111E+04
6.93000E+00        1.94145622489E+04
6.93600E+00        1.93851676567E+04
6.94200E+00        1.93558391324E+04
6.94800E+00        1.93265766731E+04
6.95400E+00        1.92973796986E+04
6.96000E+00        1.92682482077E+04
6.96600E+00        1.92391644379E+04
6.97200E+00        1.92101576425E+04
6.97800E+00        1.91812214781E+04
6.98400E+00        1.91523500283E+04
6.99000E+00        1.91235432932E+04
6.99600E+00        1.90948007014E+04
7.00200E+00        1.90661222547E+04
7.00800E+00        1.90375079544E+04
7.01400E+00        1.90089572329E+04
7.02000E+00        1.89804700932E+04
7.02600E+00        1.89520463488E+04
7.03200E+00        1.89236860027E+04
7.03800E+00        1.88953884922E+04
7.04400E+00        1.88671538218E+04
7.05000E+00        1.88389819956E+04
7.05600E+00        1.88108724546E+04
7.06200E+00        1.87828080538E+04
7.06800E+00        1.87548231254E+04
7.07400E+00        1.87268999376E+04
7.08000E+00        1.86990384974E+04
7.08600E+00        1.86712388109E+04
7.09200E+00        1.86435003265E+04
7.09800E+00        1.86158230521E+04
7.10400E+00        1.85882069951E+04
7.11000E+00        1.85606516073E+04
7.11600E+00        1.85331568976E+04
7.12200E+00        1.85057228747E+04
7.12800E+00        1.84783321214E+04
7.13400E+00        1.84510184177E+04
7.14000E+00        1.84237646918E+04
7.14600E+00        1.83965709538E+04
7.15200E+00        1.83694366638E+04
7.15800E+00        1.83423618330E+04
7.16400E+00        1.83153521813E+04
7.17000E+00        1.82883957486E+04
7.17600E+00        1.82614982621E+04
7.18200E+00        1.82346430830E+04
7.18800E+00        1.82078630044E+04
7.19400E+00        1.81811413642E+04
7.20000E+00        1.81544781756E+04
7.20600E+00        1.81278729087E+04
7.21200E+00        1.81013255782E+04
7.21800E+00        1.80748361978E+04
7.22400E+00        1.80484042413E+04
7.23000E+00        1.80220132677E+04
7.23600E+00        1.79956960494E+04
7.24200E+00        1.79694361210E+04
7.24800E+00        1.79432329608E+04
7.25400E+00        1.79170865853E+04
7.26000E+00        1.78909970108E+04
7.26600E+00        1.78649637186E+04
7.27200E+00        1.78389867264E+04
7.27800E+00        1.78130660512E+04
7.28400E+00        1.77871849361E+04
7.29000E+00        1.77613759065E+04
7.29600E+00        1.77356225382E+04
7.30200E+00        1.77099248496E+04
7.30800E+00        1.76842823297E+04
7.31400E+00        1.76586949982E+04
7.32000E+00        1.76331467732E+04
7.32600E+00        1.76076693722E+04
7.33200E+00        1.75822466915E+04
7.33800E+00        1.75568785759E+04
7.34400E+00        1.75315650461E+04
7.35000E+00        1.75063055982E+04
7.35600E+00        1.74810842921E+04
7.36200E+00        1.74559330958E+04
7.36800E+00        1.74308355239E+04
7.37400E+00        1.74057915989E+04
7.38000E+00        1.73808011695E+04
7.38600E+00        1.73558642581E+04
7.39200E+00        1.73309645437E+04
7.39800E+00        1.73061337219E+04
7.40400E+00        1.72813557962E+04
7.41000E+00        1.72566307900E+04
7.41600E+00        1.72319582109E+04
7.42200E+00        1.72073223720E+04
7.42800E+00        1.71827545720E+04
7.43400E+00        1.71582391012E+04
7.44000E+00        1.71337754713E+04
7.44600E+00        1.71093637081E+04
7.45200E+00        1.70849880666E+04
7.45800E+00        1.70606797942E+04
7.46400E+00        1.70364227846E+04
7.47000E+00        1.70122170644E+04
7.47600E+00        1.69880469794E+04
7.48200E+00        1.69639434316E+04
7.48800E+00        1.69398909143E+04
7.49400E+00        1.69158889481E+04
7.50000E+00        1.68919375610E+04
7.50600E+00        1.68680212109E+04
7.51200E+00        1.68441707503E+04
7.51800E+00        1.68203702803E+04
7.52400E+00        1.67966198299E+04
7.53000E+00        1.67729039457E+04
7.53600E+00        1.67492531404E+04
7.54200E+00        1.67256521066E+04
7.54800E+00        1.67021003735E+04
7.55400E+00        1.66785827428E+04
7.56000E+00        1.66551295564E+04
7.56600E+00        1.66317255943E+04
7.57200E+00        1.66083703894E+04
7.57800E+00        1.65850488299E+04
7.58400E+00        1.65617910881E+04
7.59000E+00        1.65385818661E+04
7.59600E+00        1.65154210302E+04
7.60200E+00        1.64922935536E+04
7.60800E+00        1.64692291118E+04
7.61400E+00        1.64462126581E+04
7.62000E+00        1.64232440607E+04
7.62600E+00        1.64003082144E+04
7.63200E+00        1.63774351203E+04
7.63800E+00        1.63546093264E+04
7.64400E+00        1.63318308662E+04
7.65000E+00        1.63090847195E+04
7.65600E+00        1.62864005592E+04
7.66200E+00        1.62637633452E+04
7.66800E+00        1.62411582826E+04
7.67400E+00        1.62186145973E+04
7.68000E+00        1.61961174748E+04
7.68600E+00        1.61736667882E+04
7.69200E+00        1.61512476647E+04
7.69800E+00        1.61288894912E+04
7.70400E+00        1.61065775359E+04
7.71000E+00        1.60842966670E+04
7.71600E+00        1.60620763110E+04
7.72200E+00        1.60399016381E+04
7.72800E+00        1.60177579000E+04
7.73400E+00        1.59956742419E+04
7.74000E+00        1.59736360553E+04
7.74600E+00        1.59516283349E+04
7.75200E+00        1.59296802657E+04
7.75800E+00        1.59077771418E+04
7.76400E+00        1.58859043378E+04
7.77000E+00        1.58640907601E+04
7.77600E+00        1.58423217643E+04
7.78200E+00        1.58205829437E+04
7.78800E+00        1.57989027708E+04
7.79400E+00        1.57772668199E+04
7.80000E+00        1.57556605874E+04
7.80600E+00        1.57341127435E+04
7.81200E+00        1.57126087656E+04
7.81800E+00        1.56911342100E+04
7.82400E+00        1.56697177864E+04
7.83000E+00        1.56483447197E+04
7.83600E+00        1.56270007824E+04
7.84200E+00        1.56057144119E+04
7.84800E+00        1.55844712056E+04
7.85400E+00        1.55632568390E+04
7.86000E+00        1.55420996339E+04
7.86600E+00        1.55209854021E+04
7.87200E+00        1.54998995684E+04
7.87800E+00        1.54788704949E+04
7.88400E+00        1.54578697851E+04
7.89000E+00        1.54369255699E+04
7.89600E+00        1.54160236047E+04
7.90200E+00        1.53951497215E+04
7.90800E+00        1.53743320910E+04
7.91400E+00        1.53535562204E+04
7.92000E+00        1.53328081533E+04
7.92600E+00        1.53121157941E+04
7.93200E+00        1.52914510543E+04
7.93800E+00        1.52708417634E+04
7.94400E+00        1.52502738321E+04
7.95000E+00        1.52297332465E+04
7.95600E+00        1.52092477243E+04
7.96200E+00        1.51888033851E+04
7.96800E+00        1.51683859694E+04
7.97400E+00        1.51480232350E+04
7.98000E+00        1.51276873968E+04
7.98600E+00        1.51074059873E+04
7.99200E+00        1.50871512963E+04
7.99800E+00        1.50669507829E+04
8.00400E+00        1.50467905483E+04
8.01000E+00        1.50266567681E+04
8.01600E+00        1.50065767917E+04
8.02200E+00        1.49865232443E+04
8.02800E+00        1.49665231040E+04
8.03400E+00        1.49465627153E+04
8.04000E+00        1.49266283468E+04
8.04600E+00        1.49067471668E+04
8.05200E+00        1.48868918355E+04
8.05800E+00        1.48670894491E+04
8.06400E+00        1.48473127411E+04
8.07000E+00        1.48275887359E+04
8.07600E+00        1.48079037586E+04
8.08200E+00        1.47882442065E+04
8.08800E+00        1.47686369969E+04
8.09400E+00        1.47490551921E+04
8.10000E+00        1.47295253444E+04
8.10600E+00        1.47100221131E+04
8.11200E+00        1.46905725391E+04
8.11800E+00        1.46711445716E+04
8.12400E+00        1.46517682367E+04
8.13000E+00        1.46324300227E+04
8.13600E+00        1.46131164892E+04
8.14200E+00        1.45938542378E+04
8.14800E+00        1.45746165047E+04
8.15400E+00        1.45554298217E+04
8.16000E+00        1.45362674959E+04
8.16600E+00        1.45171561344E+04
8.17200E+00        1.44980688254E+04
8.17800E+00        1.44790321068E+04
