wasp43b_ersspectra_bb_noLD/Noodles_2021-03-26/SED_09.dat
# %ECSV 0.9
# ---
# datatype:
# - {name: wavelength, unit: micron, datatype: float64}
# - {name: flux, unit: microJansky, datatype: float64}
# schema: astropy-2.0
#
#
#  - - File generated by ExoNoodle - -
#         V1.0.0 - MML (CEA-Saclay)
#       2021-03-25 15:37:33.308590
wavelength flux 
[from data line 1298]
1.07880E+01        8.75056349723E+03
1.07940E+01        8.74159867891E+03
1.08000E+01        8.73265544119E+03
1.08060E+01        8.72371804011E+03
1.08120E+01        8.71479430992E+03
1.08180E+01        8.70588422285E+03
1.08240E+01        8.69698775121E+03
1.08300E+01        8.68810486740E+03
1.08360E+01        8.67923554387E+03
1.08420E+01        8.67037975313E+03
1.08480E+01        8.66153746778E+03
1.08540E+01        8.65270866049E+03
1.08600E+01        8.64389330397E+03
1.08660E+01        8.63509137104E+03
1.08720E+01        8.62630283455E+03
1.08780E+01        8.61752766744E+03
1.08840E+01        8.60876584271E+03
1.08900E+01        8.60001733344E+03
1.08960E+01        8.59128211276E+03
1.09020E+01        8.58256015389E+03
1.09080E+01        8.57385143008E+03
1.09140E+01        8.56515591469E+03
1.09200E+01        8.55647358111E+03
1.09260E+01        8.54780440283E+03
1.09320E+01        8.53914835338E+03
1.09380E+01        8.53050540637E+03
1.09440E+01        8.52187553547E+03
1.09500E+01        8.51325871442E+03
1.09560E+01        8.50465491702E+03
1.09620E+01        8.49606411714E+03
1.09680E+01        8.48748628872E+03
1.09740E+01        8.47892983948E+03
1.09800E+01        8.47037706018E+03
1.09860E+01        8.46183037249E+03
1.09920E+01        8.45330417052E+03
1.09980E+01        8.44479081065E+03
1.10040E+01        8.43629026720E+03
1.10100E+01        8.42781009411E+03
1.10160E+01        8.41933509908E+03
1.10220E+01        8.41087284383E+03
1.10280E+01        8.40242330293E+03
1.10340E+01        8.39398645102E+03
1.10400E+01        8.38556226280E+03
1.10460E+01        8.37715071304E+03
1.10520E+01        8.36875177656E+03
1.10580E+01        8.36036542826E+03
1.10640E+01        8.35199164307E+03
1.10700E+01        8.34363039603E+03
1.10760E+01        8.33528166219E+03
1.10820E+01        8.32694541671E+03
1.10880E+01        8.31862163478E+03
1.10940E+01        8.31031029165E+03
1.11000E+01        8.30201136265E+03
1.11060E+01        8.29372482317E+03
1.11120E+01        8.28545064863E+03
1.11180E+01        8.27718881455E+03
1.11240E+01        8.26893929649E+03
1.11300E+01        8.26069464095E+03
1.11360E+01        8.25246968927E+03
1.11420E+01        8.24425698064E+03
1.11480E+01        8.23605649088E+03
1.11540E+01        8.22787559541E+03
1.11600E+01        8.21969207145E+03
1.11660E+01        8.21152809369E+03
1.11720E+01        8.20337623859E+03
1.11780E+01        8.19523648226E+03
1.11840E+01        8.18710880085E+03
1.11900E+01        8.17899317059E+03
1.11960E+01        8.17088956774E+03
1.12020E+01        8.16279796864E+03
1.12080E+01        8.15471834967E+03
1.12140E+01        8.14665068729E+03
1.12200E+01        8.13859495800E+03
1.12260E+01        8.13055113836E+03
1.12320E+01        8.12251920500E+03
1.12380E+01        8.11449836121E+03
1.12440E+01        8.10649013125E+03
1.12500E+01        8.09849371777E+03
1.12560E+01        8.09050909761E+03
1.12620E+01        8.08253624768E+03
1.12680E+01        8.07457514494E+03
1.12740E+01        8.06662576641E+03
1.12800E+01        8.05868808916E+03
1.12860E+01        8.05076209031E+03
1.12920E+01        8.04284774705E+03
1.12980E+01        8.03494503662E+03
1.13040E+01        8.02705393632E+03
1.13100E+01        8.01917442349E+03
1.13160E+01        8.01130647555E+03
1.13220E+01        8.00345006994E+03
1.13280E+01        7.99560518418E+03
1.13340E+01        7.98777179585E+03
1.13400E+01        7.97994988257E+03
1.13460E+01        7.97213942201E+03
1.13520E+01        7.96433247050E+03
1.13580E+01        7.95654485639E+03
1.13640E+01        7.94876862835E+03
1.13700E+01        7.94100376426E+03
1.13760E+01        7.93325024209E+03
1.13820E+01        7.92550803982E+03
1.13880E+01        7.91777713551E+03
1.13940E+01        7.91005750726E+03
1.14000E+01        7.90234913323E+03
1.14060E+01        7.89465199164E+03
1.14120E+01        7.88696606074E+03
1.14180E+01        7.87929131886E+03
1.14240E+01        7.87162774436E+03
1.14300E+01        7.86397456617E+03
1.14360E+01        7.85633326246E+03
1.14420E+01        7.84870306156E+03
1.14480E+01        7.84108394201E+03
1.14540E+01        7.83347588247E+03
1.14600E+01        7.82587886160E+03
1.14660E+01        7.81828582726E+03
1.14720E+01        7.81071082679E+03
1.14780E+01        7.80314680133E+03
1.14840E+01        7.79559372975E+03
1.14900E+01        7.78805159099E+03
1.14960E+01        7.78052036403E+03
1.15020E+01        7.77299928710E+03
1.15080E+01        7.76548982161E+03
1.15140E+01        7.75799120517E+03
1.15200E+01        7.75050341696E+03
1.15260E+01        7.74302643621E+03
1.15320E+01        7.73556024221E+03
1.15380E+01        7.72810481428E+03
1.15440E+01        7.72065318883E+03
1.15500E+01        7.71321923794E+03
1.15560E+01        7.70579599142E+03
1.15620E+01        7.69838342878E+03
1.15680E+01        7.69098079662E+03
1.15740E+01        7.68358954124E+03
1.15800E+01        7.67620890862E+03
1.15860E+01        7.66883887848E+03
1.15920E+01        7.66147943059E+03
1.15980E+01        7.65413054478E+03
1.16040E+01        7.64679220090E+03
1.16100E+01        7.63946437888E+03
1.16160E+01        7.63214019535E+03
1.16220E+01        7.62483336354E+03
1.16280E+01        7.61753699360E+03
1.16340E+01        7.61025034035E+03
1.16400E+01        7.60297483520E+03
1.16460E+01        7.59570973237E+03
1.16520E+01        7.58845501210E+03
1.16580E+01        7.58121065470E+03
1.16640E+01        7.57397664048E+03
1.16700E+01        7.56675294985E+03
1.16760E+01        7.55953956322E+03
1.16820E+01        7.55232894985E+03
1.16880E+01        7.54513611988E+03
1.16940E+01        7.53795353547E+03
1.17000E+01        7.53078117725E+03
1.17060E+01        7.52361902587E+03
1.17120E+01        7.51646706204E+03
1.17180E+01        7.50932526651E+03
1.17240E+01        7.50219362007E+03
1.17300E+01        7.49507210357E+03
1.17360E+01        7.48795325074E+03
1.17420E+01        7.48085194388E+03
1.17480E+01        7.47376070975E+03
1.17540E+01        7.46667952936E+03
1.17600E+01        7.45960838377E+03
1.17660E+01        7.45254725410E+03
1.17720E+01        7.44549612150E+03
1.17780E+01        7.43845496717E+03
1.17840E+01        7.43142377236E+03
1.17900E+01        7.42440181078E+03
1.17960E+01        7.41738380954E+03
1.18020E+01        7.41038238811E+03
1.18080E+01        7.40339085160E+03
1.18140E+01        7.39640918145E+03
1.18200E+01        7.38943735917E+03
1.18260E+01        7.38247536631E+03
1.18320E+01        7.37552318446E+03
1.18380E+01        7.36858009302E+03
1.18440E+01        7.36164747879E+03
1.18500E+01        7.35471800698E+03
1.18560E+01        7.34780489280E+03
1.18620E+01        7.34090149821E+03
1.18680E+01        7.33400780506E+03
1.18740E+01        7.32712379523E+03
1.18800E+01        7.32024875304E+03
1.18860E+01        7.31338405634E+03
1.18920E+01        7.30652898888E+03
1.18980E+01        7.29967696864E+03
1.19040E+01        7.29284111202E+03
1.19100E+01        7.28601483093E+03
1.19160E+01        7.27919810753E+03
1.19220E+01        7.27239023100E+03
1.19280E+01        7.26559257036E+03
1.19340E+01        7.25880441421E+03
1.19400E+01        7.25202574489E+03
1.19460E+01        7.24525002971E+03
1.19520E+01        7.23849028734E+03
1.19580E+01        7.23173997907E+03
1.19640E+01        7.22499908741E+03
1.19700E+01        7.21826690702E+03
1.19760E+01        7.21154479691E+03
1.19820E+01        7.20483205117E+03
1.19880E+01        7.19812217980E+03
1.19940E+01        7.19142811688E+03
1.20000E+01        7.18474336644E+03
1.20060E+01        7.17806791128E+03
1.20120E+01        7.17140105081E+03
1.20180E+01        7.16474413536E+03
1.20240E+01        7.15809646378E+03
1.20300E+01        7.15145158837E+03
1.20360E+01        7.14482235939E+03
1.20420E+01        7.13820232323E+03
1.20480E+01        7.13159078333E+03
1.20540E+01        7.12498908267E+03
1.20600E+01        7.11839652413E+03
1.20660E+01        7.11180669592E+03
1.20720E+01        7.10523237712E+03
1.20780E+01        7.09866715010E+03
1.20840E+01        7.09211099813E+03
1.20900E+01        7.08556322933E+03
1.20960E+01        7.07902517815E+03
1.21020E+01        7.07249615215E+03
1.21080E+01        7.06596978104E+03
1.21140E+01        7.05945876162E+03
1.21200E+01        7.05295671781E+03
1.21260E+01        7.04646296169E+03
1.21320E+01        7.03997882045E+03
1.21380E+01        7.03350360563E+03
1.21440E+01        7.02703098220E+03
1.21500E+01        7.02057357706E+03
1.21560E+01        7.01412504945E+03
1.21620E+01        7.00768471534E+03
1.21680E+01        7.00125389478E+03
1.21740E+01        6.99483190320E+03
1.21800E+01        6.98841244058E+03
1.21860E+01        6.98200806445E+03
1.21920E+01        6.97561246910E+03
1.21980E+01        6.96922497438E+03
1.22040E+01        6.96284689321E+03
1.22100E+01        6.95647754493E+03
1.22160E+01        6.95011691364E+03
1.22220E+01        6.94375873976E+03
1.22280E+01        6.93741483955E+03
1.22340E+01        6.93108027059E+03
1.22400E+01        6.92475435541E+03
1.22460E+01        6.91843707832E+03
1.22520E+01        6.91212220838E+03
1.22580E+01        6.90582216613E+03
1.22640E+01        6.89953005756E+03
1.22700E+01        6.89324718267E+03
1.22760E+01        6.88697286783E+03
1.22820E+01        6.88070709756E+03
1.22880E+01        6.87444367502E+03
1.22940E+01        6.86819429864E+03
1.23000E+01        6.86195407561E+03
1.23060E+01        6.85572233549E+03
1.23120E+01        6.84949906296E+03
1.23180E+01        6.84327808941E+03
1.23240E+01        6.83707171180E+03
1.23300E+01        6.83087310506E+03
1.23360E+01        6.82468355647E+03
1.23420E+01        6.81850239935E+03
1.23480E+01        6.81232961858E+03
1.23540E+01        6.80615907918E+03
1.23600E+01        6.80000236344E+03
1.23660E+01        6.79385462747E+03
1.23720E+01        6.78771520771E+03
1.23780E+01        6.78158408921E+03
1.23840E+01        6.77545516478E+03
1.23900E+01        6.76933996451E+03
1.23960E+01        6.76323366650E+03
1.24020E+01        6.75713561026E+03
1.24080E+01        6.75104578103E+03
1.24140E+01        6.74495809922E+03
1.24200E+01        6.73888404307E+03
1.24260E+01        6.73281881251E+03
1.24320E+01        6.72676175013E+03
1.24380E+01        6.72071284131E+03
1.24440E+01        6.71466603392E+03
1.24500E+01        6.70863275467E+03
1.24560E+01        6.70260822517E+03
1.24620E+01        6.69659179108E+03
1.24680E+01        6.69058343794E+03
1.24740E+01        6.68457714085E+03
1.24800E+01        6.67858427535E+03
1.24860E+01        6.67260008460E+03
1.24920E+01        6.66662391728E+03
1.24980E+01        6.66065575911E+03
1.25040E+01        6.65468961222E+03
1.25100E+01        6.64873680135E+03
1.25160E+01        6.64279259104E+03
1.25220E+01        6.63685633299E+03
1.25280E+01        6.63092205086E+03
1.25340E+01        6.62500166027E+03
1.25400E+01        6.61908854887E+03
1.25460E+01        6.61318396465E+03
1.25520E+01        6.60728726230E+03
1.25580E+01        6.60139249221E+03
1.25640E+01        6.59551151696E+03
1.25700E+01        6.58963775378E+03
1.25760E+01        6.58377244521E+03
1.25820E+01        6.57791494888E+03
1.25880E+01        6.57205934175E+03
1.25940E+01        6.56621680802E+03
1.26000E+01        6.56038267139E+03
1.26060E+01        6.55455629186E+03
1.26120E+01        6.54873176750E+03
1.26180E+01        6.54292086632E+03
1.26240E+01        6.53711705828E+03
1.26300E+01        6.53132157615E+03
1.26360E+01        6.52553378288E+03
1.26420E+01        6.51974780277E+03
1.26480E+01        6.51397535176E+03
1.26540E+01        6.50820992885E+03
1.26600E+01        6.50245276145E+03
1.26660E+01        6.49669737401E+03
1.26720E+01        6.49095544107E+03
1.26780E+01        6.48522048472E+03
1.26840E+01        6.47949372809E+03
1.26900E+01        6.47377453935E+03
1.26960E+01        6.46805708956E+03
1.27020E+01        6.46235300186E+03
1.27080E+01        6.45665582700E+03
1.27140E+01        6.45096678280E+03
1.27200E+01        6.44527944517E+03
1.27260E+01        6.43960539633E+03
1.27320E+01        6.43393820983E+03
1.27380E+01        6.42827909929E+03
1.27440E+01        6.42262166328E+03
1.27500E+01        6.41697744332E+03
1.27560E+01        6.41134003566E+03
1.27620E+01        6.40571064971E+03
1.27680E+01        6.40008866106E+03
1.27740E+01        6.39446830738E+03
1.27800E+01        6.38886107964E+03
1.27860E+01        6.38326060226E+03
1.27920E+01        6.37766807943E+03
1.27980E+01        6.37207716032E+03
1.28040E+01        6.36649929567E+03
1.28100E+01        6.36092813233E+03
1.28160E+01        6.35536487033E+03
1.28220E+01        6.34980318113E+03
1.28280E+01        6.34425447546E+03
1.28340E+01        6.33871242248E+03
1.28400E+01        6.33317821809E+03
1.28460E+01        6.32764555590E+03
1.28520E+01        6.32212580687E+03
1.28580E+01        6.31661266233E+03
1.28640E+01        6.31110731407E+03
1.28700E+01        6.30560347777E+03
1.28760E+01        6.30011248478E+03
1.28820E+01        6.29462804851E+03
1.28880E+01        6.28915135665E+03
1.28940E+01        6.28367614683E+03
1.29000E+01        6.27821371101E+03
1.29060E+01        6.27275778455E+03
1.29120E+01        6.26730955109E+03
1.29180E+01        6.26186277006E+03
1.29240E+01        6.25642869425E+03
1.29300E+01        6.25100108086E+03
1.29360E+01        6.24558110948E+03
1.29420E+01        6.24016256125E+03
1.29480E+01        6.23475665000E+03
1.29540E+01        6.22935774820E+03
1.29600E+01        6.22396525071E+03
1.29660E+01        6.21857474097E+03
1.29720E+01        6.21319680048E+03
1.29780E+01        6.20782522974E+03
1.29840E+01        6.20245562370E+03
1.29900E+01        6.19709853644E+03
1.29960E+01        6.19174837458E+03
1.30020E+01        6.18640453675E+03
1.30080E+01        6.18106263315E+03
1.30140E+01        6.17573318150E+03
1.30200E+01        6.17041060778E+03
1.30260E+01        6.16509431276E+03
1.30320E+01        6.15977992184E+03
1.30380E+01        6.15447791653E+03
1.30440E+01        6.14918274209E+03
1.30500E+01        6.14388827751E+03
1.30560E+01        6.13860673502E+03
1.30620E+01        6.13333198839E+03
1.30680E+01        6.12806402598E+03
1.30740E+01        6.12279674786E+03
1.30800E+01        6.11754232436E+03
1.30860E+01        6.11229465036E+03
1.30920E+01        6.10705371432E+03
1.30980E+01        6.10181343729E+03
1.31040E+01        6.09658594791E+03
1.31100E+01        6.09136516205E+03
1.31160E+01        6.08614501643E+03
1.31220E+01        6.08093760855E+03
1.31280E+01        6.07573686998E+03
1.31340E+01        6.07054278937E+03
1.31400E+01        6.06534932420E+03
1.31460E+01        6.06016853067E+03
1.31520E+01        6.05499436116E+03
1.31580E+01        6.04982680442E+03
1.31640E+01        6.04465983862E+03
1.31700E+01        6.03950547885E+03
1.31760E+01        6.03435769819E+03
1.31820E+01        6.02921049028E+03
1.31880E+01        6.02407583950E+03
1.31940E+01        6.01894773440E+03
1.32000E+01        6.01382616390E+03
1.32060E+01        6.00870514212E+03
1.32120E+01        6.00359661271E+03
1.32180E+01        5.99849458473E+03
1.32240E+01        5.99339365871E+03
1.32300E+01        5.98830403464E+03
1.32360E+01        5.98322145014E+03
1.32420E+01        5.97813994845E+03
1.32480E+01        5.97306970363E+03
1.32540E+01        5.96800646419E+03
1.32600E+01        5.96294964966E+03
1.32660E+01        5.95789389265E+03
1.32720E+01        5.95284933278E+03
1.32780E+01        5.94781173305E+03
1.32840E+01        5.94277517205E+03
1.32900E+01        5.93775032945E+03
1.32960E+01        5.93273128177E+03
1.33020E+01        5.92771914935E+03
1.33080E+01        5.92270803085E+03
1.33140E+01        5.91770800605E+03
1.33200E+01        5.91271486308E+03
1.33260E+01        5.90772271561E+03
1.33320E+01        5.90274161791E+03
1.33380E+01        5.89776736883E+03
1.33440E+01        5.89279939494E+03
1.33500E+01        5.88783239219E+03
1.33560E+01        5.88287638104E+03
1.33620E+01        5.87792717454E+03
1.33680E+01        5.87297892111E+03
