wasp43b_ersspectra_bb_noLD/Noodles_2021-03-26/SED_06.dat
# %ECSV 0.9
# ---
# datatype:
# - {name: wavelength, unit: micron, datatype: float64}
# - {name: flux, unit: microJansky, datatype: float64}
# schema: astropy-2.0
#
#
#  - - File generated by ExoNoodle - -
#         V1.0.0 - MML (CEA-Saclay)
#       2021-03-25 15:37:33.308590
wavelength flux 
[from data line 1730]
1.33800E+01        5.86312417602E+03
1.33860E+01        5.85819456300E+03
1.33920E+01        5.85327641669E+03
1.33980E+01        5.84836389824E+03
1.34040E+01        5.84345284711E+03
1.34100E+01        5.83855321841E+03
1.34160E+01        5.83365918802E+03
1.34220E+01        5.82876660592E+03
1.34280E+01        5.82388540221E+03
1.34340E+01        5.81901031806E+03
1.34400E+01        5.81414079313E+03
1.34460E+01        5.80927269134E+03
1.34520E+01        5.80441590958E+03
1.34580E+01        5.79956465795E+03
1.34640E+01        5.79471481076E+03
1.34700E+01        5.78987624013E+03
1.34760E+01        5.78504317070E+03
1.34820E+01        5.78021148716E+03
1.34880E+01        5.77539103693E+03
1.34940E+01        5.77057660518E+03
1.35000E+01        5.76576244889E+03
1.35060E+01        5.76096002892E+03
1.35120E+01        5.75616359751E+03
1.35180E+01        5.75137260053E+03
1.35240E+01        5.74658294672E+03
1.35300E+01        5.74180442624E+03
1.35360E+01        5.73703131188E+03
1.35420E+01        5.73225952261E+03
1.35480E+01        5.72749882421E+03
1.35540E+01        5.72274404527E+03
1.35600E+01        5.71798949053E+03
1.35660E+01        5.71324652589E+03
1.35720E+01        5.70850945142E+03
1.35780E+01        5.70377258604E+03
1.35840E+01        5.69904726742E+03
1.35900E+01        5.69432780984E+03
1.35960E+01        5.68960854637E+03
1.36020E+01        5.68490078655E+03
1.36080E+01        5.68019885881E+03
1.36140E+01        5.67549711035E+03
1.36200E+01        5.67080682264E+03
1.36260E+01        5.66612233824E+03
1.36320E+01        5.66143855407E+03
1.36380E+01        5.65676511665E+03
1.36440E+01        5.65209798962E+03
1.36500E+01        5.64743154690E+03
1.36560E+01        5.64277541115E+03
1.36620E+01        5.63812555605E+03
1.36680E+01        5.63347636946E+03
1.36740E+01        5.62883745028E+03
1.36800E+01        5.62420478218E+03
1.36860E+01        5.61957276693E+03
1.36920E+01        5.61495097973E+03
1.36980E+01        5.61033541424E+03
1.37040E+01        5.60572048605E+03
1.37100E+01        5.60111574678E+03
1.37160E+01        5.59651720000E+03
1.37220E+01        5.59191927512E+03
1.37280E+01        5.58733150023E+03
1.37340E+01        5.58274988880E+03
1.37400E+01        5.57816888397E+03
1.37460E+01        5.57359799043E+03
1.37520E+01        5.56903323147E+03
1.37580E+01        5.56446906395E+03
1.37640E+01        5.55991496922E+03
1.37700E+01        5.55536698039E+03
1.37760E+01        5.55081956795E+03
1.37820E+01        5.54628218999E+03
1.37880E+01        5.54175088943E+03
1.37940E+01        5.53722015032E+03
1.38000E+01        5.53269993110E+03
1.38060E+01        5.52818471395E+03
1.38120E+01        5.52367056695E+03
1.38180E+01        5.51916637846E+03
1.38240E+01        5.51466821083E+03
1.38300E+01        5.51017057518E+03
1.38360E+01        5.50568338128E+03
1.38420E+01        5.50119618914E+03
1.38480E+01        5.49671993383E+03
1.38540E+01        5.49224861263E+03
1.38600E+01        5.48777831926E+03
1.38660E+01        5.48331840319E+03
1.38720E+01        5.47886391442E+03
1.38780E+01        5.47440940107E+03
1.38840E+01        5.46996574499E+03
1.38900E+01        5.46552697279E+03
1.38960E+01        5.46108919726E+03
1.39020E+01        5.45666172240E+03
1.39080E+01        5.45223962240E+03
1.39140E+01        5.44781747195E+03
1.39200E+01        5.44340610003E+03
1.39260E+01        5.43899956237E+03
1.39320E+01        5.43459399070E+03
1.39380E+01        5.43019864389E+03
1.39440E+01        5.42580322540E+03
1.39500E+01        5.42141852046E+03
1.39560E+01        5.41703912142E+03
1.39620E+01        5.41265963810E+03
1.39680E+01        5.40829082961E+03
1.39740E+01        5.40392730144E+03
1.39800E+01        5.39956367651E+03
1.39860E+01        5.39521068789E+03
1.39920E+01        5.39086295418E+03
1.39980E+01        5.38651511131E+03
1.40040E+01        5.38217786644E+03
