wasp43b_ersspectra_bb_noLD/Noodles_2021-03-26/SED_07.dat
# %ECSV 0.9
# ---
# datatype:
# - {name: wavelength, unit: micron, datatype: float64}
# - {name: flux, unit: microJansky, datatype: float64}
# schema: astropy-2.0
#
#
#  - - File generated by ExoNoodle - -
#         V1.0.0 - MML (CEA-Saclay)
#       2021-03-25 15:37:33.308590
wavelength flux 
3.00000E+00        7.36954123044E+04
3.00600E+00        7.34933196618E+04
3.01200E+00        7.32920565395E+04
3.01800E+00        7.30914598199E+04
3.02400E+00        7.28915398311E+04
3.03000E+00        7.26924398949E+04
3.03600E+00        7.24940653802E+04
3.04200E+00        7.22963590957E+04
3.04800E+00        7.20994635994E+04
3.05400E+00        7.19032844352E+04
3.06000E+00        7.17077654178E+04
3.06600E+00        7.15130476295E+04
3.07200E+00        7.13189721971E+04
3.07800E+00        7.11256792921E+04
3.08400E+00        7.09330479273E+04
3.09000E+00        7.07411157701E+04
3.09600E+00        7.05499571889E+04
3.10200E+00        7.03594394735E+04
3.10800E+00        7.01696371184E+04
3.11400E+00        6.99805224961E+04
3.12000E+00        6.97921691784E+04
3.12600E+00        6.96044460162E+04
3.13200E+00        6.94174267754E+04
3.13800E+00        6.92310837806E+04
3.14400E+00        6.90454267211E+04
3.15000E+00        6.88604526343E+04
3.15600E+00        6.86761711556E+04
3.16200E+00        6.84925547811E+04
3.16800E+00        6.83096129580E+04
3.17400E+00        6.81273430331E+04
3.18000E+00        6.79457420884E+04
3.18600E+00        6.77648197992E+04
3.19200E+00        6.75844865992E+04
3.19800E+00        6.74048765658E+04
3.20400E+00        6.72259244071E+04
3.21000E+00        6.70476399617E+04
3.21600E+00        6.68699956185E+04
3.22200E+00        6.66929400086E+04
3.22800E+00        6.65165928351E+04
3.23400E+00        6.63408900088E+04
3.24000E+00        6.61657806570E+04
3.24600E+00        6.59913589496E+04
3.25200E+00        6.58175735411E+04
3.25800E+00        6.56443615686E+04
3.26400E+00        6.54718411324E+04
3.27000E+00        6.52999014947E+04
3.27600E+00        6.51286354440E+04
3.28200E+00        6.49579327620E+04
3.28800E+00        6.47879105897E+04
3.29400E+00        6.46185185371E+04
3.30000E+00        6.44496703475E+04
3.30600E+00        6.42814942760E+04
3.31200E+00        6.41138694189E+04
3.31800E+00        6.39468524439E+04
3.32400E+00        6.37805117302E+04
3.33000E+00        6.36147026837E+04
3.33600E+00        6.34494938628E+04
3.34200E+00        6.32848827342E+04
3.34800E+00        6.31209247936E+04
3.35400E+00        6.29575013381E+04
3.36000E+00        6.27946803210E+04
3.36600E+00        6.26324345402E+04
3.37200E+00        6.24707740564E+04
3.37800E+00        6.23097534816E+04
3.38400E+00        6.21492556506E+04
3.39000E+00        6.19893479808E+04
3.39600E+00        6.18300032451E+04
3.40200E+00        6.16712314621E+04
3.40800E+00        6.15130300809E+04
3.41400E+00        6.13553968070E+04
3.42000E+00        6.11983290480E+04
3.42600E+00        6.10417685391E+04
3.43200E+00        6.08858250752E+04
3.43800E+00        6.07304522293E+04
3.44400E+00        6.05756232702E+04
3.45000E+00        6.04213479924E+04
3.45600E+00        6.02675688241E+04
3.46200E+00        6.01143941298E+04
3.46800E+00        5.99617661547E+04
3.47400E+00        5.98096825774E+04
3.48000E+00        5.96580862444E+04
3.48600E+00        5.95070846752E+04
3.49200E+00        5.93565660321E+04
3.49800E+00        5.92066492500E+04
3.50400E+00        5.90571991488E+04
3.51000E+00        5.89083340854E+04
3.51600E+00        5.87599433577E+04
3.52200E+00        5.86121329518E+04
3.52800E+00        5.84647927310E+04
3.53400E+00        5.83180280377E+04
3.54000E+00        5.81717294140E+04
3.54600E+00        5.80259483383E+04
3.55200E+00        5.78807357031E+04
3.55800E+00        5.77359828850E+04
3.56400E+00        5.75917411604E+04
3.57000E+00        5.74480081267E+04
3.57600E+00        5.73048343575E+04
3.58200E+00        5.71621123279E+04
3.58800E+00        5.70198926464E+04
3.59400E+00        5.68781731214E+04
3.60000E+00        5.67369516851E+04
3.60600E+00        5.65962262215E+04
3.61200E+00        5.64559945671E+04
3.61800E+00        5.63162547378E+04
3.62400E+00        5.61770561147E+04
3.63000E+00        5.60382933818E+04
3.63600E+00        5.59000161799E+04
3.64200E+00        5.57621711348E+04
3.64800E+00        5.56248589468E+04
3.65400E+00        5.54880260773E+04
3.66000E+00        5.53516704925E+04
3.66600E+00        5.52157902232E+04
3.67200E+00        5.50803832531E+04
3.67800E+00        5.49454357518E+04
3.68400E+00        5.48109693232E+04
3.69000E+00        5.46769200545E+04
3.69600E+00        5.45433863768E+04
3.70200E+00        5.44103160506E+04
3.70800E+00        5.42777071130E+04
3.71400E+00        5.41455078449E+04
3.72000E+00        5.40138159516E+04
3.72600E+00        5.38825795558E+04
3.73200E+00        5.37517968376E+04
3.73800E+00        5.36214164873E+04
3.74400E+00        5.34915353321E+04
3.75000E+00        5.33620530776E+04
3.75600E+00        5.32330542098E+04
3.76200E+00        5.31045111829E+04
3.76800E+00        5.29763617058E+04
3.77400E+00        5.28486527772E+04
3.78000E+00        5.27214310397E+04
3.78600E+00        5.25946459571E+04
3.79200E+00        5.24682475220E+04
3.79800E+00        5.23422822433E+04
3.80400E+00        5.22167962798E+04
3.81000E+00        5.20916918829E+04
3.81600E+00        5.19670512991E+04
3.82200E+00        5.18428005034E+04
3.82800E+00        5.17190212314E+04
3.83400E+00        5.15956167952E+04
3.84000E+00        5.14726328991E+04
3.84600E+00        5.13501150094E+04
3.85200E+00        5.12279668830E+04
3.85800E+00        5.11062341146E+04
3.86400E+00        5.09849616018E+04
3.87000E+00        5.08640426349E+04
3.87600E+00        5.07435451447E+04
3.88200E+00        5.06235025896E+04
3.88800E+00        5.05038200193E+04
3.89400E+00        5.03845424015E+04
3.90000E+00        5.02656680378E+04
3.90600E+00        5.01471952379E+04
3.91200E+00        5.00291153497E+04
3.91800E+00        4.99114820993E+04
3.92400E+00        4.97942037812E+04
3.93000E+00        4.96773203930E+04
3.93600E+00        4.95608301830E+04
3.94200E+00        4.94447316066E+04
3.94800E+00        4.93290228784E+04
3.95400E+00        4.92137025179E+04
3.96000E+00        4.90987576379E+04
3.96600E+00        4.89842090210E+04
3.97200E+00        4.88700438802E+04
3.97800E+00        4.87562606655E+04
3.98400E+00        4.86428576872E+04
3.99000E+00        4.85298334098E+04
3.99600E+00        4.84171751236E+04
4.00200E+00        4.83049034892E+04
4.00800E+00        4.81930058950E+04
4.01400E+00        4.80814806893E+04
4.02000E+00        4.79703263725E+04
4.02600E+00        4.78595414516E+04
4.03200E+00        4.77491132466E+04
4.03800E+00        4.76390623452E+04
4.04400E+00        4.75293763077E+04
4.05000E+00        4.74200099267E+04
4.05600E+00        4.73110489486E+04
4.06200E+00        4.72024481753E+04
4.06800E+00        4.70941952442E+04
4.07400E+00        4.69863105211E+04
4.08000E+00        4.68787385930E+04
4.08600E+00        4.67715640957E+04
4.09200E+00        4.66647424627E+04
4.09800E+00        4.65582722370E+04
4.10400E+00        4.64520984303E+04
4.11000E+00        4.63463267852E+04
4.11600E+00        4.62409021240E+04
4.12200E+00        4.61357808838E+04
4.12800E+00        4.60310462354E+04
4.13400E+00        4.59266436298E+04
4.14000E+00        4.58225511686E+04
4.14600E+00        4.57188407774E+04
4.15200E+00        4.56154271899E+04
4.15800E+00        4.55123927850E+04
4.16400E+00        4.54096938823E+04
4.17000E+00        4.53072776007E+04
4.17600E+00        4.52052467728E+04
4.18200E+00        4.51035058350E+04
4.18800E+00        4.50021371549E+04
4.19400E+00        4.49010558421E+04
4.20000E+00        4.48003332492E+04
4.20600E+00        4.46999061912E+04
4.21200E+00        4.45998456408E+04
4.21800E+00        4.45000674870E+04
4.22400E+00        4.44006530067E+04
4.23000E+00        4.43015078938E+04
4.23600E+00        4.42027337933E+04
4.24200E+00        4.41042380978E+04
4.24800E+00        4.40060995987E+04
4.25400E+00        4.39082370958E+04
4.26000E+00        4.38106783592E+04
4.26600E+00        4.37134840923E+04
4.27200E+00        4.36165613788E+04
4.27800E+00        4.35199495581E+04
4.28400E+00        4.34236478037E+04
4.29000E+00        4.33275641147E+04
4.29600E+00        4.32278398564E+04
4.30200E+00        4.31249264301E+04
4.30800E+00        4.30368897323E+04
4.31400E+00        4.29379002658E+04
4.32000E+00        4.28436968142E+04
4.32600E+00        4.27228027630E+04
4.33200E+00        4.26550240472E+04
4.33800E+00        4.25575111388E+04
4.34400E+00        4.24549855424E+04
4.35000E+00        4.23538594205E+04
4.35600E+00        4.22688530173E+04
4.36200E+00        4.21734336438E+04
4.36800E+00        4.20802094209E+04
4.37400E+00        4.19491637992E+04
4.38000E+00        4.19045447479E+04
4.38600E+00        4.17845680353E+04
4.39200E+00        4.17207512757E+04
4.39800E+00        4.16002571455E+04
4.40400E+00        4.15350719394E+04
4.41000E+00        4.14441696688E+04
4.41600E+00        4.13410996576E+04
4.42200E+00        4.12632011177E+04
4.42800E+00        4.11765482976E+04
4.43400E+00        4.10766279752E+04
4.44000E+00        4.09752850453E+04
4.44600E+00        4.09046257716E+04
4.45200E+00        4.08173273966E+04
4.45800E+00        4.07299368062E+04
4.46400E+00        4.06435329008E+04
4.47000E+00        4.05528405731E+04
4.47600E+00        4.04633865078E+04
4.48200E+00        4.03720444411E+04
4.48800E+00        4.02831058197E+04
4.49400E+00        4.01987974198E+04
4.50000E+00        4.01066686183E+04
4.50600E+00        4.00217565531E+04
4.51200E+00        3.99412146009E+04
4.51800E+00        3.98605584909E+04
4.52400E+00        3.97375431445E+04
4.53000E+00        3.96970747227E+04
4.53600E+00        3.96112739922E+04
4.54200E+00        3.95271206294E+04
4.54800E+00        3.94444773652E+04
4.55400E+00        3.93531874676E+04
4.56000E+00        3.92732151476E+04
4.56600E+00        3.91734055015E+04
4.57200E+00        3.91064859193E+04
4.57800E+00        3.90275879545E+04
4.58400E+00        3.89329133608E+04
4.59000E+00        3.88554737219E+04
4.59600E+00        3.87761439351E+04
4.60200E+00        3.86501214063E+04
4.60800E+00        3.86096224723E+04
4.61400E+00        3.85315267372E+04
4.62000E+00        3.84347584522E+04
4.62600E+00        3.83693358210E+04
4.63200E+00        3.82959548095E+04
4.63800E+00        3.82180085744E+04
4.64400E+00        3.81310051385E+04
4.65000E+00        3.80528807738E+04
4.65600E+00        3.79877923471E+04
4.66200E+00        3.79120418894E+04
4.66800E+00        3.78236323534E+04
4.67400E+00        3.77221621011E+04
4.68000E+00        3.76631251077E+04
4.68600E+00        3.75957649640E+04
4.69200E+00        3.75063569369E+04
4.69800E+00        3.74322069306E+04
4.70400E+00        3.73621363086E+04
4.71000E+00        3.72785318357E+04
4.71600E+00        3.72009182034E+04
4.72200E+00        3.71289189650E+04
4.72800E+00        3.70505629808E+04
4.73400E+00        3.69650861982E+04
4.74000E+00        3.68950455267E+04
4.74600E+00        3.68173590797E+04
4.75200E+00        3.67449438412E+04
4.75800E+00        3.66667933342E+04
4.76400E+00        3.65731890171E+04
4.77000E+00        3.65238017771E+04
4.77600E+00        3.64421713735E+04
4.78200E+00        3.63640051807E+04
4.78800E+00        3.63011779588E+04
4.79400E+00        3.61764629415E+04
4.80000E+00        3.61421855277E+04
4.80600E+00        3.60780225613E+04
4.81200E+00        3.59770629612E+04
4.81800E+00        3.59321814688E+04
4.82400E+00        3.58342763996E+04
4.83000E+00        3.57876783797E+04
4.83600E+00        3.56751880182E+04
4.84200E+00        3.56361091535E+04
4.84800E+00        3.55721224964E+04
4.85400E+00        3.54746990081E+04
4.86000E+00        3.54275487467E+04
4.86600E+00        3.53424980961E+04
4.87200E+00        3.52798376723E+04
4.87800E+00        3.52033677896E+04
4.88400E+00        3.51180007558E+04
4.89000E+00        3.50692934645E+04
4.89600E+00        3.49961114751E+04
4.90200E+00        3.49333314015E+04
4.90800E+00        3.48469660287E+04
4.91400E+00        3.47879207042E+04
4.92000E+00        3.46651984697E+04
4.92600E+00        3.46408355116E+04
4.93200E+00        3.45672656496E+04
4.93800E+00        3.44578277751E+04
4.94400E+00        3.44387399423E+04
4.95000E+00        3.43773166072E+04
4.95600E+00        3.43040610045E+04
4.96200E+00        3.42389990605E+04
4.96800E+00        3.41563653566E+04
4.97400E+00        3.41081492324E+04
4.98000E+00        3.40113949539E+04
4.98600E+00        3.39717927639E+04
4.99200E+00        3.39005982101E+04
4.99800E+00        3.38405082685E+04
5.00400E+00        3.37667868047E+04
5.01000E+00        3.36547242799E+04
5.01600E+00        3.36291440843E+04
5.02200E+00        3.35582962740E+04
5.02800E+00        3.34873831996E+04
5.03400E+00        3.34411322036E+04
5.04000E+00        3.33530153149E+04
5.04600E+00        3.33089360316E+04
5.05200E+00        3.32374128578E+04
5.05800E+00        3.31769910621E+04
5.06400E+00        3.31096546490E+04
5.07000E+00        3.30479121589E+04
5.07600E+00        3.29884828726E+04
5.08200E+00        3.28956724556E+04
5.08800E+00        3.28608265129E+04
5.09400E+00        3.27541265964E+04
5.10000E+00        3.27306179504E+04
5.10600E+00        3.26557252073E+04
5.11200E+00        3.26041547311E+04
5.11800E+00        3.25240000209E+04
5.12400E+00        3.24751233824E+04
5.13000E+00        3.24124420913E+04
5.13600E+00        3.23540394202E+04
5.14200E+00        3.22931627615E+04
5.14800E+00        3.22291062581E+04
5.15400E+00        3.21719604136E+04
5.16000E+00        3.20825483046E+04
5.16600E+00        3.20492552223E+04
5.17200E+00        3.19718129002E+04
5.17800E+00        3.19259931079E+04
5.18400E+00        3.18537057266E+04
5.19000E+00        3.17993119846E+04
5.19600E+00        3.17416695016E+04
5.20200E+00        3.16708289650E+04
5.20800E+00        3.16099466128E+04
5.21400E+00        3.15540262309E+04
5.22000E+00        3.15008027970E+04
5.22600E+00        3.13916563439E+04
5.23200E+00        3.13198179840E+04
5.23800E+00        3.13202468925E+04
5.24400E+00        3.12576764958E+04
5.25000E+00        3.11987306788E+04
5.25600E+00        3.10844594731E+04
5.26200E+00        3.10623269530E+04
5.26800E+00        3.10200547373E+04
5.27400E+00        3.09272111785E+04
5.28000E+00        3.09030871263E+04
5.28600E+00        3.08378611593E+04
5.29200E+00        3.07758722818E+04
5.29800E+00        3.07349409401E+04
5.30400E+00        3.06699918011E+04
5.31000E+00        3.06144005519E+04
5.31600E+00        3.05385946799E+04
5.32200E+00        3.04994856150E+04
5.32800E+00        3.04469113950E+04
5.33400E+00        3.03909740972E+04
5.34000E+00        3.03216063449E+04
5.34600E+00        3.02707804009E+04
5.35200E+00        3.02133385358E+04
5.35800E+00        3.01573434014E+04
5.36400E+00        3.01072560859E+04
5.37000E+00        3.00493173199E+04
5.37600E+00        2.99959193487E+04
5.38200E+00        2.99376199915E+04
5.38800E+00        2.98661423445E+04
5.39400E+00        2.97935052853E+04
5.40000E+00        2.97740017936E+04
5.40600E+00        2.97173011961E+04
5.41200E+00        2.96544417359E+04
5.41800E+00        2.95988424127E+04
5.42400E+00        2.95494085205E+04
5.43000E+00        2.94996448752E+04
5.43600E+00        2.94442396461E+04
5.44200E+00        2.93878733905E+04
5.44800E+00        2.93363189925E+04
5.45400E+00        2.92746947081E+04
5.46000E+00        2.92192313979E+04
5.46600E+00        2.91624746877E+04
5.47200E+00        2.91118970949E+04
5.47800E+00        2.90641145098E+04
5.48400E+00        2.90134674217E+04
5.49000E+00        2.89426883818E+04
5.49600E+00        2.89076477799E+04
5.50200E+00        2.88546802179E+04
5.50800E+00        2.87951766529E+04
5.51400E+00        2.87492269101E+04
5.52000E+00        2.86967843605E+04
5.52600E+00        2.86408452259E+04
5.53200E+00        2.85896938709E+04
5.53800E+00        2.85404303903E+04
5.54400E+00        2.84849840755E+04
5.55000E+00        2.84331215954E+04
5.55600E+00        2.83846014244E+04
5.56200E+00        2.83243140852E+04
5.56800E+00        2.82428111009E+04
5.57400E+00        2.82273542987E+04
5.58000E+00        2.81360732332E+04
5.58600E+00        2.81274933430E+04
