wasp43b_ersspectra_bb_noLD/Noodles_2021-03-26/SED_09.dat
# %ECSV 0.9
# ---
# datatype:
# - {name: wavelength, unit: micron, datatype: float64}
# - {name: flux, unit: microJansky, datatype: float64}
# schema: astropy-2.0
#
#
#  - - File generated by ExoNoodle - -
#         V1.0.0 - MML (CEA-Saclay)
#       2021-03-25 15:37:33.308590
wavelength flux 
3.00000E+00        7.36952299049E+04
3.00600E+00        7.34931531649E+04
3.01200E+00        7.32918955361E+04
3.01800E+00        7.30913139108E+04
3.02400E+00        7.28914100708E+04
3.03000E+00        7.26923127268E+04
3.03600E+00        7.24939536746E+04
3.04200E+00        7.22962626631E+04
3.04800E+00        7.20993701128E+04
3.05400E+00        7.19032049260E+04
3.06000E+00        7.17077015512E+04
3.06600E+00        7.15129852221E+04
3.07200E+00        7.13189258787E+04
3.07800E+00        7.11256460268E+04
3.08400E+00        7.09330170011E+04
3.09000E+00        7.07410988690E+04
3.09600E+00        7.05499537222E+04
3.10200E+00        7.03594498820E+04
3.10800E+00        7.01696489505E+04
3.11400E+00        6.99805480547E+04
3.12000E+00        6.97922072783E+04
3.12600E+00        6.96044976978E+04
3.13200E+00        6.94174795834E+04
3.13800E+00        6.92311494327E+04
3.14400E+00        6.90455057390E+04
3.15000E+00        6.88605443565E+04
3.15600E+00        6.86762631318E+04
3.16200E+00        6.84926599125E+04
3.16800E+00        6.83097305892E+04
3.17400E+00        6.81274736798E+04
3.18000E+00        6.79458850991E+04
3.18600E+00        6.77649627278E+04
3.19200E+00        6.75846428498E+04
3.19800E+00        6.74050467107E+04
3.20400E+00        6.72261072212E+04
3.21000E+00        6.70478235772E+04
3.21600E+00        6.68701917677E+04
3.22200E+00        6.66931508446E+04
3.22800E+00        6.65168166337E+04
3.23400E+00        6.63411261329E+04
3.24000E+00        6.61660188830E+04
3.24600E+00        6.59916110590E+04
3.25200E+00        6.58178388965E+04
3.25800E+00        6.56446411656E+04
3.26400E+00        6.54721343913E+04
3.27000E+00        6.53001970568E+04
3.27600E+00        6.51289450787E+04
3.28200E+00        6.49582563424E+04
3.28800E+00        6.47882486470E+04
3.29400E+00        6.46188575504E+04
3.30000E+00        6.44500241932E+04
3.30600E+00        6.42818623721E+04
3.31200E+00        6.41142521911E+04
3.31800E+00        6.39472498140E+04
3.32400E+00        6.37809108030E+04
3.33000E+00        6.36151162074E+04
3.33600E+00        6.34499217605E+04
3.34200E+00        6.32853249296E+04
3.34800E+00        6.31213807126E+04
3.35400E+00        6.29579714043E+04
3.36000E+00        6.27951521719E+04
3.36600E+00        6.26329193237E+04
3.37200E+00        6.24712727723E+04
3.37800E+00        6.23102650274E+04
3.38400E+00        6.21497799208E+04
3.39000E+00        6.19898737059E+04
3.39600E+00        6.18305415638E+04
3.40200E+00        6.16717828350E+04
3.40800E+00        6.15135939125E+04
3.41400E+00        6.13559735561E+04
3.42000E+00        6.11989175991E+04
3.42600E+00        6.10423703632E+04
3.43200E+00        6.08864390930E+04
3.43800E+00        6.07310656487E+04
3.44400E+00        6.05762482443E+04
3.45000E+00        6.04219839430E+04
3.45600E+00        6.02682172113E+04
3.46200E+00        6.01150533732E+04
3.46800E+00        5.99624361966E+04
3.47400E+00        5.98103633603E+04
3.48000E+00        5.96587781937E+04
3.48600E+00        5.95077872503E+04
3.49200E+00        5.93572796567E+04
3.49800E+00        5.92073597367E+04
3.50400E+00        5.90579205841E+04
3.51000E+00        5.89090654271E+04
3.51600E+00        5.87606845296E+04
3.52200E+00        5.86128834238E+04
3.52800E+00        5.84655529300E+04
3.53400E+00        5.83187969378E+04
3.54000E+00        5.81725079404E+04
3.54600E+00        5.80267364399E+04
3.55200E+00        5.78815318669E+04
3.55800E+00        5.77367875384E+04
3.56400E+00        5.75925552432E+04
3.57000E+00        5.74488306060E+04
3.57600E+00        5.73056642312E+04
3.58200E+00        5.71629505110E+04
3.58800E+00        5.70207390943E+04
3.59400E+00        5.68790273036E+04
3.60000E+00        5.67378135600E+04
3.60600E+00        5.65970957478E+04
3.61200E+00        5.64568712209E+04
3.61800E+00        5.63171389622E+04
3.62400E+00        5.61779464502E+04
3.63000E+00        5.60391907312E+04
3.63600E+00        5.59009205052E+04
3.64200E+00        5.57630823761E+04
3.64800E+00        5.56257770890E+04
3.65400E+00        5.54889506087E+04
3.66000E+00        5.53526009050E+04
3.66600E+00        5.52167264846E+04
3.67200E+00        5.50813253314E+04
3.67800E+00        5.49463954384E+04
3.68400E+00        5.48119342837E+04
3.69000E+00        5.46778916370E+04
3.69600E+00        5.45443631717E+04
3.70200E+00        5.44112980291E+04
3.70800E+00        5.42786942463E+04
3.71400E+00        5.41465005424E+04
3.72000E+00        5.40148137459E+04
3.72600E+00        5.38835819580E+04
3.73200E+00        5.37528042815E+04
3.73800E+00        5.36224289201E+04
3.74400E+00        5.34925522935E+04
3.75000E+00        5.33630754301E+04
3.75600E+00        5.32340922484E+04
3.76200E+00        5.31055536628E+04
3.76800E+00        5.29774090269E+04
3.77400E+00        5.28497044608E+04
3.78000E+00        5.27224866384E+04
3.78600E+00        5.25957054484E+04
3.79200E+00        5.24693117531E+04
3.79800E+00        5.23433507405E+04
3.80400E+00        5.22178681537E+04
3.81000E+00        5.20927684223E+04
3.81600E+00        5.19681422667E+04
3.82200E+00        5.18438960752E+04
3.82800E+00        5.17201196439E+04
3.83400E+00        5.15967193239E+04
3.84000E+00        5.14737390806E+04
3.84600E+00        5.13512244143E+04
3.85200E+00        5.12290798998E+04
3.85800E+00        5.11073511595E+04
3.86400E+00        5.09860809387E+04
3.87000E+00        5.08651769439E+04
3.87600E+00        5.07446825376E+04
3.88200E+00        5.06246430818E+04
3.88800E+00        5.05049635590E+04
3.89400E+00        5.03856889706E+04
3.90000E+00        5.02668176184E+04
3.90600E+00        5.01483478121E+04
3.91200E+00        5.00302778691E+04
3.91800E+00        4.99126511012E+04
3.92400E+00        4.97953752866E+04
3.93000E+00        4.96784948111E+04
3.93600E+00        4.95620070728E+04
3.94200E+00        4.94459113755E+04
3.94800E+00        4.93302046657E+04
3.95400E+00        4.92148867313E+04
3.96000E+00        4.90999554787E+04
3.96600E+00        4.89854088258E+04
3.97200E+00        4.88712456364E+04
3.97800E+00        4.87574647770E+04
3.98400E+00        4.86440637234E+04
3.99000E+00        4.85310413583E+04
3.99600E+00        4.84183961045E+04
4.00200E+00        4.83061259311E+04
4.00800E+00        4.81942301995E+04
4.01400E+00        4.80827064330E+04
4.02000E+00        4.79715535449E+04
4.02600E+00        4.78607704518E+04
4.03200E+00        4.77503547046E+04
4.03800E+00        4.76403047801E+04
4.04400E+00        4.75306205240E+04
4.05000E+00        4.74212558685E+04
4.05600E+00        4.73122962437E+04
4.06200E+00        4.72036964102E+04
4.06800E+00        4.70954557795E+04
4.07400E+00        4.69875719666E+04
4.08000E+00        4.68800016958E+04
4.08600E+00        4.67728280912E+04
4.09200E+00        4.66660073432E+04
4.09800E+00        4.65595379947E+04
4.10400E+00        4.64533762879E+04
4.11000E+00        4.63476054913E+04
4.11600E+00        4.62421808804E+04
4.12200E+00        4.61370612154E+04
4.12800E+00        4.60323269994E+04
4.13400E+00        4.59279360229E+04
4.14000E+00        4.58238447016E+04
4.14600E+00        4.57201343201E+04
4.15200E+00        4.56167218573E+04
4.15800E+00        4.55136882305E+04
4.16400E+00        4.54109873808E+04
4.17000E+00        4.53085844771E+04
4.17600E+00        4.52065555548E+04
4.18200E+00        4.51048133717E+04
4.18800E+00        4.50034465797E+04
4.19400E+00        4.49023640184E+04
4.20000E+00        4.48016539476E+04
4.20600E+00        4.47012256227E+04
4.21200E+00        4.46011669142E+04
4.21800E+00        4.45013874907E+04
4.22400E+00        4.44019748353E+04
4.23000E+00        4.43028390276E+04
4.23600E+00        4.42040629443E+04
4.24200E+00        4.41055697376E+04
4.24800E+00        4.40074292562E+04
4.25400E+00        4.39095692225E+04
4.26000E+00        4.38120197004E+04
4.26600E+00        4.37148271806E+04
4.27200E+00        4.36179031590E+04
4.27800E+00        4.35212900324E+04
4.28400E+00        4.34249906865E+04
4.29000E+00        4.33289174740E+04
4.29600E+00        4.32298013513E+04
4.30200E+00        4.31265725387E+04
4.30800E+00        4.30383711482E+04
4.31400E+00        4.29399972961E+04
4.32000E+00        4.28458275923E+04
4.32600E+00        4.27241134385E+04
4.33200E+00        4.26566855246E+04
4.33800E+00        4.25591178109E+04
4.34400E+00        4.24564532558E+04
4.35000E+00        4.23552397914E+04
4.35600E+00        4.22716163387E+04
4.36200E+00        4.21768293731E+04
4.36800E+00        4.20819780592E+04
4.37400E+00        4.19507303440E+04
4.38000E+00        4.19059681968E+04
4.38600E+00        4.17857936720E+04
4.39200E+00        4.17220583824E+04
4.39800E+00        4.16011583024E+04
4.40400E+00        4.15363946150E+04
4.41000E+00        4.14452739384E+04
4.41600E+00        4.13427155465E+04
4.42200E+00        4.12647582994E+04
4.42800E+00        4.11776237591E+04
4.43400E+00        4.10774333423E+04
4.44000E+00        4.09791849020E+04
4.44600E+00        4.09057360717E+04
4.45200E+00        4.08184037229E+04
4.45800E+00        4.07312023983E+04
4.46400E+00        4.06444731399E+04
4.47000E+00        4.05537814961E+04
4.47600E+00        4.04645782296E+04
4.48200E+00        4.03728076083E+04
4.48800E+00        4.02838679387E+04
4.49400E+00        4.01995323214E+04
4.50000E+00        4.01074747853E+04
4.50600E+00        4.00238469157E+04
4.51200E+00        3.99422505852E+04
4.51800E+00        3.98615860726E+04
4.52400E+00        3.97381020798E+04
4.53000E+00        3.96977834171E+04
4.53600E+00        3.96127996969E+04
4.54200E+00        3.95280475562E+04
4.54800E+00        3.94471882940E+04
4.55400E+00        3.93552487692E+04
4.56000E+00        3.92741820067E+04
4.56600E+00        3.91760716341E+04
4.57200E+00        3.91071453897E+04
4.57800E+00        3.90283087858E+04
4.58400E+00        3.89348929777E+04
4.59000E+00        3.88566075933E+04
4.59600E+00        3.87775014631E+04
4.60200E+00        3.86523932051E+04
4.60800E+00        3.86133334953E+04
4.61400E+00        3.85341156644E+04
4.62000E+00        3.84356573197E+04
4.62600E+00        3.83702547272E+04
4.63200E+00        3.82969997623E+04
4.63800E+00        3.82191336321E+04
4.64400E+00        3.81319599298E+04
4.65000E+00        3.80534814251E+04
4.65600E+00        3.79885060969E+04
4.66200E+00        3.79131535623E+04
4.66800E+00        3.78251462243E+04
4.67400E+00        3.77238015798E+04
4.68000E+00        3.76638829849E+04
4.68600E+00        3.75967469213E+04
4.69200E+00        3.75090083739E+04
4.69800E+00        3.74339084216E+04
4.70400E+00        3.73630596747E+04
4.71000E+00        3.72793138566E+04
4.71600E+00        3.72018171023E+04
4.72200E+00        3.71294000630E+04
4.72800E+00        3.70514549026E+04
4.73400E+00        3.69669241288E+04
4.74000E+00        3.68958881067E+04
4.74600E+00        3.68182436914E+04
4.75200E+00        3.67471282457E+04
4.75800E+00        3.66687852984E+04
4.76400E+00        3.65745701666E+04
4.77000E+00        3.65245892954E+04
4.77600E+00        3.64430265494E+04
4.78200E+00        3.63646747348E+04
4.78800E+00        3.63022836186E+04
4.79400E+00        3.61782472830E+04
4.80000E+00        3.61431863929E+04
4.80600E+00        3.60789623263E+04
4.81200E+00        3.59779748672E+04
4.81800E+00        3.59331300851E+04
4.82400E+00        3.58384408294E+04
4.83000E+00        3.57885214471E+04
4.83600E+00        3.56767568572E+04
4.84200E+00        3.56369568397E+04
4.84800E+00        3.55731532835E+04
4.85400E+00        3.54755648440E+04
4.86000E+00        3.54284896225E+04
4.86600E+00        3.53436343392E+04
4.87200E+00        3.52816179646E+04
4.87800E+00        3.52040708234E+04
4.88400E+00        3.51190443565E+04
4.89000E+00        3.50731522019E+04
4.89600E+00        3.49971357248E+04
4.90200E+00        3.49343825520E+04
4.90800E+00        3.48478861386E+04
4.91400E+00        3.47890811776E+04
4.92000E+00        3.46659382785E+04
4.92600E+00        3.46424128879E+04
4.93200E+00        3.45688032066E+04
4.93800E+00        3.44598940448E+04
4.94400E+00        3.44404969197E+04
4.95000E+00        3.43786764310E+04
4.95600E+00        3.43052735298E+04
4.96200E+00        3.42403566540E+04
4.96800E+00        3.41576825639E+04
4.97400E+00        3.41094620455E+04
4.98000E+00        3.40130668907E+04
4.98600E+00        3.39731495698E+04
4.99200E+00        3.39024527215E+04
4.99800E+00        3.38419775470E+04
5.00400E+00        3.37683609879E+04
5.01000E+00        3.36562110582E+04
5.01600E+00        3.36304648427E+04
5.02200E+00        3.35593187001E+04
5.02800E+00        3.34910257043E+04
5.03400E+00        3.34426398867E+04
5.04000E+00        3.33539435343E+04
5.04600E+00        3.33104090210E+04
5.05200E+00        3.32385450002E+04
5.05800E+00        3.31784855997E+04
5.06400E+00        3.31108700848E+04
5.07000E+00        3.30490519827E+04
5.07600E+00        3.29900915177E+04
5.08200E+00        3.28963048047E+04
5.08800E+00        3.28624186457E+04
5.09400E+00        3.27551976927E+04
5.10000E+00        3.27322520973E+04
5.10600E+00        3.26573526991E+04
5.11200E+00        3.26058104844E+04
5.11800E+00        3.25254001367E+04
5.12400E+00        3.24767786337E+04
5.13000E+00        3.24138765674E+04
5.13600E+00        3.23556867854E+04
5.14200E+00        3.22948451319E+04
5.14800E+00        3.22307646698E+04
5.15400E+00        3.21736352762E+04
5.16000E+00        3.20835898385E+04
5.16600E+00        3.20509100683E+04
5.17200E+00        3.19740016938E+04
5.17800E+00        3.19276496418E+04
5.18400E+00        3.18553702441E+04
5.19000E+00        3.18010510193E+04
5.19600E+00        3.17433789435E+04
5.20200E+00        3.16723037700E+04
5.20800E+00        3.16114715561E+04
5.21400E+00        3.15559989987E+04
5.22000E+00        3.15025165335E+04
5.22600E+00        3.13930350589E+04
5.23200E+00        3.13203635658E+04
5.23800E+00        3.13219449075E+04
5.24400E+00        3.12593888718E+04
5.25000E+00        3.12004670734E+04
5.25600E+00        3.10851335555E+04
5.26200E+00        3.10641820695E+04
5.26800E+00        3.10222672436E+04
5.27400E+00        3.09297553845E+04
5.28000E+00        3.09048516753E+04
5.28600E+00        3.08417271710E+04
5.29200E+00        3.07774098898E+04
5.29800E+00        3.07365893067E+04
5.30400E+00        3.06713549154E+04
5.31000E+00        3.06163667438E+04
5.31600E+00        3.05436628958E+04
5.32200E+00        3.05011966450E+04
5.32800E+00        3.04486315451E+04
5.33400E+00        3.03925939947E+04
5.34000E+00        3.03238773763E+04
5.34600E+00        3.02725061404E+04
5.35200E+00        3.02155455765E+04
5.35800E+00        3.01594239586E+04
5.36400E+00        3.01090976761E+04
5.37000E+00        3.00509617041E+04
5.37600E+00        2.99974915036E+04
5.38200E+00        2.99393930291E+04
5.38800E+00        2.98679794729E+04
5.39400E+00        2.97956941503E+04
5.40000E+00        2.97755427848E+04
5.40600E+00        2.97189383072E+04
5.41200E+00        2.96563357403E+04
5.41800E+00        2.96040000728E+04
5.42400E+00        2.95517191002E+04
5.43000E+00        2.95011655808E+04
5.43600E+00        2.94457844692E+04
5.44200E+00        2.93894695076E+04
5.44800E+00        2.93378393151E+04
5.45400E+00        2.92764045490E+04
5.46000E+00        2.92229073351E+04
5.46600E+00        2.91642382681E+04
5.47200E+00        2.91135522281E+04
5.47800E+00        2.90676699301E+04
5.48400E+00        2.90150005025E+04
5.49000E+00        2.89444647289E+04
5.49600E+00        2.89091667673E+04
5.50200E+00        2.88563454611E+04
5.50800E+00        2.87976928025E+04
5.51400E+00        2.87507410152E+04
5.52000E+00        2.86983977012E+04
5.52600E+00        2.86426753446E+04
5.53200E+00        2.85912510359E+04
5.53800E+00        2.85419298218E+04
5.54400E+00        2.84871135977E+04
5.55000E+00        2.84346862588E+04
5.55600E+00        2.83861043030E+04
5.56200E+00        2.83262247128E+04
5.56800E+00        2.82458246151E+04
5.57400E+00        2.82302823925E+04
5.58000E+00        2.81375930065E+04
5.58600E+00        2.81290706573E+04
