wasp43b_ersspectra_bb_noLD/Noodles_2021-03-26/SED_07.dat
# %ECSV 0.9
# ---
# datatype:
# - {name: wavelength, unit: micron, datatype: float64}
# - {name: flux, unit: microJansky, datatype: float64}
# schema: astropy-2.0
#
#
#  - - File generated by ExoNoodle - -
#         V1.0.0 - MML (CEA-Saclay)
#       2021-03-25 15:37:33.308590
wavelength flux 
[from data line 1298]
1.07880E+01        8.74953936090E+03
1.07940E+01        8.74057496553E+03
1.08000E+01        8.73163226913E+03
1.08060E+01        8.72269529023E+03
1.08120E+01        8.71377198190E+03
1.08180E+01        8.70486231636E+03
1.08240E+01        8.69596626595E+03
1.08300E+01        8.68708380303E+03
1.08360E+01        8.67821490007E+03
1.08420E+01        8.66935952959E+03
1.08480E+01        8.66051766418E+03
1.08540E+01        8.65168927650E+03
1.08600E+01        8.64287433928E+03
1.08660E+01        8.63407282532E+03
1.08720E+01        8.62528470748E+03
1.08780E+01        8.61650995871E+03
1.08840E+01        8.60774855201E+03
1.08900E+01        8.59900046044E+03
1.08960E+01        8.59026565715E+03
1.09020E+01        8.58154411534E+03
1.09080E+01        8.57283580829E+03
1.09140E+01        8.56414070933E+03
1.09200E+01        8.55545879187E+03
1.09260E+01        8.54679318483E+03
1.09320E+01        8.53813754822E+03
1.09380E+01        8.52949501375E+03
1.09440E+01        8.52086555508E+03
1.09500E+01        8.51224914594E+03
1.09560E+01        8.50364576014E+03
1.09620E+01        8.49505537156E+03
1.09680E+01        8.48647795412E+03
1.09740E+01        8.47792130769E+03
1.09800E+01        8.46936966228E+03
1.09860E+01        8.46082326898E+03
1.09920E+01        8.45229747676E+03
1.09980E+01        8.44378452632E+03
1.10040E+01        8.43528439200E+03
1.10100E+01        8.42680474282E+03
1.10160E+01        8.41833015619E+03
1.10220E+01        8.40986830903E+03
1.10280E+01        8.40141917591E+03
1.10340E+01        8.39298273148E+03
1.10400E+01        8.38455895043E+03
1.10460E+01        8.37614780753E+03
1.10520E+01        8.36774927761E+03
1.10580E+01        8.35936333555E+03
1.10640E+01        8.35098995632E+03
1.10700E+01        8.34262911492E+03
1.10760E+01        8.33428078642E+03
1.10820E+01        8.32594494597E+03
1.10880E+01        8.31762156877E+03
1.10940E+01        8.30931063007E+03
1.11000E+01        8.30101210519E+03
1.11060E+01        8.29272596953E+03
1.11120E+01        8.28445219851E+03
1.11180E+01        8.27619384223E+03
1.11240E+01        8.26794472456E+03
1.11300E+01        8.25970035576E+03
1.11360E+01        8.25147580398E+03
1.11420E+01        8.24326349496E+03
1.11480E+01        8.23506340451E+03
1.11540E+01        8.22688302094E+03
1.11600E+01        8.21869978280E+03
1.11660E+01        8.21053620345E+03
1.11720E+01        8.20238474647E+03
1.11780E+01        8.19424538797E+03
1.11840E+01        8.18611810409E+03
1.11900E+01        8.17800287106E+03
1.11960E+01        8.16989966514E+03
1.12020E+01        8.16180846268E+03
1.12080E+01        8.15372924006E+03
1.12140E+01        8.14566197374E+03
1.12200E+01        8.13760664020E+03
1.12260E+01        8.12956321603E+03
1.12320E+01        8.12153167784E+03
1.12380E+01        8.11351192143E+03
1.12440E+01        8.10550408538E+03
1.12500E+01        8.09750806550E+03
1.12560E+01        8.08952383866E+03
1.12620E+01        8.08155138176E+03
1.12680E+01        8.07359067175E+03
1.12740E+01        8.06564168566E+03
1.12800E+01        8.05770440056E+03
1.12860E+01        8.04977879357E+03
1.12920E+01        8.04186484189E+03
1.12980E+01        8.03396252275E+03
1.13040E+01        8.02607181344E+03
1.13100E+01        8.01819269131E+03
1.13160E+01        8.01032812754E+03
1.13220E+01        8.00247210964E+03
1.13280E+01        7.99462761132E+03
1.13340E+01        7.98679461013E+03
1.13400E+01        7.97897308371E+03
1.13460E+01        7.97116300972E+03
1.13520E+01        7.96335701440E+03
1.13580E+01        7.95556978574E+03
1.13640E+01        7.94779394286E+03
1.13700E+01        7.94002946366E+03
1.13760E+01        7.93227632609E+03
1.13820E+01        7.92453450814E+03
1.13880E+01        7.91680398787E+03
1.13940E+01        7.90908474338E+03
1.14000E+01        7.90137675284E+03
1.14060E+01        7.89367999444E+03
1.14120E+01        7.88599444647E+03
1.14180E+01        7.87832008722E+03
1.14240E+01        7.87065689507E+03
1.14300E+01        7.86300477007E+03
1.14360E+01        7.85536384751E+03
1.14420E+01        7.84773402747E+03
1.14480E+01        7.84011528852E+03
1.14540E+01        7.83250760929E+03
1.14600E+01        7.82491096845E+03
1.14660E+01        7.81731820610E+03
1.14720E+01        7.80974358522E+03
1.14780E+01        7.80217993907E+03
1.14840E+01        7.79462724653E+03
1.14900E+01        7.78708548653E+03
1.14960E+01        7.77955463805E+03
1.15020E+01        7.77203460266E+03
1.15080E+01        7.76452551445E+03
1.15140E+01        7.75702727503E+03
1.15200E+01        7.74954277721E+03
1.15260E+01        7.74206617062E+03
1.15320E+01        7.73460035051E+03
1.15380E+01        7.72714529621E+03
1.15440E+01        7.71969393718E+03
1.15500E+01        7.71226035949E+03
1.15560E+01        7.70483748588E+03
1.15620E+01        7.69742529588E+03
1.15680E+01        7.69002369243E+03
1.15740E+01        7.68263280852E+03
1.15800E+01        7.67525254711E+03
1.15860E+01        7.66788288792E+03
1.15920E+01        7.66052381071E+03
1.15980E+01        7.65317529531E+03
1.16040E+01        7.64583732157E+03
1.16100E+01        7.63850986943E+03
1.16160E+01        7.63118594981E+03
1.16220E+01        7.62387948745E+03
1.16280E+01        7.61658348669E+03
1.16340E+01        7.60929785178E+03
1.16400E+01        7.60202271466E+03
1.16460E+01        7.59475797960E+03
1.16520E+01        7.58750362683E+03
1.16580E+01        7.58025963667E+03
1.16640E+01        7.57302598943E+03
1.16700E+01        7.56580266550E+03
1.16760E+01        7.55858964533E+03
1.16820E+01        7.55137993803E+03
1.16880E+01        7.54418747347E+03
1.16940E+01        7.53700525421E+03
1.17000E+01        7.52983326088E+03
1.17060E+01        7.52267147413E+03
1.17120E+01        7.51551987466E+03
1.17180E+01        7.50837844323E+03
1.17240E+01        7.50124716064E+03
1.17300E+01        7.49412789722E+03
1.17360E+01        7.48701088524E+03
1.17420E+01        7.47990993875E+03
1.17480E+01        7.47281906472E+03
1.17540E+01        7.46573824418E+03
1.17600E+01        7.45866745819E+03
1.17660E+01        7.45160668787E+03
1.17720E+01        7.44455591435E+03
1.17780E+01        7.43751511886E+03
1.17840E+01        7.43048428262E+03
1.17900E+01        7.42346331291E+03
1.17960E+01        7.41644556594E+03
1.18020E+01        7.40944450183E+03
1.18080E+01        7.40245332238E+03
1.18140E+01        7.39547200904E+03
1.18200E+01        7.38850054332E+03
1.18260E+01        7.38153890677E+03
1.18320E+01        7.37458708098E+03
1.18380E+01        7.36764497413E+03
1.18440E+01        7.36071271486E+03
1.18500E+01        7.35378349543E+03
1.18560E+01        7.34687073581E+03
1.18620E+01        7.33996769553E+03
1.18680E+01        7.33307435644E+03
1.18740E+01        7.32619070042E+03
1.18800E+01        7.31931663644E+03
1.18860E+01        7.31245229247E+03
1.18920E+01        7.30559757749E+03
1.18980E+01        7.29874580792E+03
1.19040E+01        7.29191030338E+03
1.19100E+01        7.28508437412E+03
1.19160E+01        7.27826800230E+03
1.19220E+01        7.27146109768E+03
1.19280E+01        7.26466378755E+03
1.19340E+01        7.25787598167E+03
1.19400E+01        7.25109766237E+03
1.19460E+01        7.24432219616E+03
1.19520E+01        7.23756555705E+03
1.19580E+01        7.23081559607E+03
1.19640E+01        7.22407505145E+03
1.19700E+01        7.21734383380E+03
1.19760E+01        7.21062206967E+03
1.19820E+01        7.20390966968E+03
1.19880E+01        7.19720004320E+03
1.19940E+01        7.19050632564E+03
1.20000E+01        7.18382192032E+03
1.20060E+01        7.17714681004E+03
1.20120E+01        7.17048090614E+03
1.20180E+01        7.16382433453E+03
1.20240E+01        7.15717700655E+03
1.20300E+01        7.15053237452E+03
1.20360E+01        7.14390348876E+03
1.20420E+01        7.13728379557E+03
1.20480E+01        7.13067320694E+03
1.20540E+01        7.12407184822E+03
1.20600E+01        7.11747963138E+03
1.20660E+01        7.11089004522E+03
1.20720E+01        7.10431606775E+03
1.20780E+01        7.09775118181E+03
1.20840E+01        7.09119537069E+03
1.20900E+01        7.08464854711E+03
1.20960E+01        7.07811083575E+03
1.21020E+01        7.07158214933E+03
1.21080E+01        7.06505601881E+03
1.21140E+01        7.05854533859E+03
1.21200E+01        7.05204363377E+03
1.21260E+01        7.04555081765E+03
1.21320E+01        7.03906701437E+03
1.21380E+01        7.03259213727E+03
1.21440E+01        7.02611975311E+03
1.21500E+01        7.01966268532E+03
1.21560E+01        7.01321449483E+03
1.21620E+01        7.00677509556E+03
1.21680E+01        7.00034461110E+03
1.21740E+01        6.99392559900E+03
1.21800E+01        6.98750640494E+03
1.21860E+01        6.98110236233E+03
1.21920E+01        6.97470710026E+03
1.21980E+01        6.96832053325E+03
1.22040E+01        6.96194278437E+03
1.22100E+01        6.95557376815E+03
1.22160E+01        6.94921346870E+03
1.22220E+01        6.94285552892E+03
1.22280E+01        6.93651255212E+03
1.22340E+01        6.93017831386E+03
1.22400E+01        6.92385272917E+03
1.22460E+01        6.91753578234E+03
1.22520E+01        6.91122114536E+03
1.22580E+01        6.90492143302E+03
1.22640E+01        6.89863024283E+03
1.22700E+01        6.89234769685E+03
1.22760E+01        6.88607371071E+03
1.22820E+01        6.87980826890E+03
1.22880E+01        6.87354507808E+03
1.22940E+01        6.86729661584E+03
1.23000E+01        6.86105672017E+03
1.23060E+01        6.85482530719E+03
1.23120E+01        6.84860236157E+03
1.23180E+01        6.84238161863E+03
1.23240E+01        6.83617556758E+03
1.23300E+01        6.82997787002E+03
1.23360E+01        6.82378864703E+03
1.23420E+01        6.81760781528E+03
1.23480E+01        6.81143535967E+03
1.23540E+01        6.80526504963E+03
1.23600E+01        6.79910923890E+03
1.23660E+01        6.79296182700E+03
1.23720E+01        6.78682273108E+03
1.23780E+01        6.78069193621E+03
1.23840E+01        6.77456324005E+03
1.23900E+01        6.76844894064E+03
1.23960E+01        6.76234296516E+03
1.24020E+01        6.75624523125E+03
1.24080E+01        6.75015572413E+03
1.24140E+01        6.74407086569E+03
1.24200E+01        6.73799770439E+03
1.24260E+01        6.73193279295E+03
1.24320E+01        6.72587604949E+03
1.24380E+01        6.71982745939E+03
1.24440E+01        6.71378087577E+03
1.24500E+01        6.70774848729E+03
1.24560E+01        6.70172427543E+03
1.24620E+01        6.69570815877E+03
1.24680E+01        6.68970012286E+03
1.24740E+01        6.68369404847E+03
1.24800E+01        6.67770206969E+03
1.24860E+01        6.67171819511E+03
1.24920E+01        6.66574234375E+03
1.24980E+01        6.65977450132E+03
1.25040E+01        6.65380857609E+03
1.25100E+01        6.64785664792E+03
1.25160E+01        6.64191275231E+03
1.25220E+01        6.63597680874E+03
1.25280E+01        6.63004274736E+03
1.25340E+01        6.62412267092E+03
1.25400E+01        6.61821043822E+03
1.25460E+01        6.61230616724E+03
1.25520E+01        6.60640977792E+03
1.25580E+01        6.60051522753E+03
1.25640E+01        6.59463456498E+03
1.25700E+01        6.58876167654E+03
1.25760E+01        6.58289667975E+03
1.25820E+01        6.57703949501E+03
1.25880E+01        6.57118410655E+03
1.25940E+01        6.56534244432E+03
1.26000E+01        6.55950861824E+03
1.26060E+01        6.55368254906E+03
1.26120E+01        6.54785824247E+03
1.26180E+01        6.54204765131E+03
1.26240E+01        6.53624471085E+03
1.26300E+01        6.53044953785E+03
1.26360E+01        6.52466205350E+03
1.26420E+01        6.51887629013E+03
1.26480E+01        6.51310414773E+03
1.26540E+01        6.50733973845E+03
1.26600E+01        6.50158524670E+03
1.26660E+01        6.49583007288E+03
1.26720E+01        6.49008844553E+03
1.26780E+01        6.48435434788E+03
1.26840E+01        6.47862789595E+03
1.26900E+01        6.47290901170E+03
1.26960E+01        6.46719177456E+03
1.27020E+01        6.46148799105E+03
1.27080E+01        6.45579167105E+03
1.27140E+01        6.45010293016E+03
1.27200E+01        6.44441580430E+03
1.27260E+01        6.43874205846E+03
1.27320E+01        6.43307572370E+03
1.27380E+01        6.42741691527E+03
1.27440E+01        6.42175969017E+03
1.27500E+01        6.41611577202E+03
1.27560E+01        6.41047921299E+03
1.27620E+01        6.40485012798E+03
1.27680E+01        6.39922844007E+03
1.27740E+01        6.39360829633E+03
1.27800E+01        6.38800136902E+03
1.27860E+01        6.38240173650E+03
1.27920E+01        6.37680951325E+03
1.27980E+01        6.37121880322E+03
1.28040E+01        6.36564123783E+03
1.28100E+01        6.36007091627E+03
1.28160E+01        6.35450795268E+03
1.28220E+01        6.34894647171E+03
1.28280E+01        6.34339806415E+03
1.28340E+01        6.33785684989E+03
1.28400E+01        6.33232294275E+03
1.28460E+01        6.32679048795E+03
1.28520E+01        6.32127103587E+03
1.28580E+01        6.31575872700E+03
1.28640E+01        6.31025367485E+03
1.28700E+01        6.30475004509E+03
1.28760E+01        6.29925934791E+03
1.28820E+01        6.29377574428E+03
1.28880E+01        6.28829934738E+03
1.28940E+01        6.28282434327E+03
1.29000E+01        6.27736220211E+03
1.29060E+01        6.27190710529E+03
1.29120E+01        6.26646160658E+03
1.29180E+01        6.26101502832E+03
1.29240E+01        6.25558124433E+03
1.29300E+01        6.25015445587E+03
1.29360E+01        6.24473477547E+03
1.29420E+01        6.23931642920E+03
1.29480E+01        6.23391080863E+03
1.29540E+01        6.22851219733E+03
1.29600E+01        6.22312052117E+03
1.29660E+01        6.21773021258E+03
1.29720E+01        6.21235256166E+03
1.29780E+01        6.20698180994E+03
1.29840E+01        6.20161240435E+03
1.29900E+01        6.19625560573E+03
1.29960E+01        6.19090573233E+03
1.30020E+01        6.18556271057E+03
1.30080E+01        6.18022100663E+03
1.30140E+01        6.17489184251E+03
1.30200E+01        6.16956955615E+03
1.30260E+01        6.16425407429E+03
1.30320E+01        6.15893988223E+03
1.30380E+01        6.15363816335E+03
1.30440E+01        6.14834327518E+03
1.30500E+01        6.14304953338E+03
1.30560E+01        6.13776827642E+03
1.30620E+01        6.13249381513E+03
1.30680E+01        6.12722613790E+03
1.30740E+01        6.12195957997E+03
1.30800E+01        6.11670544091E+03
1.30860E+01        6.11145805117E+03
1.30920E+01        6.10621739922E+03
1.30980E+01        6.10097783980E+03
1.31040E+01        6.09575063378E+03
1.31100E+01        6.09053013111E+03
1.31160E+01        6.08531070109E+03
1.31220E+01        6.08010357567E+03
1.31280E+01        6.07490311939E+03
1.31340E+01        6.06970932088E+03
1.31400E+01        6.06451656876E+03
1.31460E+01        6.05933605662E+03
1.31520E+01        6.05416216833E+03
1.31580E+01        6.04899489263E+03
1.31640E+01        6.04382863734E+03
1.31700E+01        6.03867692331E+03
1.31760E+01        6.03352942119E+03
1.31820E+01        6.02838291978E+03
1.31880E+01        6.02324854683E+03
1.31940E+01        6.01812071939E+03
1.32000E+01        6.01299942637E+03
1.32060E+01        6.00787910859E+03
1.32120E+01        6.00277085595E+03
1.32180E+01        5.99766910459E+03
1.32240E+01        5.99256836929E+03
1.32300E+01        5.98747953244E+03
1.32360E+01        5.98239722368E+03
1.32420E+01        5.97731591207E+03
1.32480E+01        5.97224645230E+03
1.32540E+01        5.96718348773E+03
1.32600E+01        5.96212694791E+03
1.32660E+01        5.95707138023E+03
1.32720E+01        5.95202760266E+03
1.32780E+01        5.94699027677E+03
1.32840E+01        5.94195390446E+03
1.32900E+01        5.93692933545E+03
1.32960E+01        5.93191106731E+03
1.33020E+01        5.92689920771E+03
1.33080E+01        5.92188827717E+03
1.33140E+01        5.91688902977E+03
1.33200E+01        5.91189615878E+03
1.33260E+01        5.90690419862E+03
1.33320E+01        5.90192387620E+03
1.33380E+01        5.89694989825E+03
1.33440E+01        5.89198219531E+03
1.33500E+01        5.88701537915E+03
1.33560E+01        5.88206014057E+03
1.33620E+01        5.87711120419E+03
1.33680E+01        5.87216313672E+03
