wasp43b_ersspectra_bb_noLD/Noodles_2021-03-26/SED_02.dat
# %ECSV 0.9
# ---
# datatype:
# - {name: wavelength, unit: micron, datatype: float64}
# - {name: flux, unit: microJansky, datatype: float64}
# schema: astropy-2.0
#
#
#  - - File generated by ExoNoodle - -
#         V1.0.0 - MML (CEA-Saclay)
#       2021-03-25 15:37:33.308590
wavelength flux 
[from data line 865]
8.19000E+00        1.44073806901E+04
8.19600E+00        1.43884874929E+04
8.20200E+00        1.43696335660E+04
8.20800E+00        1.43508164351E+04
8.21400E+00        1.43320336389E+04
8.22000E+00        1.43132898187E+04
8.22600E+00        1.42945801504E+04
8.23200E+00        1.42759092636E+04
8.23800E+00        1.42572723471E+04
8.24400E+00        1.42386740189E+04
8.25000E+00        1.42201213189E+04
8.25600E+00        1.42015951612E+04
8.26200E+00        1.41831026141E+04
8.26800E+00        1.41646482722E+04
8.27400E+00        1.41462273628E+04
8.28000E+00        1.41278444689E+04
8.28600E+00        1.41094948306E+04
8.29200E+00        1.40911830193E+04
8.29800E+00        1.40729042877E+04
8.30400E+00        1.40546631957E+04
8.31000E+00        1.40364550088E+04
8.31600E+00        1.40182842753E+04
8.32200E+00        1.40001462733E+04
8.32800E+00        1.39820455397E+04
8.33400E+00        1.39639773650E+04
8.34000E+00        1.39459462750E+04
8.34600E+00        1.39279475725E+04
8.35200E+00        1.39099857719E+04
8.35800E+00        1.38920677537E+04
8.36400E+00        1.38741748758E+04
8.37000E+00        1.38563140460E+04
8.37600E+00        1.38384874710E+04
8.38200E+00        1.38206973460E+04
8.38800E+00        1.38029390174E+04
8.39400E+00        1.37852169600E+04
8.40000E+00        1.37675265325E+04
8.40600E+00        1.37498721984E+04
8.41200E+00        1.37322493288E+04
8.41800E+00        1.37146623761E+04
8.42400E+00        1.36971067234E+04
8.43000E+00        1.36795868121E+04
8.43600E+00        1.36620980374E+04
8.44200E+00        1.36446448297E+04
8.44800E+00        1.36272225963E+04
8.45400E+00        1.36098335094E+04
8.46000E+00        1.35924797298E+04
8.46600E+00        1.35751566829E+04
8.47200E+00        1.35578687716E+04
8.47800E+00        1.35406114333E+04
8.48400E+00        1.35233890598E+04
8.49000E+00        1.35061971005E+04
8.49600E+00        1.34890399364E+04
8.50200E+00        1.34719130287E+04
8.50800E+00        1.34548207477E+04
8.51400E+00        1.34377585662E+04
8.52000E+00        1.34207286278E+04
8.52600E+00        1.34037330650E+04
8.53200E+00        1.33867673685E+04
8.53800E+00        1.33698358815E+04
8.54400E+00        1.33529341065E+04
8.55000E+00        1.33360774778E+04
8.55600E+00        1.33192282039E+04
8.56200E+00        1.33024327899E+04
8.56800E+00        1.32856600868E+04
8.57400E+00        1.32689167141E+04
8.58000E+00        1.32522069776E+04
8.58600E+00        1.32355264205E+04
8.59200E+00        1.32188771555E+04
8.59800E+00        1.32022612849E+04
8.60400E+00        1.31856743688E+04
8.61000E+00        1.31691206870E+04
8.61600E+00        1.31525958111E+04
8.62200E+00        1.31361018415E+04
8.62800E+00        1.31196408678E+04
8.63400E+00        1.31032084787E+04
8.64000E+00        1.30868089279E+04
8.64600E+00        1.30704378154E+04
8.65200E+00        1.30540993844E+04
8.65800E+00        1.30377892462E+04
8.66400E+00        1.30215094838E+04
8.67000E+00        1.30052621697E+04
8.67600E+00        1.29890429318E+04
8.68200E+00        1.29728559878E+04
8.68800E+00        1.29566969770E+04
8.69400E+00        1.29405679699E+04
8.70000E+00        1.29244710268E+04
8.70600E+00        1.29084018037E+04
8.71200E+00        1.28923644924E+04
8.71800E+00        1.28763547602E+04
8.72400E+00        1.28603746653E+04
8.73000E+00        1.28444262560E+04
8.73600E+00        1.28285052157E+04
8.74200E+00        1.28126135957E+04
8.74800E+00        1.27967534368E+04
8.75400E+00        1.27809204390E+04
8.76000E+00        1.27651187539E+04
8.76600E+00        1.27493440923E+04
8.77200E+00        1.27335984934E+04
8.77800E+00        1.27178839860E+04
8.78400E+00        1.27021962975E+04
8.79000E+00        1.26865374596E+04
8.79600E+00        1.26709094943E+04
8.80200E+00        1.26553081448E+04
8.80800E+00        1.26397375229E+04
8.81400E+00        1.26241933826E+04
8.82000E+00        1.26086777440E+04
8.82600E+00        1.25931926171E+04
8.83200E+00        1.25777337720E+04
8.83800E+00        1.25623032217E+04
8.84400E+00        1.25469029692E+04
8.85000E+00        1.25315288004E+04
8.85600E+00        1.25161827215E+04
8.86200E+00        1.25008667283E+04
8.86800E+00        1.24855766227E+04
8.87400E+00        1.24703164625E+04
8.88000E+00        1.24550820602E+04
8.88600E+00        1.24398754099E+04
8.89200E+00        1.24246984962E+04
8.89800E+00        1.24095471470E+04
8.90400E+00        1.23944233498E+04
8.91000E+00        1.23793290820E+04
8.91600E+00        1.23642601874E+04
8.92200E+00        1.23492083666E+04
8.92800E+00        1.23342064293E+04
8.93400E+00        1.23192193957E+04
8.94000E+00        1.23042595190E+04
8.94600E+00        1.22893287631E+04
8.95200E+00        1.22744230025E+04
8.95800E+00        1.22595442040E+04
8.96400E+00        1.22446943245E+04
8.97000E+00        1.22298590738E+04
8.97600E+00        1.22150709525E+04
8.98200E+00        1.22002912145E+04
8.98800E+00        1.21855462688E+04
8.99400E+00        1.21708279005E+04
9.00000E+00        1.21561380532E+04
9.00600E+00        1.21414726473E+04
9.01200E+00        1.21268336291E+04
9.01800E+00        1.21122229355E+04
9.02400E+00        1.20976365019E+04
9.03000E+00        1.20830762680E+04
9.03600E+00        1.20685441639E+04
9.04200E+00        1.20540361402E+04
9.04800E+00        1.20395541297E+04
9.05400E+00        1.20251000561E+04
9.06000E+00        1.20106798823E+04
9.06600E+00        1.19962755274E+04
9.07200E+00        1.19818989180E+04
9.07800E+00        1.19675360727E+04
9.08400E+00        1.19532088464E+04
9.09000E+00        1.19389072048E+04
9.09600E+00        1.19246330562E+04
9.10200E+00        1.19103824003E+04
9.10800E+00        1.18961670505E+04
9.11400E+00        1.18819690920E+04
9.12000E+00        1.18677944534E+04
9.12600E+00        1.18536450393E+04
9.13200E+00        1.18395128896E+04
9.13800E+00        1.18254235987E+04
9.14400E+00        1.18113494992E+04
9.15000E+00        1.17973023351E+04
9.15600E+00        1.17832781498E+04
9.16200E+00        1.17692788347E+04
9.16800E+00        1.17553043315E+04
9.17400E+00        1.17413565203E+04
9.18000E+00        1.17274314639E+04
9.18600E+00        1.17135310451E+04
9.19200E+00        1.16996571377E+04
9.19800E+00        1.16858058189E+04
9.20400E+00        1.16719789649E+04
9.21000E+00        1.16581784432E+04
9.21600E+00        1.16444003452E+04
9.22200E+00        1.16306465408E+04
9.22800E+00        1.16169169735E+04
9.23400E+00        1.16032135020E+04
9.24000E+00        1.15895322367E+04
9.24600E+00        1.15758750391E+04
9.25200E+00        1.15622437620E+04
9.25800E+00        1.15486345295E+04
9.26400E+00        1.15350491969E+04
9.27000E+00        1.15214877087E+04
9.27600E+00        1.15079519092E+04
9.28200E+00        1.14944379412E+04
9.28800E+00        1.14809476518E+04
9.29400E+00        1.14674828790E+04
9.30000E+00        1.14540397796E+04
9.30600E+00        1.14406201943E+04
9.31200E+00        1.14272240686E+04
9.31800E+00        1.14138532324E+04
9.32400E+00        1.14005038608E+04
9.33000E+00        1.13871777863E+04
9.33600E+00        1.13738768327E+04
9.34200E+00        1.13605971887E+04
9.34800E+00        1.13473501256E+04
9.35400E+00        1.13341166890E+04
9.36000E+00        1.13209081507E+04
9.36600E+00        1.13077207175E+04
9.37200E+00        1.12945562075E+04
9.37800E+00        1.12814145679E+04
9.38400E+00        1.12682976065E+04
9.39000E+00        1.12552015479E+04
9.39600E+00        1.12421282023E+04
9.40200E+00        1.12290775175E+04
9.40800E+00        1.12160512931E+04
9.41400E+00        1.12030457717E+04
9.42000E+00        1.11900627555E+04
9.42600E+00        1.11771040379E+04
9.43200E+00        1.11641658750E+04
9.43800E+00        1.11512593445E+04
9.44400E+00        1.11383658212E+04
9.45000E+00        1.11254963831E+04
9.45600E+00        1.11126473039E+04
9.46200E+00        1.10998203717E+04
9.46800E+00        1.10870155359E+04
9.47400E+00        1.10742345742E+04
9.48000E+00        1.10614737778E+04
9.48600E+00        1.10487349269E+04
9.49200E+00        1.10360179715E+04
9.49800E+00        1.10233246815E+04
9.50400E+00        1.10106513655E+04
9.51000E+00        1.09980089497E+04
9.51600E+00        1.09853808798E+04
9.52200E+00        1.09727726418E+04
9.52800E+00        1.09601860022E+04
9.53400E+00        1.09476209119E+04
9.54000E+00        1.09350791273E+04
9.54600E+00        1.09225569871E+04
9.55200E+00        1.09100562499E+04
9.55800E+00        1.08975768673E+04
9.56400E+00        1.08851205879E+04
9.57000E+00        1.08726837675E+04
9.57600E+00        1.08602771962E+04
9.58200E+00        1.08478827375E+04
9.58800E+00        1.08355093929E+04
9.59400E+00        1.08231589016E+04
9.60000E+00        1.08108276405E+04
9.60600E+00        1.07985173511E+04
9.61200E+00        1.07862279859E+04
9.61800E+00        1.07739612766E+04
9.62400E+00        1.07617136168E+04
9.63000E+00        1.07494867403E+04
9.63600E+00        1.07372806004E+04
9.64200E+00        1.07250969208E+04
9.64800E+00        1.07129410287E+04
9.65400E+00        1.07007968072E+04
9.66000E+00        1.06886731365E+04
9.66600E+00        1.06765717331E+04
9.67200E+00        1.06644890240E+04
9.67800E+00        1.06524267279E+04
9.68400E+00        1.06403847991E+04
9.69000E+00        1.06283631919E+04
9.69600E+00        1.06163636135E+04
9.70200E+00        1.06043825115E+04
9.70800E+00        1.05924215952E+04
9.71400E+00        1.05804896256E+04
9.72000E+00        1.05685689355E+04
9.72600E+00        1.05566700390E+04
9.73200E+00        1.05447894039E+04
9.73800E+00        1.05329287304E+04
9.74400E+00        1.05210879739E+04
9.75000E+00        1.05092688250E+04
9.75600E+00        1.04974677678E+04
9.76200E+00        1.04856864951E+04
9.76800E+00        1.04739249628E+04
9.77400E+00        1.04621831271E+04
9.78000E+00        1.04504713672E+04
9.78600E+00        1.04387687819E+04
9.79200E+00        1.04270857624E+04
9.79800E+00        1.04154222654E+04
9.80400E+00        1.04037782475E+04
9.81000E+00        1.03921553811E+04
9.81600E+00        1.03805501904E+04
9.82200E+00        1.03689643498E+04
9.82800E+00        1.03573978165E+04
9.83400E+00        1.03458591586E+04
9.84000E+00        1.03343328085E+04
9.84600E+00        1.03228239303E+04
9.85200E+00        1.03113341896E+04
9.85800E+00        1.02998635441E+04
9.86400E+00        1.02884119518E+04
9.87000E+00        1.02769810671E+04
9.87600E+00        1.02655674535E+04
9.88200E+00        1.02541727675E+04
9.88800E+00        1.02428054922E+04
9.89400E+00        1.02314485273E+04
9.90000E+00        1.02201120525E+04
9.90600E+00        1.02087926506E+04
9.91200E+00        1.01974919694E+04
9.91800E+00        1.01862099679E+04
9.92400E+00        1.01749466050E+04
9.93000E+00        1.01637035177E+04
9.93600E+00        1.01524773080E+04
9.94200E+00        1.01412780549E+04
9.94800E+00        1.01300888284E+04
9.95400E+00        1.01189180376E+04
9.96000E+00        1.01077656421E+04
9.96600E+00        1.00966332684E+04
9.97200E+00        1.00855175414E+04
9.97800E+00        1.00744200897E+04
9.98400E+00        1.00633408732E+04
9.99000E+00        1.00522798524E+04
9.99600E+00        1.00412453444E+04
1.00020E+01        1.00302222425E+04
1.00080E+01        1.00192155602E+04
1.00140E+01        1.00082269156E+04
1.00200E+01        9.99725626961E+03
1.00260E+01        9.98630358306E+03
1.00320E+01        9.97537046358E+03
1.00380E+01        9.96445357727E+03
1.00440E+01        9.95356281758E+03
1.00500E+01        9.94268156913E+03
1.00560E+01        9.93181808626E+03
1.00620E+01        9.92097233050E+03
1.00680E+01        9.91014589930E+03
1.00740E+01        9.89933548096E+03
1.00800E+01        9.88854267494E+03
1.00860E+01        9.87776744318E+03
1.00920E+01        9.86701795945E+03
1.00980E+01        9.85627775352E+03
1.01040E+01        9.84555663346E+03
1.01100E+01        9.83485130955E+03
1.01160E+01        9.82416337117E+03
1.01220E+01        9.81349278086E+03
1.01280E+01        9.80283950129E+03
1.01340E+01        9.79220349520E+03
1.01400E+01        9.78159286598E+03
1.01460E+01        9.77099289951E+03
1.01520E+01        9.76040848080E+03
1.01580E+01        9.74984118760E+03
1.01640E+01        9.73929098314E+03
1.01700E+01        9.72875783077E+03
1.01760E+01        9.71824169394E+03
1.01820E+01        9.70774413856E+03
1.01880E+01        9.69726192178E+03
1.01940E+01        9.68680467302E+03
1.02000E+01        9.67635622426E+03
1.02060E+01        9.66592460972E+03
1.02120E+01        9.65550979341E+03
1.02180E+01        9.64511173947E+03
1.02240E+01        9.63473200241E+03
1.02300E+01        9.62436736420E+03
1.02360E+01        9.61401938127E+03
1.02420E+01        9.60369601046E+03
1.02480E+01        9.59338122310E+03
1.02540E+01        9.58308298480E+03
1.02600E+01        9.57280126035E+03
1.02660E+01        9.56253601462E+03
1.02720E+01        9.55228878927E+03
1.02780E+01        9.54205639427E+03
1.02840E+01        9.53184037317E+03
1.02900E+01        9.52164069119E+03
1.02960E+01        9.51146522919E+03
1.03020E+01        9.50129811310E+03
1.03080E+01        9.49114723244E+03
1.03140E+01        9.48101411771E+03
1.03200E+01        9.47089560312E+03
1.03260E+01        9.46079322104E+03
1.03320E+01        9.45070693734E+03
1.03380E+01        9.44063671800E+03
1.03440E+01        9.43058252907E+03
1.03500E+01        9.42054433670E+03
1.03560E+01        9.41052993853E+03
1.03620E+01        9.40052518135E+03
1.03680E+01        9.39053476642E+03
1.03740E+01        9.38056021354E+03
1.03800E+01        9.37060148928E+03
1.03860E+01        9.36065856032E+03
1.03920E+01        9.35073139343E+03
1.03980E+01        9.34081995544E+03
1.04040E+01        9.33092421329E+03
1.04100E+01        9.32105189089E+03
1.04160E+01        9.31118897022E+03
1.04220E+01        9.30134010825E+03
1.04280E+01        9.29150681074E+03
1.04340E+01        9.28168904506E+03
1.04400E+01        9.27188677864E+03
1.04460E+01        9.26209997904E+03
1.04520E+01        9.25232861387E+03
1.04580E+01        9.24257265082E+03
1.04640E+01        9.23283205770E+03
1.04700E+01        9.22310680236E+03
1.04760E+01        9.21340604067E+03
1.04820E+01        9.20371135518E+03
1.04880E+01        9.19403191161E+03
1.04940E+01        9.18436767815E+03
1.05000E+01        9.17471862310E+03
1.05060E+01        9.16508471482E+03
1.05120E+01        9.15546592176E+03
1.05180E+01        9.14586221246E+03
1.05240E+01        9.13627355552E+03
1.05300E+01        9.12670142603E+03
1.05360E+01        9.11714277841E+03
1.05420E+01        9.10759908949E+03
1.05480E+01        9.09807789932E+03
1.05540E+01        9.08856402675E+03
1.05600E+01        9.07906501994E+03
1.05660E+01        9.06958084805E+03
1.05720E+01        9.06011148036E+03
1.05780E+01        9.05065688618E+03
1.05840E+01        9.04121703494E+03
1.05900E+01        9.03179189613E+03
1.05960E+01        9.02238143932E+03
1.06020E+01        9.01298563416E+03
1.06080E+01        9.00360593641E+03
1.06140E+01        8.99423934225E+03
1.06200E+01        8.98489478601E+03
1.06260E+01        8.97555727617E+03
1.06320E+01        8.96623426740E+03
1.06380E+01        8.95692572982E+03
1.06440E+01        8.94763163362E+03
1.06500E+01        8.93835194906E+03
1.06560E+01        8.92908664649E+03
1.06620E+01        8.91983569632E+03
1.06680E+01        8.91059906906E+03
1.06740E+01        8.90137673526E+03
1.06800E+01        8.89216866558E+03
1.06860E+01        8.88297629684E+03
1.06920E+01        8.87379666611E+03
1.06980E+01        8.86463121187E+03
1.07040E+01        8.85547990508E+03
1.07100E+01        8.84634271675E+03
1.07160E+01        8.83721961797E+03
1.07220E+01        8.82811057991E+03
1.07280E+01        8.81901557381E+03
1.07340E+01        8.80994190208E+03
1.07400E+01        8.80087486634E+03
1.07460E+01        8.79182177672E+03
1.07520E+01        8.78278260475E+03
1.07580E+01        8.77375732203E+03
1.07640E+01        8.76474590024E+03
1.07700E+01        8.75574831111E+03
1.07760E+01        8.74676452648E+03
