wasp43b_ersspectra_bb_noLD/Noodles_2021-03-26/SED_04.dat
# %ECSV 0.9
# ---
# datatype:
# - {name: wavelength, unit: micron, datatype: float64}
# - {name: flux, unit: microJansky, datatype: float64}
# schema: astropy-2.0
#
#
#  - - File generated by ExoNoodle - -
#         V1.0.0 - MML (CEA-Saclay)
#       2021-03-25 15:37:33.308590
wavelength flux 
[from data line 865]
8.19000E+00        1.44256971228E+04
8.19600E+00        1.44067798880E+04
8.20200E+00        1.43879075198E+04
8.20800E+00        1.43690719799E+04
8.21400E+00        1.43502652720E+04
8.22000E+00        1.43315031144E+04
8.22600E+00        1.43127696204E+04
8.23200E+00        1.42940804674E+04
8.23800E+00        1.42754198106E+04
8.24400E+00        1.42568032870E+04
8.25000E+00        1.42382214403E+04
8.25600E+00        1.42196771649E+04
8.26200E+00        1.42011610543E+04
8.26800E+00        1.41826886648E+04
8.27400E+00        1.41642442762E+04
8.28000E+00        1.41458434045E+04
8.28600E+00        1.41274703707E+04
8.29200E+00        1.41091406509E+04
8.29800E+00        1.40908386072E+04
8.30400E+00        1.40725796759E+04
8.31000E+00        1.40543482598E+04
8.31600E+00        1.40361597556E+04
8.32200E+00        1.40179986070E+04
8.32800E+00        1.39998801709E+04
8.33400E+00        1.39817889319E+04
8.34000E+00        1.39637402074E+04
8.34600E+00        1.39457185223E+04
8.35200E+00        1.39277391549E+04
8.35800E+00        1.39097928707E+04
8.36400E+00        1.38918825001E+04
8.37000E+00        1.38739988569E+04
8.37600E+00        1.38561495123E+04
8.38200E+00        1.38383419984E+04
8.38800E+00        1.38205609805E+04
8.39400E+00        1.38028216006E+04
8.40000E+00        1.37851085637E+04
8.40600E+00        1.37674369733E+04
8.41200E+00        1.37497915738E+04
8.41800E+00        1.37321874305E+04
8.42400E+00        1.37146093271E+04
8.43000E+00        1.36970722906E+04
8.43600E+00        1.36795611440E+04
8.44200E+00        1.36620908762E+04
8.44800E+00        1.36446463494E+04
8.45400E+00        1.36272350114E+04
8.46000E+00        1.36098642721E+04
8.46600E+00        1.35925190520E+04
8.47200E+00        1.35752142452E+04
8.47800E+00        1.35579348111E+04
8.48400E+00        1.35406956061E+04
8.49000E+00        1.35234816282E+04
8.49600E+00        1.35063076962E+04
8.50200E+00        1.34891588465E+04
8.50800E+00        1.34720498608E+04
8.51400E+00        1.34549658138E+04
8.52000E+00        1.34379140512E+04
8.52600E+00        1.34209018814E+04
8.53200E+00        1.34039144364E+04
8.53800E+00        1.33869664050E+04
8.54400E+00        1.33700429569E+04
8.55000E+00        1.33531646961E+04
8.55600E+00        1.33362989741E+04
8.56200E+00        1.33194768660E+04
8.56800E+00        1.33026877831E+04
8.57400E+00        1.32859229340E+04
8.58000E+00        1.32691968791E+04
8.58600E+00        1.32524949198E+04
8.59200E+00        1.32358242929E+04
8.59800E+00        1.32191921985E+04
8.60400E+00        1.32025839941E+04
8.61000E+00        1.31860141492E+04
8.61600E+00        1.31694680582E+04
8.62200E+00        1.31529529131E+04
8.62800E+00        1.31364758698E+04
8.63400E+00        1.31200223781E+04
8.64000E+00        1.31036068175E+04
8.64600E+00        1.30872146748E+04
8.65200E+00        1.30708602936E+04
8.65800E+00        1.30545291972E+04
8.66400E+00        1.30382285156E+04
8.67000E+00        1.30219653432E+04
8.67600E+00        1.30057252578E+04
8.68200E+00        1.29895225143E+04
8.68800E+00        1.29733427270E+04
8.69400E+00        1.29571929821E+04
8.70000E+00        1.29410803304E+04
8.70600E+00        1.29249904401E+04
8.71200E+00        1.29089374783E+04
8.71800E+00        1.28929071492E+04
8.72400E+00        1.28769064957E+04
8.73000E+00        1.28609425255E+04
8.73600E+00        1.28450009964E+04
8.74200E+00        1.28290889254E+04
8.74800E+00        1.28132132947E+04
8.75400E+00        1.27973599153E+04
8.76000E+00        1.27815428153E+04
8.76600E+00        1.27657478411E+04
8.77200E+00        1.27499819670E+04
8.77800E+00        1.27342521328E+04
8.78400E+00        1.27185442376E+04
8.79000E+00        1.27028652303E+04
8.79600E+00        1.26872220253E+04
8.80200E+00        1.26716005744E+04
8.80800E+00        1.26560147687E+04
8.81400E+00        1.26404505947E+04
8.82000E+00        1.26249149591E+04
8.82600E+00        1.26094147347E+04
8.83200E+00        1.25939359599E+04
8.83800E+00        1.25784855163E+04
8.84400E+00        1.25630702518E+04
8.85000E+00        1.25476762567E+04
8.85600E+00        1.25323103875E+04
8.86200E+00        1.25169794672E+04
8.86800E+00        1.25016696377E+04
8.87400E+00        1.24863946049E+04
8.88000E+00        1.24711405446E+04
8.88600E+00        1.24559142722E+04
8.89200E+00        1.24407225697E+04
8.89800E+00        1.24255516640E+04
8.90400E+00        1.24104083458E+04
8.91000E+00        1.23952993726E+04
8.91600E+00        1.23802110220E+04
8.92200E+00        1.23651445490E+04
8.92800E+00        1.23501232205E+04
8.93400E+00        1.23351168309E+04
8.94000E+00        1.23201376333E+04
8.94600E+00        1.23051923368E+04
8.95200E+00        1.22902673194E+04
8.95800E+00        1.22753692989E+04
8.96400E+00        1.22605049603E+04
8.97000E+00        1.22456552737E+04
8.97600E+00        1.22308433065E+04
8.98200E+00        1.22160539012E+04
8.98800E+00        1.22012898894E+04
8.99400E+00        1.21865524894E+04
9.00000E+00        1.21718483386E+04
9.00600E+00        1.21571639638E+04
9.01200E+00        1.21425060110E+04
9.01800E+00        1.21278810935E+04
9.02400E+00        1.21132757877E+04
9.03000E+00        1.20986967153E+04
9.03600E+00        1.20841504667E+04
9.04200E+00        1.20696236665E+04
9.04800E+00        1.20551229133E+04
9.05400E+00        1.20406547737E+04
9.06000E+00        1.20262112810E+04
9.06600E+00        1.20117882840E+04
9.07200E+00        1.19973976922E+04
9.07800E+00        1.19830208867E+04
9.08400E+00        1.19686751069E+04
9.09000E+00        1.19543549451E+04
9.09600E+00        1.19400669135E+04
9.10200E+00        1.19257977979E+04
9.10800E+00        1.19115594278E+04
9.11400E+00        1.18973476687E+04
9.12000E+00        1.18831546689E+04
9.12600E+00        1.18689869262E+04
9.13200E+00        1.18548456235E+04
9.13800E+00        1.18407334922E+04
9.14400E+00        1.18266411564E+04
9.15000E+00        1.18125803433E+04
9.15600E+00        1.17985379809E+04
9.16200E+00        1.17845205210E+04
9.16800E+00        1.17705279050E+04
9.17400E+00        1.17565665467E+04
9.18000E+00        1.17426234363E+04
9.18600E+00        1.17287049955E+04
9.19200E+00        1.17148176154E+04
9.19800E+00        1.17009483328E+04
9.20400E+00        1.16871035468E+04
9.21000E+00        1.16732896262E+04
9.21600E+00        1.16594936541E+04
9.22200E+00        1.16457220073E+04
9.22800E+00        1.16319746288E+04
9.23400E+00        1.16182578579E+04
9.24000E+00        1.16045588389E+04
9.24600E+00        1.15908839188E+04
9.25200E+00        1.15772394147E+04
9.25800E+00        1.15636125168E+04
9.26400E+00        1.15500095498E+04
9.27000E+00        1.15364304581E+04
9.27600E+00        1.15228815294E+04
9.28200E+00        1.15093500145E+04
9.28800E+00        1.14958422089E+04
9.29400E+00        1.14823643783E+04
9.30000E+00        1.14689038188E+04
9.30600E+00        1.14554668039E+04
9.31200E+00        1.14420532791E+04
9.31800E+00        1.14286694812E+04
9.32400E+00        1.14153027661E+04
9.33000E+00        1.14019593784E+04
9.33600E+00        1.13886455333E+04
9.34200E+00        1.13753486313E+04
9.34800E+00        1.13620799590E+04
9.35400E+00        1.13488293296E+04
9.36000E+00        1.13356079995E+04
9.36600E+00        1.13224034281E+04
9.37200E+00        1.13092218098E+04
9.37800E+00        1.12960630917E+04
9.38400E+00        1.12829334320E+04
9.39000E+00        1.12698203491E+04
9.39600E+00        1.12567300086E+04
9.40200E+00        1.12436623584E+04
9.40800E+00        1.12306235285E+04
9.41400E+00        1.12176010955E+04
9.42000E+00        1.12046011968E+04
9.42600E+00        1.11916299415E+04
9.43200E+00        1.11786749495E+04
9.43800E+00        1.11657473136E+04
9.44400E+00        1.11528370243E+04
9.45000E+00        1.11399551446E+04
9.45600E+00        1.11270893523E+04
9.46200E+00        1.11142457358E+04
9.46800E+00        1.11014242444E+04
9.47400E+00        1.10886309315E+04
9.48000E+00        1.10758535319E+04
9.48600E+00        1.10630981064E+04
9.49200E+00        1.10503646049E+04
9.49800E+00        1.10376590532E+04
9.50400E+00        1.10249692429E+04
9.51000E+00        1.10123061149E+04
9.51600E+00        1.09996658536E+04
9.52200E+00        1.09870412061E+04
9.52800E+00        1.09744381851E+04
9.53400E+00        1.09618567415E+04
9.54000E+00        1.09493028534E+04
9.54600E+00        1.09367644110E+04
9.55200E+00        1.09242473994E+04
9.55800E+00        1.09117517702E+04
9.56400E+00        1.08992834746E+04
9.57000E+00        1.08868304583E+04
9.57600E+00        1.08744035257E+04
9.58200E+00        1.08619929309E+04
9.58800E+00        1.08496034779E+04
9.59400E+00        1.08372410842E+04
9.60000E+00        1.08248937648E+04
9.60600E+00        1.08125674442E+04
9.61200E+00        1.08002620752E+04
9.61800E+00        1.07879835489E+04
9.62400E+00        1.07757199348E+04
9.63000E+00        1.07634771311E+04
9.63600E+00        1.07512550911E+04
9.64200E+00        1.07390596791E+04
9.64800E+00        1.07268838000E+04
9.65400E+00        1.07147237589E+04
9.66000E+00        1.07025842956E+04
9.66600E+00        1.06904712482E+04
9.67200E+00        1.06783727952E+04
9.67800E+00        1.06662947817E+04
9.68400E+00        1.06542371621E+04
9.69000E+00        1.06421998906E+04
9.69600E+00        1.06301887731E+04
9.70200E+00        1.06181920549E+04
9.70800E+00        1.06062155487E+04
9.71400E+00        1.05942639306E+04
9.72000E+00        1.05823277078E+04
9.72600E+00        1.05704173803E+04
9.73200E+00        1.05585212601E+04
9.73800E+00        1.05466451274E+04
9.74400E+00        1.05347889378E+04
9.75000E+00        1.05229584390E+04
9.75600E+00        1.05111419959E+04
9.76200E+00        1.04993453629E+04
9.76800E+00        1.04875684962E+04
9.77400E+00        1.04758113518E+04
9.78000E+00        1.04640843088E+04
9.78600E+00        1.04523664660E+04
9.79200E+00        1.04406682145E+04
9.79800E+00        1.04289895109E+04
9.80400E+00        1.04173303119E+04
9.81000E+00        1.04056963018E+04
9.81600E+00        1.03940759761E+04
9.82200E+00        1.03824750257E+04
9.82800E+00        1.03708934079E+04
9.83400E+00        1.03593356963E+04
9.84000E+00        1.03477983061E+04
9.84600E+00        1.03362744186E+04
9.85200E+00        1.03247696935E+04
9.85800E+00        1.03132840886E+04
9.86400E+00        1.03018175617E+04
9.87000E+00        1.02903757348E+04
9.87600E+00        1.02789472317E+04
9.88200E+00        1.02675376810E+04
9.88800E+00        1.02561516112E+04
9.89400E+00        1.02447798351E+04
9.90000E+00        1.02334325193E+04
9.90600E+00        1.02220983510E+04
9.91200E+00        1.02107829277E+04
9.91800E+00        1.01994862084E+04
9.92400E+00        1.01882081522E+04
9.93000E+00        1.01769543196E+04
9.93600E+00        1.01657134606E+04
9.94200E+00        1.01544956674E+04
9.94800E+00        1.01432918443E+04
9.95400E+00        1.01321064808E+04
9.96000E+00        1.01209395368E+04
9.96600E+00        1.01097965365E+04
9.97200E+00        1.00986663045E+04
9.97800E+00        1.00875543715E+04
9.98400E+00        1.00764606978E+04
9.99000E+00        1.00653852433E+04
9.99600E+00        1.00543324489E+04
1.00020E+01        1.00432988373E+04
1.00080E+01        1.00322777923E+04
1.00140E+01        1.00212748087E+04
1.00200E+01        1.00102898470E+04
1.00260E+01        9.99932286831E+03
1.00320E+01        9.98837933110E+03
1.00380E+01        9.97744819514E+03
1.00440E+01        9.96653936646E+03
1.00500E+01        9.95564391911E+03
1.00560E+01        9.94476626052E+03
1.00620E+01        9.93390635217E+03
1.00680E+01        9.92306961733E+03
1.00740E+01        9.91224508836E+03
1.00800E+01        9.90143819471E+03
1.00860E+01        9.89064889827E+03
1.00920E+01        9.87988156357E+03
1.00980E+01        9.86912734284E+03
1.01040E+01        9.85839603167E+03
1.01100E+01        9.84767673437E+03
1.01160E+01        9.83697484529E+03
1.01220E+01        9.82629032694E+03
1.01280E+01        9.81562314193E+03
1.01340E+01        9.80497325295E+03
1.01400E+01        9.79434498718E+03
1.01460E+01        9.78373495895E+03
1.01520E+01        9.77313672473E+03
1.01580E+01        9.76255563837E+03
1.01640E+01        9.75199166306E+03
1.01700E+01        9.74144476211E+03
1.01760E+01        9.73091489892E+03
1.01820E+01        9.72040738698E+03
1.01880E+01        9.70991148407E+03
1.01940E+01        9.69943683173E+03
1.02000E+01        9.68897474500E+03
1.02060E+01        9.67852951447E+03
1.02120E+01        9.66810110410E+03
1.02180E+01        9.65768947799E+03
1.02240E+01        9.64729991001E+03
1.02300E+01        9.63692173926E+03
1.02360E+01        9.62656024554E+03
1.02420E+01        9.61621967822E+03
1.02480E+01        9.60589142742E+03
1.02540E+01        9.59557974729E+03
1.02600E+01        9.58528460256E+03
1.02660E+01        9.57500595808E+03
1.02720E+01        9.56474904300E+03
1.02780E+01        9.55450328819E+03
1.02840E+01        9.54427392865E+03
1.02900E+01        9.53406092959E+03
1.02960E+01        9.52386850001E+03
1.03020E+01        9.51368811331E+03
1.03080E+01        9.50352398322E+03
1.03140E+01        9.49338130024E+03
1.03200E+01        9.48324957458E+03
1.03260E+01        9.47313400250E+03
1.03320E+01        9.46303454983E+03
1.03380E+01        9.45295118250E+03
1.03440E+01        9.44288386651E+03
1.03500E+01        9.43283256798E+03
1.03560E+01        9.42280145172E+03
1.03620E+01        9.41278726280E+03
1.03680E+01        9.40278380412E+03
1.03740E+01        9.39279622821E+03
1.03800E+01        9.38282450159E+03
1.03860E+01        9.37286859089E+03
1.03920E+01        9.36292846285E+03
1.03980E+01        9.35300408425E+03
1.04040E+01        9.34309542200E+03
1.04100E+01        9.33320660175E+03
1.04160E+01        9.32333440005E+03
1.04220E+01        9.31347267922E+03
1.04280E+01        9.30362654317E+03
1.04340E+01        9.29379595923E+03
1.04400E+01        9.28398089481E+03
1.04460E+01        9.27418131740E+03
1.04520E+01        9.26439719457E+03
1.04580E+01        9.25462849400E+03
1.04640E+01        9.24487518341E+03
1.04700E+01        9.23513723064E+03
1.04760E+01        9.22542379151E+03
1.04820E+01        9.21571644853E+03
1.04880E+01        9.20602436737E+03
1.04940E+01        9.19634751619E+03
1.05000E+01        9.18668586324E+03
1.05060E+01        9.17703937685E+03
1.05120E+01        9.16740802541E+03
1.05180E+01        9.15779177744E+03
1.05240E+01        9.14819060148E+03
1.05300E+01        9.13860949569E+03
1.05360E+01        9.12903836456E+03
1.05420E+01        9.11948221166E+03
1.05480E+01        9.10994506499E+03
1.05540E+01        9.10041877109E+03
1.05600E+01        9.09090736235E+03
1.05660E+01        9.08141080793E+03
1.05720E+01        9.07192907702E+03
1.05780E+01        9.06246213893E+03
1.05840E+01        9.05300996303E+03
1.05900E+01        9.04357251878E+03
1.05960E+01        9.03414977569E+03
1.06020E+01        9.02474170340E+03
1.06080E+01        9.01535323314E+03
1.06140E+01        9.00597440639E+03
1.06200E+01        8.99661416827E+03
1.06260E+01        8.98726446744E+03
1.06320E+01        8.97792928662E+03
1.06380E+01        8.96860859589E+03
1.06440E+01        8.95930236540E+03
1.06500E+01        8.95001056537E+03
1.06560E+01        8.94073316612E+03
1.06620E+01        8.93147013801E+03
1.06680E+01        8.92222145151E+03
1.06740E+01        8.91298707715E+03
1.06800E+01        8.90376698553E+03
1.06860E+01        8.89456604237E+03
1.06920E+01        8.88537442329E+03
1.06980E+01        8.87619699924E+03
1.07040E+01        8.86703374111E+03
1.07100E+01        8.85788461989E+03
1.07160E+01        8.84874960662E+03
1.07220E+01        8.83962867244E+03
1.07280E+01        8.83052178855E+03
1.07340E+01        8.82143285664E+03
1.07400E+01        8.81235398316E+03
1.07460E+01        8.80328907402E+03
1.07520E+01        8.79423810071E+03
1.07580E+01        8.78520103479E+03
1.07640E+01        8.77617784789E+03
1.07700E+01        8.76716851173E+03
1.07760E+01        8.75817299809E+03
