wasp43b_ersspectra_bb_noLD/Noodles_2021-03-26/SED_06.dat
# %ECSV 0.9
# ---
# datatype:
# - {name: wavelength, unit: micron, datatype: float64}
# - {name: flux, unit: microJansky, datatype: float64}
# schema: astropy-2.0
#
#
#  - - File generated by ExoNoodle - -
#         V1.0.0 - MML (CEA-Saclay)
#       2021-03-25 15:37:33.308590
wavelength flux 
[from data line 1298]
1.07880E+01        8.75058302863E+03
1.07940E+01        8.74161819028E+03
1.08000E+01        8.73267493833E+03
1.08060E+01        8.72373751728E+03
1.08120E+01        8.71481376714E+03
1.08180E+01        8.70590366016E+03
1.08240E+01        8.69700716865E+03
1.08300E+01        8.68812426498E+03
1.08360E+01        8.67925492163E+03
1.08420E+01        8.67039911110E+03
1.08480E+01        8.66155680599E+03
1.08540E+01        8.65272797896E+03
1.08600E+01        8.64391260275E+03
1.08660E+01        8.63511065014E+03
1.08720E+01        8.62632209401E+03
1.08780E+01        8.61754690729E+03
1.08840E+01        8.60878506298E+03
1.08900E+01        8.60003653416E+03
1.08960E+01        8.59130129396E+03
1.09020E+01        8.58257931559E+03
1.09080E+01        8.57387057232E+03
1.09140E+01        8.56517503750E+03
1.09200E+01        8.55649268452E+03
1.09260E+01        8.54782348687E+03
1.09320E+01        8.53916741807E+03
1.09380E+01        8.53052445175E+03
1.09440E+01        8.52189456156E+03
1.09500E+01        8.51327772125E+03
1.09560E+01        8.50467390463E+03
1.09620E+01        8.49608308555E+03
1.09680E+01        8.48750523795E+03
1.09740E+01        8.47894876958E+03
1.09800E+01        8.47039597675E+03
1.09860E+01        8.46184926439E+03
1.09920E+01        8.45332304337E+03
1.09980E+01        8.44480966447E+03
1.10040E+01        8.43630910202E+03
1.10100E+01        8.42782891553E+03
1.10160E+01        8.41935390156E+03
1.10220E+01        8.41089162739E+03
1.10280E+01        8.40244206760E+03
1.10340E+01        8.39400519683E+03
1.10400E+01        8.38558098978E+03
1.10460E+01        8.37716942121E+03
1.10520E+01        8.36877046596E+03
1.10580E+01        8.36038409891E+03
1.10640E+01        8.35201029500E+03
1.10700E+01        8.34364902927E+03
1.10760E+01        8.33530027677E+03
1.10820E+01        8.32696401265E+03
1.10880E+01        8.31864021211E+03
1.10940E+01        8.31032885041E+03
1.11000E+01        8.30202990286E+03
1.11060E+01        8.29374334484E+03
1.11120E+01        8.28546915181E+03
1.11180E+01        8.27720729927E+03
1.11240E+01        8.26895776277E+03
1.11300E+01        8.26071308336E+03
1.11360E+01        8.25248811329E+03
1.11420E+01        8.24427538631E+03
1.11480E+01        8.23607487822E+03
1.11540E+01        8.22789396989E+03
1.11600E+01        8.21971042222E+03
1.11660E+01        8.21154642621E+03
1.11720E+01        8.20339455290E+03
1.11780E+01        8.19525477838E+03
1.11840E+01        8.18712707881E+03
1.11900E+01        8.17901143041E+03
1.11960E+01        8.17090780945E+03
1.12020E+01        8.16281619226E+03
1.12080E+01        8.15473655524E+03
1.12140E+01        8.14666887483E+03
1.12200E+01        8.13861312754E+03
1.12260E+01        8.13056928993E+03
1.12320E+01        8.12253733862E+03
1.12380E+01        8.11451648226E+03
1.12440E+01        8.10650823440E+03
1.12500E+01        8.09851180304E+03
1.12560E+01        8.09052716504E+03
1.12620E+01        8.08255429728E+03
1.12680E+01        8.07459317675E+03
1.12740E+01        8.06664378044E+03
1.12800E+01        8.05870608545E+03
1.12860E+01        8.05078006888E+03
1.12920E+01        8.04286570793E+03
1.12980E+01        8.03496297984E+03
1.13040E+01        8.02707186189E+03
1.13100E+01        8.01919233145E+03
1.13160E+01        8.01132436592E+03
1.13220E+01        8.00346794275E+03
1.13280E+01        7.99562303946E+03
1.13340E+01        7.98778963362E+03
1.13400E+01        7.97996770285E+03
1.13460E+01        7.97215722483E+03
1.13520E+01        7.96435025589E+03
1.13580E+01        7.95656262437E+03
1.13640E+01        7.94878637894E+03
1.13700E+01        7.94102149750E+03
1.13760E+01        7.93326795799E+03
1.13820E+01        7.92552573841E+03
1.13880E+01        7.91779481682E+03
1.13940E+01        7.91007517132E+03
1.14000E+01        7.90236678006E+03
1.14060E+01        7.89466962126E+03
1.14120E+01        7.88698367319E+03
1.14180E+01        7.87930891415E+03
1.14240E+01        7.87164532251E+03
1.14300E+01        7.86399213241E+03
1.14360E+01        7.85635081162E+03
1.14420E+01        7.84872059365E+03
1.14480E+01        7.84110145707E+03
1.14540E+01        7.83349338051E+03
1.14600E+01        7.82589634266E+03
1.14660E+01        7.81830328619E+03
1.14720E+01        7.81072826879E+03
1.14780E+01        7.80316422642E+03
1.14840E+01        7.79561113796E+03
1.14900E+01        7.78806898234E+03
1.14960E+01        7.78053773855E+03
1.15020E+01        7.77301664994E+03
1.15080E+01        7.76550716765E+03
1.15140E+01        7.75800853444E+03
1.15200E+01        7.75052072949E+03
1.15260E+01        7.74304373202E+03
1.15320E+01        7.73557752133E+03
1.15380E+01        7.72812207673E+03
1.15440E+01        7.72067042953E+03
1.15500E+01        7.71323646203E+03
1.15560E+01        7.70581319891E+03
1.15620E+01        7.69840061970E+03
1.15680E+01        7.69099797608E+03
1.15740E+01        7.68360670417E+03
1.15800E+01        7.67622605504E+03
1.15860E+01        7.66885600842E+03
1.15920E+01        7.66149654408E+03
1.15980E+01        7.65414764184E+03
1.16040E+01        7.64680928155E+03
1.16100E+01        7.63948144314E+03
1.16160E+01        7.63215723821E+03
1.16220E+01        7.62485039007E+03
1.16280E+01        7.61755400382E+03
1.16340E+01        7.61026733931E+03
1.16400E+01        7.60299181789E+03
1.16460E+01        7.59572669881E+03
1.16520E+01        7.58847196233E+03
1.16580E+01        7.58122758872E+03
1.16640E+01        7.57399355833E+03
1.16700E+01        7.56676985154E+03
1.16760E+01        7.55955644879E+03
1.16820E+01        7.55234581931E+03
1.16880E+01        7.54515297325E+03
1.16940E+01        7.53797037279E+03
1.17000E+01        7.53079799853E+03
1.17060E+01        7.52363583114E+03
1.17120E+01        7.51648385131E+03
1.17180E+01        7.50934203981E+03
1.17240E+01        7.50221037743E+03
1.17300E+01        7.49508884500E+03
1.17360E+01        7.48796997627E+03
1.17420E+01        7.48086865354E+03
1.17480E+01        7.47377740355E+03
1.17540E+01        7.46669620732E+03
1.17600E+01        7.45962504593E+03
1.17660E+01        7.45256390047E+03
1.17720E+01        7.44551275210E+03
1.17780E+01        7.43847158203E+03
1.17840E+01        7.43144037149E+03
1.17900E+01        7.42441839912E+03
1.17960E+01        7.41740037730E+03
1.18020E+01        7.41039894022E+03
1.18080E+01        7.40340738807E+03
1.18140E+01        7.39642570231E+03
1.18200E+01        7.38945386444E+03
1.18260E+01        7.38249185601E+03
1.18320E+01        7.37553965862E+03
1.18380E+01        7.36859655652E+03
1.18440E+01        7.36166392679E+03
1.18500E+01        7.35473443464E+03
1.18560E+01        7.34782130500E+03
1.18620E+01        7.34091789497E+03
1.18680E+01        7.33402418641E+03
1.18740E+01        7.32714016118E+03
1.18800E+01        7.32026510845E+03
1.18860E+01        7.31340039640E+03
1.18920E+01        7.30654531361E+03
1.18980E+01        7.29969327324E+03
1.19040E+01        7.29285740134E+03
1.19100E+01        7.28603110498E+03
1.19160E+01        7.27921436634E+03
1.19220E+01        7.27240647939E+03
1.19280E+01        7.26560880355E+03
1.19340E+01        7.25882063222E+03
1.19400E+01        7.25204194774E+03
1.19460E+01        7.24526621263E+03
1.19520E+01        7.23850645514E+03
1.19580E+01        7.23175613178E+03
1.19640E+01        7.22501522505E+03
1.19700E+01        7.21828303438E+03
1.19760E+01        7.21156090923E+03
1.19820E+01        7.20484814847E+03
1.19880E+01        7.19813825736E+03
1.19940E+01        7.19144417947E+03
1.20000E+01        7.18475941409E+03
1.20060E+01        7.17808394400E+03
1.20120E+01        7.17141707336E+03
1.20180E+01        7.16476014302E+03
1.20240E+01        7.15811245658E+03
1.20300E+01        7.15146756159E+03
1.20360E+01        7.14483831778E+03
1.20420E+01        7.13821826682E+03
1.20480E+01        7.13160671685E+03
1.20540E+01        7.12500500143E+03
1.20600E+01        7.11841242815E+03
1.20660E+01        7.11182258051E+03
1.20720E+01        7.10524824701E+03
1.20780E+01        7.09868300531E+03
1.20840E+01        7.09212683869E+03
1.20900E+01        7.08557905993E+03
1.20960E+01        7.07904099413E+03
1.21020E+01        7.07251195352E+03
1.21080E+01        7.06598556316E+03
1.21140E+01        7.05947452918E+03
1.21200E+01        7.05297247084E+03
1.21260E+01        7.04647870484E+03
1.21320E+01        7.03999454911E+03
1.21380E+01        7.03351931980E+03
1.21440E+01        7.02704667727E+03
1.21500E+01        7.02058925769E+03
1.21560E+01        7.01414071566E+03
1.21620E+01        7.00770037178E+03
1.21680E+01        7.00126953683E+03
1.21740E+01        6.99484753089E+03
1.21800E+01        6.98842804931E+03
1.21860E+01        6.98202365887E+03
1.21920E+01        6.97562804921E+03
1.21980E+01        6.96924054482E+03
1.22040E+01        6.96286244938E+03
1.22100E+01        6.95649308685E+03
1.22160E+01        6.95013244134E+03
1.22220E+01        6.94377424867E+03
1.22280E+01        6.93743033886E+03
1.22340E+01        6.93109575573E+03
1.22400E+01        6.92476982640E+03
1.22460E+01        6.91845253518E+03
1.22520E+01        6.91213764656E+03
1.22580E+01        6.90583759023E+03
1.22640E+01        6.89954547215E+03
1.22700E+01        6.89326258321E+03
1.22760E+01        6.88698825434E+03
1.22820E+01        6.88072247005E+03
1.22880E+01        6.87445902898E+03
1.22940E+01        6.86820964316E+03
1.23000E+01        6.86196940617E+03
1.23060E+01        6.85573765212E+03
1.23120E+01        6.84951436567E+03
1.23180E+01        6.84329337370E+03
1.23240E+01        6.83708698221E+03
1.23300E+01        6.83088836612E+03
1.23360E+01        6.82469880369E+03
1.23420E+01        6.81851763274E+03
1.23480E+01        6.81234483817E+03
1.23540E+01        6.80617428049E+03
1.23600E+01        6.80001755547E+03
1.23660E+01        6.79386980576E+03
1.23720E+01        6.78773037227E+03
1.23780E+01        6.78159924005E+03
1.23840E+01        6.77547029745E+03
1.23900E+01        6.76935508798E+03
1.23960E+01        6.76324877631E+03
1.24020E+01        6.75715070644E+03
1.24080E+01        6.75106086358E+03
1.24140E+01        6.74497316372E+03
1.24200E+01        6.73889909844E+03
1.24260E+01        6.73283385431E+03
1.24320E+01        6.72677677838E+03
1.24380E+01        6.72072785604E+03
1.24440E+01        6.71468103071E+03
1.24500E+01        6.70864774240E+03
1.24560E+01        6.70262319942E+03
1.24620E+01        6.69660675188E+03
1.24680E+01        6.69059838530E+03
1.24740E+01        6.68459207037E+03
1.24800E+01        6.67859919588E+03
1.24860E+01        6.67261499175E+03
1.24920E+01        6.66663881107E+03
1.24980E+01        6.66067063954E+03
1.25040E+01        6.65470447493E+03
1.25100E+01        6.64875165514E+03
1.25160E+01        6.64280743154E+03
1.25220E+01        6.63687116021E+03
1.25280E+01        6.63093686045E+03
1.25340E+01        6.62501645662E+03
1.25400E+01        6.61910333637E+03
1.25460E+01        6.61319873894E+03
1.25520E+01        6.60730202340E+03
1.25580E+01        6.60140723578E+03
1.25640E+01        6.59552624738E+03
1.25700E+01        6.58965247543E+03
1.25760E+01        6.58378715373E+03
1.25820E+01        6.57792964430E+03
1.25880E+01        6.57207401975E+03
1.25940E+01        6.56623147730E+03
1.26000E+01        6.56039732762E+03
1.26060E+01        6.55457093506E+03
1.26120E+01        6.54874639336E+03
1.26180E+01        6.54293547918E+03
1.26240E+01        6.53713166248E+03
1.26300E+01        6.53133616740E+03
1.26360E+01        6.52554836119E+03
1.26420E+01        6.51976236384E+03
1.26480E+01        6.51398989992E+03
1.26540E+01        6.50822446842E+03
1.26600E+01        6.50246728815E+03
1.26660E+01        6.49671188355E+03
1.26720E+01        6.49096993778E+03
1.26780E+01        6.48523497289E+03
1.26840E+01        6.47950820345E+03
1.26900E+01        6.47378900191E+03
1.26960E+01        6.46807153508E+03
1.27020E+01        6.46236743463E+03
1.27080E+01        6.45667025129E+03
1.27140E+01        6.45098119437E+03
1.27200E+01        6.44529383978E+03
1.27260E+01        6.43961977825E+03
1.27320E+01        6.43395258334E+03
1.27380E+01        6.42829346014E+03
1.27440E+01        6.42263600724E+03
1.27500E+01        6.41699177466E+03
1.27560E+01        6.41135435864E+03
1.27620E+01        6.40572496010E+03
1.27680E+01        6.40010295887E+03
1.27740E+01        6.39448258841E+03
1.27800E+01        6.38887534813E+03
1.27860E+01        6.38327486244E+03
1.27920E+01        6.37768232711E+03
1.27980E+01        6.37209139130E+03
1.28040E+01        6.36651351418E+03
1.28100E+01        6.36094234258E+03
1.28160E+01        6.35537906814E+03
1.28220E+01        6.34981736232E+03
1.28280E+01        6.34426864425E+03
1.28340E+01        6.33872658306E+03
1.28400E+01        6.33319236629E+03
1.28460E+01        6.32765968757E+03
1.28520E+01        6.32213992620E+03
1.28580E+01        6.31662677350E+03
1.28640E+01        6.31112141293E+03
1.28700E+01        6.30561756017E+03
1.28760E+01        6.30012655490E+03
1.28820E+01        6.29464211052E+03
1.28880E+01        6.28916540642E+03
1.28940E+01        6.28369018021E+03
1.29000E+01        6.27822773218E+03
1.29060E+01        6.27277179767E+03
1.29120E+01        6.26732355202E+03
1.29180E+01        6.26187675468E+03
1.29240E+01        6.25644266673E+03
1.29300E+01        6.25101504533E+03
1.29360E+01        6.24559506183E+03
1.29420E+01        6.24017649738E+03
1.29480E+01        6.23477057404E+03
1.29540E+01        6.22937166016E+03
1.29600E+01        6.22397915472E+03
1.29660E+01        6.21858862884E+03
1.29720E+01        6.21321067633E+03
1.29780E+01        6.20783909768E+03
1.29840E+01        6.20246947555E+03
1.29900E+01        6.19711237631E+03
1.29960E+01        6.19176220248E+03
1.30020E+01        6.18641835679E+03
1.30080E+01        6.18107643718E+03
1.30140E+01        6.17574697361E+03
1.30200E+01        6.17042438799E+03
1.30260E+01        6.16510808516E+03
1.30320E+01        6.15979367830E+03
1.30380E+01        6.15449166113E+03
1.30440E+01        6.14919647485E+03
1.30500E+01        6.14390199844E+03
1.30560E+01        6.13862044415E+03
1.30620E+01        6.13334568572E+03
1.30680E+01        6.12807771154E+03
1.30740E+01        6.12281042165E+03
1.30800E+01        6.11755598641E+03
1.30860E+01        6.11230830067E+03
1.30920E+01        6.10706735291E+03
1.30980E+01        6.10182706418E+03
1.31040E+01        6.09659956311E+03
1.31100E+01        6.09137876558E+03
1.31160E+01        6.08615860830E+03
1.31220E+01        6.08095118878E+03
1.31280E+01        6.07575043858E+03
1.31340E+01        6.07055634635E+03
1.31400E+01        6.06536286959E+03
1.31460E+01        6.06018206448E+03
1.31520E+01        6.05500788340E+03
1.31580E+01        6.04984031510E+03
1.31640E+01        6.04467333776E+03
1.31700E+01        6.03951896647E+03
1.31760E+01        6.03437117430E+03
1.31820E+01        6.02922395489E+03
1.31880E+01        6.02408929263E+03
1.31940E+01        6.01896117607E+03
1.32000E+01        6.01383959412E+03
1.32060E+01        6.00871856091E+03
1.32120E+01        6.00361002007E+03
1.32180E+01        5.99850798068E+03
1.32240E+01        5.99340703931E+03
1.32300E+01        5.98831740782E+03
1.32360E+01        5.98323481196E+03
1.32420E+01        5.97815329497E+03
1.32480E+01        5.97308304276E+03
1.32540E+01        5.96801979200E+03
1.32600E+01        5.96296296617E+03
1.32660E+01        5.95790719393E+03
1.32720E+01        5.95286262672E+03
1.32780E+01        5.94782501572E+03
1.32840E+01        5.94278843955E+03
1.32900E+01        5.93776358572E+03
1.32960E+01        5.93274453074E+03
1.33020E+01        5.92773238711E+03
1.33080E+01        5.92272125351E+03
1.33140E+01        5.91772122144E+03
1.33200E+01        5.91272806731E+03
1.33260E+01        5.90773590479E+03
1.33320E+01        5.90275479985E+03
1.33380E+01        5.89778053966E+03
1.33440E+01        5.89281255465E+03
1.33500E+01        5.88784553693E+03
1.33560E+01        5.88288951858E+03
1.33620E+01        5.87794030102E+03
1.33680E+01        5.87299203266E+03
