wasp43b_ersspectra_bb_noLD/Noodles_2021-03-26/SED_11.dat
# %ECSV 0.9
# ---
# datatype:
# - {name: wavelength, unit: micron, datatype: float64}
# - {name: flux, unit: microJansky, datatype: float64}
# schema: astropy-2.0
#
#
#  - - File generated by ExoNoodle - -
#         V1.0.0 - MML (CEA-Saclay)
#       2021-03-25 15:37:33.308590
wavelength flux 
[from data line 865]
8.19000E+00        1.44256646613E+04
8.19600E+00        1.44067474691E+04
8.20200E+00        1.43878751336E+04
8.20800E+00        1.43690396263E+04
8.21400E+00        1.43502329608E+04
8.22000E+00        1.43314708357E+04
8.22600E+00        1.43127373839E+04
8.23200E+00        1.42940482633E+04
8.23800E+00        1.42753876486E+04
8.24400E+00        1.42567711572E+04
8.25000E+00        1.42381893622E+04
8.25600E+00        1.42196451189E+04
8.26200E+00        1.42011290501E+04
8.26800E+00        1.41826566925E+04
8.27400E+00        1.41642123455E+04
8.28000E+00        1.41458115057E+04
8.28600E+00        1.41274385134E+04
8.29200E+00        1.41091088253E+04
8.29800E+00        1.40908068229E+04
8.30400E+00        1.40725479232E+04
8.31000E+00        1.40543165483E+04
8.31600E+00        1.40361280755E+04
8.32200E+00        1.40179669680E+04
8.32800E+00        1.39998485633E+04
8.33400E+00        1.39817573651E+04
8.34000E+00        1.39637086719E+04
8.34600E+00        1.39456870275E+04
8.35200E+00        1.39277076912E+04
8.35800E+00        1.39097614571E+04
8.36400E+00        1.38918511176E+04
8.37000E+00        1.38739675148E+04
8.37600E+00        1.38561182105E+04
8.38200E+00        1.38383107275E+04
8.38800E+00        1.38205297497E+04
8.39400E+00        1.38027904006E+04
8.40000E+00        1.37850774037E+04
8.40600E+00        1.37674058439E+04
8.41200E+00        1.37497604844E+04
8.41800E+00        1.37321563715E+04
8.42400E+00        1.37145783079E+04
8.43000E+00        1.36970413017E+04
8.43600E+00        1.36795301948E+04
8.44200E+00        1.36620599573E+04
8.44800E+00        1.36446154699E+04
8.45400E+00        1.36272041714E+04
8.46000E+00        1.36098334621E+04
8.46600E+00        1.35924882813E+04
8.47200E+00        1.35751835045E+04
8.47800E+00        1.35579041096E+04
8.48400E+00        1.35406649344E+04
8.49000E+00        1.35234509955E+04
8.49600E+00        1.35062770932E+04
8.50200E+00        1.34891282824E+04
8.50800E+00        1.34720193263E+04
8.51400E+00        1.34549353180E+04
8.52000E+00        1.34378835941E+04
8.52600E+00        1.34208714538E+04
8.53200E+00        1.34038840473E+04
8.53800E+00        1.33869360452E+04
8.54400E+00        1.33700126356E+04
8.55000E+00        1.33531344131E+04
8.55600E+00        1.33362687203E+04
8.56200E+00        1.33194466594E+04
8.56800E+00        1.33026576055E+04
8.57400E+00        1.32858927946E+04
8.58000E+00        1.32691667686E+04
8.58600E+00        1.32524648472E+04
8.59200E+00        1.32357942581E+04
8.59800E+00        1.32191621925E+04
8.60400E+00        1.32025540258E+04
8.61000E+00        1.31859842095E+04
8.61600E+00        1.31694381561E+04
8.62200E+00        1.31529230486E+04
8.62800E+00        1.31364460338E+04
8.63400E+00        1.31199925795E+04
8.64000E+00        1.31035770473E+04
8.64600E+00        1.30871849418E+04
8.65200E+00        1.30708305889E+04
8.65800E+00        1.30544995296E+04
8.66400E+00        1.30381988851E+04
8.67000E+00        1.30219357408E+04
8.67600E+00        1.30056956923E+04
8.68200E+00        1.29894929769E+04
8.68800E+00        1.29733132264E+04
8.69400E+00        1.29571635182E+04
8.70000E+00        1.29410508943E+04
8.70600E+00        1.29249610406E+04
8.71200E+00        1.29089081067E+04
8.71800E+00        1.28928778141E+04
8.72400E+00        1.28768771970E+04
8.73000E+00        1.28609132544E+04
8.73600E+00        1.28449717616E+04
8.74200E+00        1.28290597268E+04
8.74800E+00        1.28131841235E+04
8.75400E+00        1.27973307803E+04
8.76000E+00        1.27815137076E+04
8.76600E+00        1.27657187694E+04
8.77200E+00        1.27499529312E+04
8.77800E+00        1.27342231242E+04
8.78400E+00        1.27185152648E+04
8.79000E+00        1.27028362932E+04
8.79600E+00        1.26871931152E+04
8.80200E+00        1.26715717000E+04
8.80800E+00        1.26559859212E+04
8.81400E+00        1.26404217827E+04
8.82000E+00        1.26248861825E+04
8.82600E+00        1.26093859848E+04
8.83200E+00        1.25939072453E+04
8.83800E+00        1.25784568371E+04
8.84400E+00        1.25630415992E+04
8.85000E+00        1.25476476391E+04
8.85600E+00        1.25322818050E+04
8.86200E+00        1.25169509113E+04
8.86800E+00        1.25016411167E+04
8.87400E+00        1.24863661102E+04
8.88000E+00        1.24711120848E+04
8.88600E+00        1.24558858472E+04
8.89200E+00        1.24406941709E+04
8.89800E+00        1.24255232998E+04
8.90400E+00        1.24103800162E+04
8.91000E+00        1.23952710690E+04
8.91600E+00        1.23801827529E+04
8.92200E+00        1.23651163059E+04
8.92800E+00        1.23500950118E+04
8.93400E+00        1.23350886565E+04
8.94000E+00        1.23201094932E+04
8.94600E+00        1.23051642224E+04
8.95200E+00        1.22902392391E+04
8.95800E+00        1.22753412527E+04
8.96400E+00        1.22604769398E+04
8.97000E+00        1.22456272788E+04
8.97600E+00        1.22308153538E+04
8.98200E+00        1.22160259656E+04
8.98800E+00        1.22012619876E+04
8.99400E+00        1.21865246214E+04
9.00000E+00        1.21718204959E+04
9.00600E+00        1.21571361547E+04
9.01200E+00        1.21424782354E+04
9.01800E+00        1.21278533432E+04
9.02400E+00        1.21132480708E+04
9.03000E+00        1.20986690318E+04
9.03600E+00        1.20841228082E+04
9.04200E+00        1.20695960413E+04
9.04800E+00        1.20550953213E+04
9.05400E+00        1.20406272066E+04
9.06000E+00        1.20261837553E+04
9.06600E+00        1.20117607913E+04
9.07200E+00        1.19973702243E+04
9.07800E+00        1.19829934435E+04
9.08400E+00        1.19686476967E+04
9.09000E+00        1.19543275676E+04
9.09600E+00        1.19400395607E+04
9.10200E+00        1.19257704778E+04
9.10800E+00        1.19115321485E+04
9.11400E+00        1.18973204138E+04
9.12000E+00        1.18831274466E+04
9.12600E+00        1.18689597363E+04
9.13200E+00        1.18548184499E+04
9.13800E+00        1.18407063591E+04
9.14400E+00        1.18266140556E+04
9.15000E+00        1.18125532667E+04
9.15600E+00        1.17985109365E+04
9.16200E+00        1.17844935087E+04
9.16800E+00        1.17705009249E+04
9.17400E+00        1.17565395906E+04
9.18000E+00        1.17425965122E+04
9.18600E+00        1.17286781033E+04
9.19200E+00        1.17147907471E+04
9.19800E+00        1.17009214963E+04
9.20400E+00        1.16870767421E+04
9.21000E+00        1.16732628452E+04
9.21600E+00        1.16594669049E+04
9.22200E+00        1.16456952896E+04
9.22800E+00        1.16319479427E+04
9.23400E+00        1.16182311953E+04
9.24000E+00        1.16045322078E+04
9.24600E+00        1.15908573192E+04
9.25200E+00        1.15772128385E+04
9.25800E+00        1.15635859719E+04
9.26400E+00        1.15499830362E+04
9.27000E+00        1.15364039757E+04
9.27600E+00        1.15228550702E+04
9.28200E+00        1.15093235864E+04
9.28800E+00        1.14958158118E+04
9.29400E+00        1.14823380044E+04
9.30000E+00        1.14688774758E+04
9.30600E+00        1.14554404918E+04
9.31200E+00        1.14420269978E+04
9.31800E+00        1.14286432229E+04
9.32400E+00        1.14152765386E+04
9.33000E+00        1.14019331816E+04
9.33600E+00        1.13886193593E+04
9.34200E+00        1.13753224879E+04
9.34800E+00        1.13620538539E+04
9.35400E+00        1.13488032550E+04
9.36000E+00        1.13355819475E+04
9.36600E+00        1.13223774065E+04
9.37200E+00        1.13091958185E+04
9.37800E+00        1.12960371307E+04
9.38400E+00        1.12829074935E+04
9.39000E+00        1.12697944407E+04
9.39600E+00        1.12567041304E+04
9.40200E+00        1.12436365103E+04
9.40800E+00        1.12305977027E+04
9.41400E+00        1.12175752997E+04
9.42000E+00        1.12045754309E+04
9.42600E+00        1.11916041978E+04
9.43200E+00        1.11786492357E+04
9.43800E+00        1.11657216371E+04
9.44400E+00        1.11528113775E+04
9.45000E+00        1.11399295199E+04
9.45600E+00        1.11270637572E+04
9.46200E+00        1.11142201702E+04
9.46800E+00        1.11013987084E+04
9.47400E+00        1.10886054174E+04
9.48000E+00        1.10758280472E+04
9.48600E+00        1.10630726511E+04
9.49200E+00        1.10503391789E+04
9.49800E+00        1.10376336489E+04
9.50400E+00        1.10249438679E+04
9.51000E+00        1.10122807766E+04
9.51600E+00        1.09996405369E+04
9.52200E+00        1.09870159185E+04
9.52800E+00        1.09744129265E+04
9.53400E+00        1.09618315119E+04
9.54000E+00        1.09492776453E+04
9.54600E+00        1.09367392317E+04
9.55200E+00        1.09242222490E+04
9.55800E+00        1.09117266486E+04
9.56400E+00        1.08992583743E+04
9.57000E+00        1.08868053866E+04
9.57600E+00        1.08743784901E+04
9.58200E+00        1.08619679240E+04
9.58800E+00        1.08495784995E+04
9.59400E+00        1.08372161269E+04
9.60000E+00        1.08248688359E+04
9.60600E+00        1.08125425438E+04
9.61200E+00        1.08002372031E+04
9.61800E+00        1.07879586977E+04
9.62400E+00        1.07756951120E+04
9.63000E+00        1.07634523365E+04
9.63600E+00        1.07512303246E+04
9.64200E+00        1.07390349335E+04
9.64800E+00        1.07268590897E+04
9.65400E+00        1.07146990767E+04
9.66000E+00        1.07025596414E+04
9.66600E+00        1.06904466146E+04
9.67200E+00        1.06783481895E+04
9.67800E+00        1.06662702039E+04
9.68400E+00        1.06542126121E+04
9.69000E+00        1.06421753684E+04
9.69600E+00        1.06301642713E+04
9.70200E+00        1.06181675808E+04
9.70800E+00        1.06061911022E+04
9.71400E+00        1.05942395189E+04
9.72000E+00        1.05823033236E+04
9.72600E+00        1.05703930164E+04
9.73200E+00        1.05584969236E+04
9.73800E+00        1.05466208184E+04
9.74400E+00        1.05347646561E+04
9.75000E+00        1.05229341774E+04
9.75600E+00        1.05111177616E+04
9.76200E+00        1.04993211559E+04
9.76800E+00        1.04875443163E+04
9.77400E+00        1.04757871990E+04
9.78000E+00        1.04640601831E+04
9.78600E+00        1.04523423673E+04
9.79200E+00        1.04406441428E+04
9.79800E+00        1.04289654662E+04
9.80400E+00        1.04173062941E+04
9.81000E+00        1.04056723038E+04
9.81600E+00        1.03940520049E+04
9.82200E+00        1.03824510813E+04
9.82800E+00        1.03708694902E+04
9.83400E+00        1.03593118124E+04
9.84000E+00        1.03477744417E+04
9.84600E+00        1.03362505808E+04
9.85200E+00        1.03247458823E+04
9.85800E+00        1.03132603039E+04
9.86400E+00        1.03017938034E+04
9.87000E+00        1.02903519960E+04
9.87600E+00        1.02789235193E+04
9.88200E+00        1.02675139948E+04
9.88800E+00        1.02561279584E+04
9.89400E+00        1.02447562085E+04
9.90000E+00        1.02334089120E+04
9.90600E+00        1.02220747698E+04
9.91200E+00        1.02107593726E+04
9.91800E+00        1.01994626795E+04
9.92400E+00        1.01881846493E+04
9.93000E+00        1.01769308357E+04
9.93600E+00        1.01656900027E+04
9.94200E+00        1.01544722423E+04
9.94800E+00        1.01432684451E+04
9.95400E+00        1.01320831075E+04
9.96000E+00        1.01209161892E+04
9.96600E+00        1.01097732077E+04
9.97200E+00        1.00986430014E+04
9.97800E+00        1.00875310942E+04
9.98400E+00        1.00764374460E+04
9.99000E+00        1.00653620172E+04
9.99600E+00        1.00543092552E+04
1.00020E+01        1.00432756622E+04
1.00080E+01        1.00322546426E+04
1.00140E+01        1.00212516844E+04
1.00200E+01        1.00102667481E+04
1.00260E+01        9.99929979473E+03
1.00320E+01        9.98835627599E+03
1.00380E+01        9.97742516528E+03
1.00440E+01        9.96651636862E+03
1.00500E+01        9.95562094644E+03
1.00560E+01        9.94474331297E+03
1.00620E+01        9.93388342970E+03
1.00680E+01        9.92304671312E+03
1.00740E+01        9.91222220916E+03
1.00800E+01        9.90141534048E+03
1.00860E+01        9.89062606896E+03
1.00920E+01        9.87985876589E+03
1.00980E+01        9.86910457001E+03
1.01040E+01        9.85837327690E+03
1.01100E+01        9.84765400436E+03
1.01160E+01        9.83695214001E+03
1.01220E+01        9.82626764634E+03
1.01280E+01        9.81560048597E+03
1.01340E+01        9.80495062160E+03
1.01400E+01        9.79432238708E+03
1.01460E+01        9.78371237669E+03
1.01520E+01        9.77311416695E+03
1.01580E+01        9.76253310503E+03
1.01640E+01        9.75196915413E+03
1.01700E+01        9.74142227755E+03
1.01760E+01        9.73089243868E+03
1.01820E+01        9.72038494439E+03
1.01880E+01        9.70988906574E+03
1.01940E+01        9.69941444424E+03
1.02000E+01        9.68895238168E+03
1.02060E+01        9.67850717528E+03
1.02120E+01        9.66807878901E+03
1.02180E+01        9.65766718694E+03
1.02240E+01        9.64727763639E+03
1.02300E+01        9.63689948962E+03
1.02360E+01        9.62653801985E+03
1.02420E+01        9.61619748301E+03
1.02480E+01        9.60586925606E+03
1.02540E+01        9.59555759975E+03
1.02600E+01        9.58526247882E+03
1.02660E+01        9.57498385808E+03
1.02720E+01        9.56472696017E+03
1.02780E+01        9.55448122904E+03
1.02840E+01        9.54425189314E+03
1.02900E+01        9.53403891768E+03
1.02960E+01        9.52384651817E+03
1.03020E+01        9.51366615499E+03
1.03080E+01        9.50350204838E+03
1.03140E+01        9.49335938236E+03
1.03200E+01        9.48322768011E+03
1.03260E+01        9.47311213141E+03
1.03320E+01        9.46301270208E+03
1.03380E+01        9.45292935805E+03
1.03440E+01        9.44286206533E+03
1.03500E+01        9.43281079002E+03
1.03560E+01        9.42277970339E+03
1.03620E+01        9.41276553118E+03
1.03680E+01        9.40276209562E+03
1.03740E+01        9.39277454279E+03
1.03800E+01        9.38280283921E+03
1.03860E+01        9.37284695153E+03
1.03920E+01        9.36290684645E+03
1.03980E+01        9.35298249079E+03
1.04040E+01        9.34307385144E+03
1.04100E+01        9.33318506043E+03
1.04160E+01        9.32331287517E+03
1.04220E+01        9.31345117713E+03
1.04280E+01        9.30360506383E+03
1.04340E+01        9.29377450261E+03
1.04400E+01        9.28395946087E+03
1.04460E+01        9.27415990611E+03
1.04520E+01        9.26437580589E+03
1.04580E+01        9.25460712789E+03
1.04640E+01        9.24485383984E+03
1.04700E+01        9.23511590957E+03
1.04760E+01        9.22540249291E+03
1.04820E+01        9.21569517236E+03
1.04880E+01        9.20600311360E+03
1.04940E+01        9.19632628478E+03
1.05000E+01        9.18666465416E+03
1.05060E+01        9.17701819006E+03
1.05120E+01        9.16738686088E+03
1.05180E+01        9.15777063513E+03
1.05240E+01        9.14816948136E+03
1.05300E+01        9.13858839147E+03
1.05360E+01        9.12901728247E+03
1.05420E+01        9.11946115166E+03
1.05480E+01        9.10992403327E+03
1.05540E+01        9.10039776138E+03
1.05600E+01        9.09088637463E+03
1.05660E+01        9.08138984214E+03
1.05720E+01        9.07190813315E+03
1.05780E+01        9.06244121694E+03
1.05840E+01        9.05298906288E+03
1.05900E+01        9.04355164043E+03
1.05960E+01        9.03412891912E+03
1.06020E+01        9.02472086857E+03
1.06080E+01        9.01533241386E+03
1.06140E+01        9.00595360878E+03
1.06200E+01        8.99659339845E+03
1.06260E+01        8.98724371923E+03
1.06320E+01        8.97790855999E+03
1.06380E+01        8.96858789079E+03
1.06440E+01        8.95928168181E+03
1.06500E+01        8.94998990325E+03
1.06560E+01        8.94071252544E+03
1.06620E+01        8.93144951874E+03
1.06680E+01        8.92220085361E+03
1.06740E+01        8.91296650059E+03
1.06800E+01        8.90374643028E+03
1.06860E+01        8.89454550231E+03
1.06920E+01        8.88535390448E+03
1.06980E+01        8.87617650164E+03
1.07040E+01        8.86701326469E+03
1.07100E+01        8.85786416462E+03
1.07160E+01        8.84872917247E+03
1.07220E+01        8.83960825937E+03
1.07280E+01        8.83050139653E+03
1.07340E+01        8.82141249166E+03
1.07400E+01        8.81233363917E+03
1.07460E+01        8.80326875097E+03
1.07520E+01        8.79421779858E+03
1.07580E+01        8.78518075354E+03
1.07640E+01        8.77615758749E+03
1.07700E+01        8.76714827215E+03
1.07760E+01        8.75815277929E+03
