wasp43b_ersspectra_bb_noLD/Noodles_2021-03-26/SED_06.dat
# %ECSV 0.9
# ---
# datatype:
# - {name: wavelength, unit: micron, datatype: float64}
# - {name: flux, unit: microJansky, datatype: float64}
# schema: astropy-2.0
#
#
#  - - File generated by ExoNoodle - -
#         V1.0.0 - MML (CEA-Saclay)
#       2021-03-25 15:37:33.308590
wavelength flux 
[from data line 865]
8.19000E+00        1.44423639365E+04
8.19600E+00        1.44234248290E+04
8.20200E+00        1.44045356803E+04
8.20800E+00        1.43856833893E+04
8.21400E+00        1.43668549233E+04
8.22000E+00        1.43480760798E+04
8.22600E+00        1.43293209058E+04
8.23200E+00        1.43106151318E+04
8.23800E+00        1.42919328729E+04
8.24400E+00        1.42732997926E+04
8.25000E+00        1.42546914242E+04
8.25600E+00        1.42361306627E+04
8.26200E+00        1.42175931109E+04
8.26800E+00        1.41991042993E+04
8.27400E+00        1.41806385460E+04
8.28000E+00        1.41622213155E+04
8.28600E+00        1.41438269934E+04
8.29200E+00        1.41254809780E+04
8.29800E+00        1.41071577217E+04
8.30400E+00        1.40888825576E+04
8.31000E+00        1.40706300045E+04
8.31600E+00        1.40524253299E+04
8.32200E+00        1.40342431194E+04
8.32800E+00        1.40161085753E+04
8.33400E+00        1.39979963491E+04
8.34000E+00        1.39799315783E+04
8.34600E+00        1.39618889804E+04
8.35200E+00        1.39438936283E+04
8.35800E+00        1.39259216238E+04
8.36400E+00        1.39079953361E+04
8.37000E+00        1.38900909341E+04
8.37600E+00        1.38722208704E+04
8.38200E+00        1.38543975338E+04
8.38800E+00        1.38365958700E+04
8.39400E+00        1.38188407278E+04
8.40000E+00        1.38011071177E+04
8.40600E+00        1.37834198251E+04
8.41200E+00        1.37657539249E+04
8.41800E+00        1.37481341391E+04
8.42400E+00        1.37305356070E+04
8.43000E+00        1.37129829876E+04
8.43600E+00        1.36954514841E+04
8.44200E+00        1.36779656926E+04
8.44800E+00        1.36605008801E+04
8.45400E+00        1.36430692951E+04
8.46000E+00        1.36256831234E+04
8.46600E+00        1.36083177271E+04
8.47200E+00        1.35909975465E+04
8.47800E+00        1.35736980067E+04
8.48400E+00        1.35564434860E+04
8.49000E+00        1.35392094725E+04
8.49600E+00        1.35220202827E+04
8.50200E+00        1.35048514673E+04
8.50800E+00        1.34877272814E+04
8.51400E+00        1.34706233380E+04
8.52000E+00        1.34535517167E+04
8.52600E+00        1.34365244356E+04
8.53200E+00        1.34195172010E+04
8.53800E+00        1.34025541151E+04
8.54400E+00        1.33856109459E+04
8.55000E+00        1.33687130012E+04
8.55600E+00        1.33518323125E+04
8.56200E+00        1.33349859143E+04
8.56800E+00        1.33181819268E+04
8.57400E+00        1.33013975357E+04
8.58000E+00        1.32846566319E+04
8.58600E+00        1.32679351980E+04
8.59200E+00        1.32512451331E+04
8.59800E+00        1.32345982761E+04
8.60400E+00        1.32179707006E+04
8.61000E+00        1.32013861482E+04
8.61600E+00        1.31848207528E+04
8.62200E+00        1.31682863395E+04
8.62800E+00        1.31517946738E+04
8.63400E+00        1.31353219800E+04
8.64000E+00        1.31188918516E+04
8.64600E+00        1.31024805725E+04
8.65200E+00        1.30861116777E+04
8.65800E+00        1.30697615106E+04
8.66400E+00        1.30534417939E+04
8.67000E+00        1.30371641915E+04
8.67600E+00        1.30209051360E+04
8.68200E+00        1.30046880161E+04
8.68800E+00        1.29884893235E+04
8.69400E+00        1.29723207083E+04
8.70000E+00        1.29561937628E+04
8.70600E+00        1.29400850666E+04
8.71200E+00        1.29240178639E+04
8.71800E+00        1.29079687930E+04
8.72400E+00        1.28919494323E+04
8.73000E+00        1.28759713028E+04
8.73600E+00        1.28600111301E+04
8.74200E+00        1.28440804500E+04
8.74800E+00        1.28281907409E+04
8.75400E+00        1.28123188155E+04
8.76000E+00        1.27964876889E+04
8.76600E+00        1.27806742315E+04
8.77200E+00        1.27648899083E+04
8.77800E+00        1.27491461275E+04
8.78400E+00        1.27334198455E+04
8.79000E+00        1.27177224852E+04
8.79600E+00        1.27020654132E+04
8.80200E+00        1.26864256712E+04
8.80800E+00        1.26708260492E+04
8.81400E+00        1.26552436458E+04
8.82000E+00        1.26396898142E+04
8.82600E+00        1.26241758519E+04
8.83200E+00        1.26086789423E+04
8.83800E+00        1.25932103972E+04
8.84400E+00        1.25777814727E+04
8.85000E+00        1.25623694367E+04
8.85600E+00        1.25469855597E+04
8.86200E+00        1.25316410568E+04
8.86800E+00        1.25163132797E+04
8.87400E+00        1.25010247136E+04
8.88000E+00        1.24857527659E+04
8.88600E+00        1.24705086386E+04
8.89200E+00        1.24553034793E+04
8.89800E+00        1.24401147783E+04
8.90400E+00        1.24249536971E+04
8.91000E+00        1.24098313429E+04
8.91600E+00        1.23947252886E+04
8.92200E+00        1.23796454830E+04
8.92800E+00        1.23646065098E+04
8.93400E+00        1.23495825075E+04
8.94000E+00        1.23345857290E+04
8.94600E+00        1.23196272014E+04
8.95200E+00        1.23046846616E+04
8.95800E+00        1.22897691503E+04
8.96400E+00        1.22748916548E+04
8.97000E+00        1.22600288325E+04
8.97600E+00        1.22451951669E+04
8.98200E+00        1.22303969649E+04
8.98800E+00        1.22156156042E+04
8.99400E+00        1.22008608866E+04
9.00000E+00        1.21861437204E+04
9.00600E+00        1.21714420852E+04
9.01200E+00        1.21567669029E+04
9.01800E+00        1.21421290427E+04
9.02400E+00        1.21275065642E+04
9.03000E+00        1.21129103501E+04
9.03600E+00        1.20983512308E+04
9.04200E+00        1.20838073452E+04
9.04800E+00        1.20692895372E+04
9.05400E+00        1.20548085985E+04
9.06000E+00        1.20403438871E+04
9.06600E+00        1.20259039268E+04
9.07200E+00        1.20115006120E+04
9.07800E+00        1.19971111036E+04
9.08400E+00        1.19827484413E+04
9.09000E+00        1.19684114271E+04
9.09600E+00        1.19541107631E+04
9.10200E+00        1.19398248502E+04
9.10800E+00        1.19255655332E+04
9.11400E+00        1.19113412163E+04
9.12000E+00        1.18971315089E+04
9.12600E+00        1.18829470883E+04
9.13200E+00        1.18687974570E+04
9.13800E+00        1.18546645424E+04
9.14400E+00        1.18405556125E+04
9.15000E+00        1.18264823799E+04
9.15600E+00        1.18124234774E+04
9.16200E+00        1.17983895067E+04
9.16800E+00        1.17843804093E+04
9.17400E+00        1.17704067240E+04
9.18000E+00        1.17564471856E+04
9.18600E+00        1.17425123459E+04
9.19200E+00        1.17286127064E+04
9.19800E+00        1.17147270779E+04
9.20400E+00        1.17008659749E+04
9.21000E+00        1.16870398622E+04
9.21600E+00        1.16732276258E+04
9.22200E+00        1.16594397434E+04
9.22800E+00        1.16456761580E+04
9.23400E+00        1.16319472852E+04
9.24000E+00        1.16182321115E+04
9.24600E+00        1.16045410652E+04
9.25200E+00        1.15908845253E+04
9.25800E+00        1.15772415529E+04
9.26400E+00        1.15636225398E+04
9.27000E+00        1.15500274300E+04
9.27600E+00        1.15364665546E+04
9.28200E+00        1.15229190730E+04
9.28800E+00        1.15093953287E+04
9.29400E+00        1.14959056163E+04
9.30000E+00        1.14824291692E+04
9.30600E+00        1.14689762945E+04
9.31200E+00        1.14555469376E+04
9.31800E+00        1.14421513454E+04
9.32400E+00        1.14287688488E+04
9.33000E+00        1.14154097072E+04
9.33600E+00        1.14020841316E+04
9.34200E+00        1.13887715259E+04
9.34800E+00        1.13754831906E+04
9.35400E+00        1.13622169168E+04
9.36000E+00        1.13489839469E+04
9.36600E+00        1.13357637809E+04
9.37200E+00        1.13225665951E+04
9.37800E+00        1.13093923365E+04
9.38400E+00        1.12962511222E+04
9.39000E+00        1.12831225482E+04
9.39600E+00        1.12700167435E+04
9.40200E+00        1.12569336558E+04
9.40800E+00        1.12438833557E+04
9.41400E+00        1.12308455341E+04
9.42000E+00        1.12178302735E+04
9.42600E+00        1.12048476096E+04
9.43200E+00        1.11918773043E+04
9.43800E+00        1.11789304636E+04
9.44400E+00        1.11660049183E+04
9.45000E+00        1.11531117177E+04
9.45600E+00        1.11402307174E+04
9.46200E+00        1.11273719192E+04
9.46800E+00        1.11145352722E+04
9.47400E+00        1.11017307205E+04
9.48000E+00        1.10889382131E+04
9.48600E+00        1.10761677057E+04
9.49200E+00        1.10634191482E+04
9.49800E+00        1.10507024391E+04
9.50400E+00        1.10379976201E+04
9.51000E+00        1.10253156453E+04
9.51600E+00        1.10126642905E+04
9.52200E+00        1.10000247114E+04
9.52800E+00        1.09874067844E+04
9.53400E+00        1.09748104603E+04
9.54000E+00        1.09622455589E+04
9.54600E+00        1.09496922824E+04
9.55200E+00        1.09371604621E+04
9.55800E+00        1.09246500496E+04
9.56400E+00        1.09121708200E+04
9.57000E+00        1.08997030663E+04
9.57600E+00        1.08872576062E+04
9.58200E+00        1.08748323287E+04
9.58800E+00        1.08624282180E+04
9.59400E+00        1.08500549939E+04
9.60000E+00        1.08376930623E+04
9.60600E+00        1.08253521544E+04
9.61200E+00        1.08130322229E+04
9.61800E+00        1.08007429438E+04
9.62400E+00        1.07884648124E+04
9.63000E+00        1.07762075160E+04
9.63600E+00        1.07639710078E+04
9.64200E+00        1.07517649201E+04
9.64800E+00        1.07395708539E+04
9.65400E+00        1.07273964182E+04
9.66000E+00        1.07152425844E+04
9.66600E+00        1.07031189418E+04
9.67200E+00        1.06910061628E+04
9.67800E+00        1.06789138475E+04
9.68400E+00        1.06668419502E+04
9.69000E+00        1.06547904251E+04
9.69600E+00        1.06427688077E+04
9.70200E+00        1.06307578798E+04
9.70800E+00        1.06187671878E+04
9.71400E+00        1.06067976908E+04
9.72000E+00        1.05948473341E+04
9.72600E+00        1.05829266052E+04
9.73200E+00        1.05710163944E+04
9.73800E+00        1.05591261949E+04
9.74400E+00        1.05472559621E+04
9.75000E+00        1.05354151356E+04
9.75600E+00        1.05235846922E+04
9.76200E+00        1.05117740825E+04
9.76800E+00        1.04999832624E+04
9.77400E+00        1.04882121880E+04
9.78000E+00        1.04764712383E+04
9.78600E+00        1.04647395121E+04
9.79200E+00        1.04530274004E+04
9.79800E+00        1.04413348598E+04
9.80400E+00        1.04296618469E+04
9.81000E+00        1.04180176968E+04
9.81600E+00        1.04063835992E+04
9.82200E+00        1.03947688999E+04
9.82800E+00        1.03831735561E+04
9.83400E+00        1.03715985068E+04
9.84000E+00        1.03600510708E+04
9.84600E+00        1.03485135258E+04
9.85200E+00        1.03369951658E+04
9.85800E+00        1.03254959487E+04
9.86400E+00        1.03140158323E+04
9.87000E+00        1.03025640487E+04
9.87600E+00        1.02911219971E+04
9.88200E+00        1.02796989203E+04
9.88800E+00        1.02682957487E+04
9.89400E+00        1.02569104954E+04
9.90000E+00        1.02455533150E+04
9.90600E+00        1.02342057101E+04
9.91200E+00        1.02228768724E+04
9.91800E+00        1.02115667610E+04
9.92400E+00        1.02002753347E+04
9.93000E+00        1.01890117246E+04
9.93600E+00        1.01777575357E+04
9.94200E+00        1.01665228720E+04
9.94800E+00        1.01553057669E+04
9.95400E+00        1.01441071433E+04
9.96000E+00        1.01329269610E+04
9.96600E+00        1.01217742910E+04
9.97200E+00        1.01106308604E+04
9.97800E+00        1.00995057505E+04
9.98400E+00        1.00883989214E+04
9.99000E+00        1.00773103333E+04
9.99600E+00        1.00662408995E+04
1.00020E+01        1.00551977246E+04
1.00080E+01        1.00441636105E+04
1.00140E+01        1.00331475792E+04
1.00200E+01        1.00221495912E+04
1.00260E+01        1.00111696075E+04
1.00320E+01        1.00002165908E+04
1.00380E+01        9.98927248855E+03
1.00440E+01        9.97834721822E+03
1.00500E+01        9.96743885075E+03
1.00560E+01        9.95654829314E+03
1.00620E+01        9.94567550683E+03
1.00680E+01        9.93482939631E+03
1.00740E+01        9.92399202755E+03
1.00800E+01        9.91317231503E+03
1.00860E+01        9.90237022060E+03
1.00920E+01        9.89158664262E+03
1.00980E+01        9.88081966931E+03
1.01040E+01        9.87007908486E+03
1.01100E+01        9.85934707264E+03
1.01160E+01        9.84863248930E+03
1.01220E+01        9.83793529729E+03
1.01280E+01        9.82725545919E+03
1.01340E+01        9.81659293765E+03
1.01400E+01        9.80594862372E+03
1.01460E+01        9.79532943992E+03
1.01520E+01        9.78471863443E+03
1.01580E+01        9.77412499716E+03
1.01640E+01        9.76354849124E+03
1.01700E+01        9.75298907994E+03
1.01760E+01        9.74244672661E+03
1.01820E+01        9.73193015482E+03
1.01880E+01        9.72142179839E+03
1.01940E+01        9.71093130988E+03
1.02000E+01        9.70045681344E+03
1.02060E+01        9.68999919320E+03
1.02120E+01        9.67955841309E+03
1.02180E+01        9.66913443714E+03
1.02240E+01        9.65873592365E+03
1.02300E+01        9.64834543912E+03
1.02360E+01        9.63797165142E+03
1.02420E+01        9.62761543635E+03
1.02480E+01        9.61727493465E+03
1.02540E+01        9.60695102329E+03
1.02600E+01        9.59664366696E+03
1.02660E+01        9.58635283044E+03
1.02720E+01        9.57608709831E+03
1.02780E+01        9.56582918690E+03
1.02840E+01        9.55558769022E+03
1.02900E+01        9.54536257344E+03
1.02960E+01        9.53515470442E+03
1.03020E+01        9.52496224228E+03
1.03080E+01        9.51478605605E+03
1.03140E+01        9.50463466655E+03
1.03200E+01        9.49449091964E+03
1.03260E+01        9.48436334548E+03
1.03320E+01        9.47425190987E+03
1.03380E+01        9.46415657868E+03
1.03440E+01        9.45407731789E+03
1.03500E+01        9.44401409356E+03
1.03560E+01        9.43396776488E+03
1.03620E+01        9.42394499367E+03
1.03680E+01        9.41392966599E+03
1.03740E+01        9.40393023992E+03
1.03800E+01        9.39394668196E+03
1.03860E+01        9.38397895870E+03
1.03920E+01        9.37402703682E+03
1.03980E+01        9.36409088308E+03
1.04040E+01        9.35417046434E+03
1.04100E+01        9.34426663208E+03
1.04160E+01        9.33438598521E+03
1.04220E+01        9.32451256361E+03
1.04280E+01        9.31465474529E+03
1.04340E+01        9.30481249754E+03
1.04400E+01        9.29498578773E+03
1.04460E+01        9.28517458331E+03
1.04520E+01        9.27537885181E+03
1.04580E+01        9.26559856087E+03
1.04640E+01        9.25583367818E+03
1.04700E+01        9.24608417154E+03
1.04760E+01        9.23635919673E+03
1.04820E+01        9.22664033622E+03
1.04880E+01        9.21693675564E+03
1.04940E+01        9.20724842312E+03
1.05000E+01        9.19757530687E+03
1.05060E+01        9.18791737518E+03
1.05120E+01        9.17827459640E+03
1.05180E+01        9.16864693901E+03
1.05240E+01        9.15903437154E+03
1.05300E+01        9.14944509786E+03
1.05360E+01        9.13986260751E+03
1.05420E+01        9.13029511318E+03
1.05480E+01        9.12074344708E+03
1.05540E+01        9.11120585054E+03
1.05600E+01        9.10168315683E+03
1.05660E+01        9.09217533506E+03
1.05720E+01        9.08268235440E+03
1.05780E+01        9.07320418412E+03
1.05840E+01        9.06374079355E+03
1.05900E+01        9.05429215210E+03
1.05960E+01        9.04485822928E+03
1.06020E+01        9.03543899465E+03
1.06080E+01        9.02604254196E+03
1.06140E+01        9.01665258430E+03
1.06200E+01        9.00727807665E+03
1.06260E+01        8.99791728278E+03
1.06320E+01        8.98857102615E+03
1.06380E+01        8.97923927681E+03
1.06440E+01        8.96992200488E+03
1.06500E+01        8.96061918053E+03
1.06560E+01        8.95133077404E+03
1.06620E+01        8.94205675577E+03
1.06680E+01        8.93279709612E+03
1.06740E+01        8.92355176559E+03
1.06800E+01        8.91432073476E+03
1.06860E+01        8.90511198940E+03
1.06920E+01        8.89590946168E+03
1.06980E+01        8.88672114583E+03
1.07040E+01        8.87754701273E+03
1.07100E+01        8.86838703332E+03
1.07160E+01        8.85924117861E+03
1.07220E+01        8.85010941971E+03
1.07280E+01        8.84099172777E+03
1.07340E+01        8.83188891003E+03
1.07400E+01        8.82279926496E+03
1.07460E+01        8.81372360079E+03
1.07520E+01        8.80466188899E+03
1.07580E+01        8.79561410108E+03
1.07640E+01        8.78658020868E+03
1.07700E+01        8.77756018345E+03
1.07760E+01        8.76855399714E+03
