wasp43b_ersspectra_bb_noLD/Noodles_2021-03-26/SED_04.dat
# %ECSV 0.9
# ---
# datatype:
# - {name: wavelength, unit: micron, datatype: float64}
# - {name: flux, unit: microJansky, datatype: float64}
# schema: astropy-2.0
#
#
#  - - File generated by ExoNoodle - -
#         V1.0.0 - MML (CEA-Saclay)
#       2021-03-25 15:37:33.308590
wavelength flux 
[from data line 1730]
1.33800E+01        5.85617928995E+03
1.33860E+01        5.85125756848E+03
1.33920E+01        5.84634525290E+03
1.33980E+01        5.84143650953E+03
1.34040E+01        5.83653332279E+03
1.34100E+01        5.83163950286E+03
1.34160E+01        5.82674923079E+03
1.34220E+01        5.82186448604E+03
1.34280E+01        5.81698906925E+03
1.34340E+01        5.81211976476E+03
1.34400E+01        5.80725397594E+03
1.34460E+01        5.80239367565E+03
1.34520E+01        5.79754265186E+03
1.34580E+01        5.79269511977E+03
1.34640E+01        5.78785304734E+03
1.34700E+01        5.78302021308E+03
1.34760E+01        5.77819084673E+03
1.34820E+01        5.77336691134E+03
1.34880E+01        5.76855217600E+03
1.34940E+01        5.76374345199E+03
1.35000E+01        5.75893499633E+03
1.35060E+01        5.75413826986E+03
1.35120E+01        5.74934752485E+03
1.35180E+01        5.74456019288E+03
1.35240E+01        5.73977822561E+03
1.35300E+01        5.73500537030E+03
1.35360E+01        5.73023590476E+03
1.35420E+01        5.72547177585E+03
1.35480E+01        5.72071672148E+03
1.35540E+01        5.71596757955E+03
1.35600E+01        5.71121865481E+03
1.35660E+01        5.70648131319E+03
1.35720E+01        5.70174985474E+03
1.35780E+01        5.69701859841E+03
1.35840E+01        5.69229888187E+03
1.35900E+01        5.68758501942E+03
1.35960E+01        5.68287134415E+03
1.36020E+01        5.67816916559E+03
1.36080E+01        5.67347281220E+03
1.36140E+01        5.66877663118E+03
1.36200E+01        5.66409190401E+03
1.36260E+01        5.65941297328E+03
1.36320E+01        5.65473671870E+03
1.36380E+01        5.65006683842E+03
1.36440E+01        5.64540524448E+03
1.36500E+01        5.64074630589E+03
1.36560E+01        5.63609371167E+03
1.36620E+01        5.63144936917E+03
1.36680E+01        5.62680766138E+03
1.36740E+01        5.62217226821E+03
1.36800E+01        5.61754509234E+03
1.36860E+01        5.61292053066E+03
1.36920E+01        5.60830225405E+03
1.36980E+01        5.60369216050E+03
1.37040E+01        5.59908466078E+03
1.37100E+01        5.59448341674E+03
1.37160E+01        5.58989032173E+03
1.37220E+01        5.58529980033E+03
1.37280E+01        5.58071550539E+03
1.37340E+01        5.57613932565E+03
1.37400E+01        5.57156569944E+03
1.37460E+01        5.56699827065E+03
1.37520E+01        5.56243892340E+03
1.37580E+01        5.55788210975E+03
1.37640E+01        5.55333146465E+03
1.37700E+01        5.54878886764E+03
1.37760E+01        5.54424878443E+03
1.37820E+01        5.53971484108E+03
1.37880E+01        5.53518891255E+03
1.37940E+01        5.53066547816E+03
1.38000E+01        5.52615061625E+03
1.38060E+01        5.52163881378E+03
1.38120E+01        5.51713194708E+03
1.38180E+01        5.51263116336E+03
1.38240E+01        5.50813832847E+03
1.38300E+01        5.50364794883E+03
1.38360E+01        5.49916607310E+03
1.38420E+01        5.49468419264E+03
1.38480E+01        5.49021324252E+03
1.38540E+01        5.48574529657E+03
1.38600E+01        5.48128221897E+03
1.38660E+01        5.47682758873E+03
1.38720E+01        5.47237837936E+03
1.38780E+01        5.46792913898E+03
1.38840E+01        5.46349074946E+03
1.38900E+01        5.45905532329E+03
1.38960E+01        5.45462471564E+03
1.39020E+01        5.45020248817E+03
1.39080E+01        5.44578562918E+03
1.39140E+01        5.44136871336E+03
1.39200E+01        5.43696256974E+03
1.39260E+01        5.43255934920E+03
1.39320E+01        5.42816089797E+03
1.39380E+01        5.42377076046E+03
1.39440E+01        5.41938054495E+03
1.39500E+01        5.41500103670E+03
1.39560E+01        5.41062682805E+03
1.39620E+01        5.40625252883E+03
1.39680E+01        5.40188889818E+03
1.39740E+01        5.39753054160E+03
1.39800E+01        5.39317208199E+03
1.39860E+01        5.38882425246E+03
1.39920E+01        5.38448167161E+03
1.39980E+01        5.38013897537E+03
1.40040E+01        5.37580687093E+03
