wasp43b_ersspectra_bb_noLD/Noodles_2021-03-26/SED_04.dat
# %ECSV 0.9
# ---
# datatype:
# - {name: wavelength, unit: micron, datatype: float64}
# - {name: flux, unit: microJansky, datatype: float64}
# schema: astropy-2.0
#
#
#  - - File generated by ExoNoodle - -
#         V1.0.0 - MML (CEA-Saclay)
#       2021-03-25 15:37:33.308590
wavelength flux 
[from data line 1298]
1.07880E+01        8.74022332583E+03
1.07940E+01        8.73126911114E+03
1.08000E+01        8.72233340694E+03
1.08060E+01        8.71340658016E+03
1.08120E+01        8.70449340809E+03
1.08180E+01        8.69559386299E+03
1.08240E+01        8.68670791722E+03
1.08300E+01        8.67783554319E+03
1.08360E+01        8.66897671338E+03
1.08420E+01        8.66013140036E+03
1.08480E+01        8.65129957674E+03
1.08540E+01        8.64248121522E+03
1.08600E+01        8.63367628856E+03
1.08660E+01        8.62488476959E+03
1.08720E+01        8.61610663122E+03
1.08780E+01        8.60734184640E+03
1.08840E+01        8.59859038817E+03
1.08900E+01        8.58985222964E+03
1.08960E+01        8.58112734398E+03
1.09020E+01        8.57241570442E+03
1.09080E+01        8.56371728427E+03
1.09140E+01        8.55503205689E+03
1.09200E+01        8.54635999574E+03
1.09260E+01        8.53770107431E+03
1.09320E+01        8.52905526617E+03
1.09380E+01        8.52042254496E+03
1.09440E+01        8.51180288439E+03
1.09500E+01        8.50319625822E+03
1.09560E+01        8.49460264029E+03
1.09620E+01        8.48602200450E+03
1.09680E+01        8.47745432481E+03
1.09740E+01        8.46890800899E+03
1.09800E+01        8.46036238576E+03
1.09860E+01        8.45182876298E+03
1.09920E+01        8.44331264865E+03
1.09980E+01        8.43480936121E+03
1.10040E+01        8.42631887502E+03
1.10100E+01        8.41784579692E+03
1.10160E+01        8.40938083187E+03
1.10220E+01        8.40092859153E+03
1.10280E+01        8.39248905048E+03
1.10340E+01        8.38406218340E+03
1.10400E+01        8.37564796501E+03
1.10460E+01        8.36724637013E+03
1.10520E+01        8.35885737359E+03
1.10580E+01        8.35048095032E+03
1.10640E+01        8.34211707530E+03
1.10700E+01        8.33376572358E+03
1.10760E+01        8.32542687026E+03
1.10820E+01        8.31710049050E+03
1.10880E+01        8.30878655953E+03
1.10940E+01        8.30048505265E+03
1.11000E+01        8.29219594520E+03
1.11060E+01        8.28391921259E+03
1.11120E+01        8.27565483029E+03
1.11180E+01        8.26740277384E+03
1.11240E+01        8.25916301884E+03
1.11300E+01        8.25093100044E+03
1.11360E+01        8.24271577986E+03
1.11420E+01        8.23451278784E+03
1.11480E+01        8.22632200022E+03
1.11540E+01        8.21814791530E+03
1.11600E+01        8.20997694181E+03
1.11660E+01        8.20182262298E+03
1.11720E+01        8.19368041246E+03
1.11780E+01        8.18555028640E+03
1.11840E+01        8.17743222097E+03
1.11900E+01        8.16932619242E+03
1.11960E+01        8.16123217705E+03
1.12020E+01        8.15315015121E+03
1.12080E+01        8.14508009134E+03
1.12140E+01        8.13702197390E+03
1.12200E+01        8.12897577543E+03
1.12260E+01        8.12094147252E+03
1.12320E+01        8.11291904181E+03
1.12380E+01        8.10490484916E+03
1.12440E+01        8.09690609661E+03
1.12500E+01        8.08891914654E+03
1.12560E+01        8.08094397584E+03
1.12620E+01        8.07298056144E+03
1.12680E+01        8.06502888031E+03
1.12740E+01        8.05708890951E+03
1.12800E+01        8.04916062614E+03
1.12860E+01        8.04124400735E+03
1.12920E+01        8.03333903035E+03
1.12980E+01        8.02544567241E+03
1.13040E+01        8.01756391085E+03
1.13100E+01        8.00969372304E+03
1.13160E+01        8.00183508643E+03
1.13220E+01        7.99398797849E+03
1.13280E+01        7.98615237677E+03
1.13340E+01        7.97832825885E+03
1.13400E+01        7.97051560240E+03
1.13460E+01        7.96271438512E+03
1.13520E+01        7.95491666336E+03
1.13580E+01        7.94713826549E+03
1.13640E+01        7.93937124020E+03
1.13700E+01        7.93161556542E+03
1.13760E+01        7.92387121913E+03
1.13820E+01        7.91613817933E+03
1.13880E+01        7.90841642412E+03
1.13940E+01        7.90070593163E+03
1.14000E+01        7.89300668003E+03
1.14060E+01        7.88531864757E+03
1.14120E+01        7.87764181254E+03
1.14180E+01        7.86997615327E+03
1.14240E+01        7.86232164816E+03
1.14300E+01        7.85467477638E+03
1.14360E+01        7.84704251838E+03
1.14420E+01        7.83942135002E+03
1.14480E+01        7.83181124992E+03
1.14540E+01        7.82421219671E+03
1.14600E+01        7.81662416910E+03
1.14660E+01        7.80904284878E+03
1.14720E+01        7.80147681286E+03
1.14780E+01        7.79392173894E+03
1.14840E+01        7.78637760595E+03
1.14900E+01        7.77884439283E+03
1.14960E+01        7.77132207860E+03
1.15020E+01        7.76380718355E+03
1.15080E+01        7.75630660765E+03
1.15140E+01        7.74881686795E+03
1.15200E+01        7.74133794365E+03
1.15260E+01        7.73386981403E+03
1.15320E+01        7.72641245838E+03
1.15380E+01        7.71896585605E+03
1.15440E+01        7.71152574310E+03
1.15500E+01        7.70410058979E+03
1.15560E+01        7.69668612816E+03
1.15620E+01        7.68928233777E+03
1.15680E+01        7.68188577600E+03
1.15740E+01        7.67450327023E+03
1.15800E+01        7.66713137465E+03
1.15860E+01        7.65977006899E+03
1.15920E+01        7.65241933305E+03
1.15980E+01        7.64507914668E+03
1.16040E+01        7.63774948976E+03
1.16100E+01        7.63043034224E+03
1.16160E+01        7.62311748942E+03
1.16220E+01        7.61581930470E+03
1.16280E+01        7.60853156947E+03
1.16340E+01        7.60125087758E+03
1.16400E+01        7.59398398498E+03
1.16460E+01        7.58672748238E+03
1.16520E+01        7.57948135006E+03
1.16580E+01        7.57224556832E+03
1.16640E+01        7.56502011753E+03
1.16700E+01        7.55780497809E+03
1.16760E+01        7.55060013046E+03
1.16820E+01        7.54339804389E+03
1.16880E+01        7.53621372858E+03
1.16940E+01        7.52903964671E+03
1.17000E+01        7.52187577890E+03
1.17060E+01        7.51472210585E+03
1.17120E+01        7.50757860829E+03
1.17180E+01        7.50044526698E+03
1.17240E+01        7.49332206275E+03
1.17300E+01        7.48620897645E+03
1.17360E+01        7.47909854186E+03
1.17420E+01        7.47200564129E+03
1.17480E+01        7.46492280152E+03
1.17540E+01        7.45785000358E+03
1.17600E+01        7.45078722857E+03
1.17660E+01        7.44373445761E+03
1.17720E+01        7.43669167188E+03
1.17780E+01        7.42965885261E+03
1.17840E+01        7.42263598105E+03
1.17900E+01        7.41561973502E+03
1.17960E+01        7.40861262946E+03
1.18020E+01        7.40161949605E+03
1.18080E+01        7.39463623584E+03
1.18140E+01        7.38766283031E+03
1.18200E+01        7.38069926100E+03
1.18260E+01        7.37374550946E+03
1.18320E+01        7.36680155731E+03
1.18380E+01        7.35986410758E+03
1.18440E+01        7.35293970231E+03
1.18500E+01        7.34602099946E+03
1.18560E+01        7.33911606873E+03
1.18620E+01        7.33222084608E+03
1.18680E+01        7.32533531338E+03
1.18740E+01        7.31845945253E+03
1.18800E+01        7.31158998838E+03
1.18860E+01        7.30473342020E+03
1.18920E+01        7.29788646986E+03
1.18980E+01        7.29104510764E+03
1.19040E+01        7.28421734299E+03
1.19100E+01        7.27739914252E+03
1.19160E+01        7.27059048844E+03
1.19220E+01        7.26378812719E+03
1.19280E+01        7.25699851567E+03
1.19340E+01        7.25021839738E+03
1.19400E+01        7.24344775468E+03
1.19460E+01        7.23668258815E+03
1.19520E+01        7.22993084763E+03
1.19580E+01        7.22318853003E+03
1.19640E+01        7.21645561790E+03
1.19700E+01        7.20972888210E+03
1.19760E+01        7.20301473162E+03
1.19820E+01        7.19630993443E+03
1.19880E+01        7.18961051729E+03
1.19940E+01        7.18292437844E+03
1.20000E+01        7.17624754105E+03
1.20060E+01        7.16957998794E+03
1.20120E+01        7.16291851112E+03
1.20180E+01        7.15626947809E+03
1.20240E+01        7.14962967798E+03
1.20300E+01        7.14299516353E+03
1.20360E+01        7.13637378186E+03
1.20420E+01        7.12976158212E+03
1.20480E+01        7.12315537432E+03
1.20540E+01        7.11656149068E+03
1.20600E+01        7.10997673834E+03
1.20660E+01        7.10339719205E+03
1.20720E+01        7.09683065556E+03
1.20780E+01        7.09027320006E+03
1.20840E+01        7.08372480888E+03
1.20900E+01        7.07718231277E+03
1.20960E+01        7.07065200323E+03
1.21020E+01        7.06413070817E+03
1.21080E+01        7.05761452784E+03
1.21140E+01        7.05111121577E+03
1.21200E+01        7.04461686869E+03
1.21260E+01        7.03812833499E+03
1.21320E+01        7.03165187154E+03
1.21380E+01        7.02518432393E+03
1.21440E+01        7.01872181405E+03
1.21500E+01        7.01227205277E+03
1.21560E+01        7.00583115851E+03
1.21620E+01        6.99939599715E+03
1.21680E+01        6.99297279122E+03
1.21740E+01        6.98655840383E+03
1.21800E+01        6.98014897831E+03
1.21860E+01        6.97375218326E+03
1.21920E+01        6.96736415859E+03
1.21980E+01        6.96098178752E+03
1.22040E+01        6.95461125852E+03
1.22100E+01        6.94824945207E+03
1.22160E+01        6.94189635229E+03
1.22220E+01        6.93554812734E+03
1.22280E+01        6.92920931030E+03
1.22340E+01        6.92288224198E+03
1.22400E+01        6.91656381719E+03
1.22460E+01        6.91025402026E+03
1.22520E+01        6.90394903693E+03
1.22580E+01        6.89765645223E+03
1.22640E+01        6.89136937877E+03
1.22700E+01        6.88509394329E+03
1.22760E+01        6.87882705773E+03
1.22820E+01        6.87256870661E+03
1.22880E+01        6.86631509661E+03
1.22940E+01        6.86007071570E+03
1.23000E+01        6.85383788158E+03
1.23060E+01        6.84761352031E+03
1.23120E+01        6.84139761660E+03
1.23180E+01        6.83518639445E+03
1.23240E+01        6.82898736348E+03
1.23300E+01        6.82279370517E+03
1.23360E+01        6.81661148546E+03
1.23420E+01        6.81043764729E+03
1.23480E+01        6.80427217554E+03
1.23540E+01        6.79811131484E+03
1.23600E+01        6.79195950875E+03
1.23660E+01        6.78581905215E+03
1.23720E+01        6.77968690190E+03
1.23780E+01        6.77356304308E+03
1.23840E+01        6.76744373736E+03
1.23900E+01        6.76133340831E+03
1.23960E+01        6.75523434058E+03
1.24020E+01        6.74914350487E+03
1.24080E+01        6.74306088641E+03
1.24140E+01        6.73698276383E+03
1.24200E+01        6.73091354085E+03
1.24260E+01        6.72485549193E+03
1.24320E+01        6.71880560153E+03
1.24380E+01        6.71276385503E+03
1.24440E+01        6.70672654789E+03
1.24500E+01        6.70069806412E+03
1.24560E+01        6.69468066806E+03
1.24620E+01        6.68867135783E+03
1.24680E+01        6.68267011897E+03
1.24740E+01        6.67667326365E+03
1.24800E+01        6.67068515630E+03
1.24860E+01        6.66470805122E+03
1.24920E+01        6.65873896007E+03
1.24980E+01        6.65277786858E+03
1.25040E+01        6.64682110549E+03
1.25100E+01        6.64087301579E+03
1.25160E+01        6.63493584380E+03
1.25220E+01        6.62900661465E+03
1.25280E+01        6.62308167029E+03
1.25340E+01        6.61716828774E+03
1.25400E+01        6.61125986088E+03
1.25460E+01        6.60536226805E+03
1.25520E+01        6.59947254775E+03
1.25580E+01        6.59358705833E+03
1.25640E+01        6.58771304446E+03
1.25700E+01        6.58184392955E+03
1.25760E+01        6.57598556585E+03
1.25820E+01        6.57013500514E+03
1.25880E+01        6.56428862207E+03
1.25940E+01        6.55845070783E+03
1.26000E+01        6.55262347916E+03
1.26060E+01        6.54680399840E+03
1.26120E+01        6.54098865315E+03
1.26180E+01        6.53518463038E+03
1.26240E+01        6.52938540616E+03
1.26300E+01        6.52359678622E+03
1.26360E+01        6.51781584602E+03
1.26420E+01        6.51203898925E+03
1.26480E+01        6.50627337113E+03
1.26540E+01        6.50051249672E+03
1.26600E+01        6.49476214612E+03
1.26660E+01        6.48901583775E+03
1.26720E+01        6.48328070157E+03
1.26780E+01        6.47755026569E+03
1.26840E+01        6.47183028985E+03
1.26900E+01        6.46611787293E+03
1.26960E+01        6.46040944730E+03
1.27020E+01        6.45471211154E+03
1.27080E+01        6.44901942242E+03
1.27140E+01        6.44333711435E+03
1.27200E+01        6.43765875727E+03
1.27260E+01        6.43199142481E+03
1.27320E+01        6.42632869650E+03
1.27380E+01        6.42067628663E+03
1.27440E+01        6.41502778785E+03
1.27500E+01        6.40939024896E+03
1.27560E+01        6.40375727214E+03
1.27620E+01        6.39813455166E+03
1.27680E+01        6.39251921972E+03
1.27740E+01        6.38690774953E+03
1.27800E+01        6.38130715906E+03
1.27860E+01        6.37571107863E+03
1.27920E+01        6.37012517762E+03
1.27980E+01        6.36454309933E+03
1.28040E+01        6.35897183718E+03
1.28100E+01        6.35340504390E+03
1.28160E+01        6.34784836906E+03
1.28220E+01        6.34229547829E+03
1.28280E+01        6.33675334061E+03
1.28340E+01        6.33121563100E+03
1.28400E+01        6.32568797935E+03
1.28460E+01        6.32016407350E+03
1.28520E+01        6.31465085817E+03
1.28580E+01        6.30914203051E+03
1.28640E+01        6.30364320083E+03
1.28700E+01        6.29814807903E+03
1.28760E+01        6.29266358570E+03
1.28820E+01        6.28718344001E+03
1.28880E+01        6.28171323279E+03
1.28940E+01        6.27624669592E+03
1.29000E+01        6.27079072595E+03
1.29060E+01        6.26533906398E+03
1.29120E+01        6.25989728145E+03
1.29180E+01        6.25445913209E+03
1.29240E+01        6.24903148856E+03
1.29300E+01        6.24360811375E+03
1.29360E+01        6.23819455984E+03
1.29420E+01        6.23278460228E+03
1.29480E+01        6.22738508995E+03
1.29540E+01        6.22199257878E+03
1.29600E+01        6.21660428775E+03
1.29660E+01        6.21122232796E+03
1.29720E+01        6.20585075328E+03
1.29780E+01        6.20048336988E+03
1.29840E+01        6.19512228340E+03
1.29900E+01        6.18977153726E+03
1.29960E+01        6.18442770832E+03
1.30020E+01        6.17908803250E+03
1.30080E+01        6.17375460820E+03
1.30140E+01        6.16843146495E+03
1.30200E+01        6.16311519149E+03
1.30260E+01        6.15780303333E+03
1.30320E+01        6.15249708170E+03
1.30380E+01        6.14720135229E+03
1.30440E+01        6.14191244568E+03
1.30500E+01        6.13662424084E+03
1.30560E+01        6.13134895004E+03
1.30620E+01        6.12608044704E+03
1.30680E+01        6.12081872024E+03
1.30740E+01        6.11555766971E+03
1.30800E+01        6.11030946579E+03
1.30860E+01        6.10506800337E+03
1.30920E+01        6.09983327094E+03
1.30980E+01        6.09459918955E+03
1.31040E+01        6.08937788786E+03
1.31100E+01        6.08416328176E+03
1.31160E+01        6.07894930796E+03
1.31220E+01        6.07374806400E+03
1.31280E+01        6.06855348146E+03
1.31340E+01        6.06336554898E+03
1.31400E+01        6.05817822407E+03
1.31460E+01        6.05300356295E+03
1.31520E+01        6.04783551801E+03
1.31580E+01        6.04267407800E+03
1.31640E+01        6.03751322112E+03
1.31700E+01        6.03236496246E+03
1.31760E+01        6.02722327513E+03
1.31820E+01        6.02208215276E+03
1.31880E+01        6.01695357976E+03
1.31940E+01        6.01183154470E+03
1.32000E+01        6.00671603649E+03
1.32060E+01        6.00160106928E+03
1.32120E+01        5.99649858672E+03
1.32180E+01        5.99140259790E+03
1.32240E+01        5.98630979854E+03
1.32300E+01        5.98122410308E+03
1.32360E+01        5.97614753472E+03
1.32420E+01        5.97107413138E+03
1.32480E+01        5.96600779756E+03
1.32540E+01        5.96095055136E+03
1.32600E+01        5.95589972246E+03
1.32660E+01        5.95085202626E+03
1.32720E+01        5.94581135407E+03
1.32780E+01        5.94077971722E+03
1.32840E+01        5.93575118903E+03
1.32900E+01        5.93073229246E+03
1.32960E+01        5.92571710930E+03
1.33020E+01        5.92071090961E+03
1.33080E+01        5.91570778680E+03
1.33140E+01        5.91071160927E+03
1.33200E+01        5.90572437655E+03
1.33260E+01        5.90074019708E+03
1.33320E+01        5.89576292949E+03
1.33380E+01        5.89079456830E+03
1.33440E+01        5.88583247486E+03
1.33500E+01        5.88087340341E+03
1.33560E+01        5.87592119962E+03
1.33620E+01        5.87097785136E+03
1.33680E+01        5.86603750186E+03
