wasp43b_ersspectra_bb_noLD/Noodles_2021-03-26/SED_01.dat
# %ECSV 0.9
# ---
# datatype:
# - {name: wavelength, unit: micron, datatype: float64}
# - {name: flux, unit: microJansky, datatype: float64}
# schema: astropy-2.0
#
#
#  - - File generated by ExoNoodle - -
#         V1.0.0 - MML (CEA-Saclay)
#       2021-03-25 15:37:33.308590
wavelength flux 
[from data line 1298]
1.07880E+01        8.72524201884E+03
1.07940E+01        8.71630316715E+03
1.08000E+01        8.70737837787E+03
1.08060E+01        8.69846687162E+03
1.08120E+01        8.68956899662E+03
1.08180E+01        8.68068472521E+03
1.08240E+01        8.67181402978E+03
1.08300E+01        8.66295688279E+03
1.08360E+01        8.65411325677E+03
1.08420E+01        8.64528312433E+03
1.08480E+01        8.63646645813E+03
1.08540E+01        8.62766323093E+03
1.08600E+01        8.61887341552E+03
1.08660E+01        8.61009698478E+03
1.08720E+01        8.60133391166E+03
1.08780E+01        8.59258416917E+03
1.08840E+01        8.58384773040E+03
1.08900E+01        8.57512456849E+03
1.08960E+01        8.56641465666E+03
1.09020E+01        8.55771796819E+03
1.09080E+01        8.54903447644E+03
1.09140E+01        8.54036415481E+03
1.09200E+01        8.53170697680E+03
1.09260E+01        8.52306291596E+03
1.09320E+01        8.51443194589E+03
1.09380E+01        8.50581404030E+03
1.09440E+01        8.49720917291E+03
1.09500E+01        8.48861731755E+03
1.09560E+01        8.48003844809E+03
1.09620E+01        8.47147253849E+03
1.09680E+01        8.46291956274E+03
1.09740E+01        8.45438792866E+03
1.09800E+01        8.44585267348E+03
1.09860E+01        8.43733797973E+03
1.09920E+01        8.42883648081E+03
1.09980E+01        8.42034778677E+03
1.10040E+01        8.41187187201E+03
1.10100E+01        8.40340907343E+03
1.10160E+01        8.39495864029E+03
1.10220E+01        8.38652090998E+03
1.10280E+01        8.37809585717E+03
1.10340E+01        8.36968345656E+03
1.10400E+01        8.36128368292E+03
1.10460E+01        8.35289651111E+03
1.10520E+01        8.34452191601E+03
1.10580E+01        8.33615987258E+03
1.10640E+01        8.32781035586E+03
1.10700E+01        8.31947334093E+03
1.10760E+01        8.31114880293E+03
1.10820E+01        8.30283671708E+03
1.10880E+01        8.29453705864E+03
1.10940E+01        8.28624980295E+03
1.11000E+01        8.27797492540E+03
1.11060E+01        8.26971240143E+03
1.11120E+01        8.26146220658E+03
1.11180E+01        8.25322431640E+03
1.11240E+01        8.24499870654E+03
1.11300E+01        8.23678499742E+03
1.11360E+01        8.22858387568E+03
1.11420E+01        8.22039496152E+03
1.11480E+01        8.21221823081E+03
1.11540E+01        8.20405401333E+03
1.11600E+01        8.19590122352E+03
1.11660E+01        8.18776089899E+03
1.11720E+01        8.17963266198E+03
1.11780E+01        8.17151648869E+03
1.11840E+01        8.16341235531E+03
1.11900E+01        8.15532023816E+03
1.11960E+01        8.14724011355E+03
1.12020E+01        8.13917195791E+03
1.12080E+01        8.13111574768E+03
1.12140E+01        8.12307145938E+03
1.12200E+01        8.11503906959E+03
1.12260E+01        8.10701855494E+03
1.12320E+01        8.09900989211E+03
1.12380E+01        8.09100533593E+03
1.12440E+01        8.08302031467E+03
1.12500E+01        8.07504707563E+03
1.12560E+01        8.06708559573E+03
1.12620E+01        8.05913585193E+03
1.12680E+01        8.05119782127E+03
1.12740E+01        8.04327148082E+03
1.12800E+01        8.03535680773E+03
1.12860E+01        8.02745377919E+03
1.12920E+01        8.01956237245E+03
1.12980E+01        8.01168256481E+03
1.13040E+01        8.00381433364E+03
1.13100E+01        7.99595765635E+03
1.13160E+01        7.98811251042E+03
1.13220E+01        7.98027887336E+03
1.13280E+01        7.97245672276E+03
1.13340E+01        7.96464603625E+03
1.13400E+01        7.95684679152E+03
1.13460E+01        7.94905896631E+03
1.13520E+01        7.94127461702E+03
1.13580E+01        7.93350957205E+03
1.13640E+01        7.92575588013E+03
1.13700E+01        7.91801351924E+03
1.13760E+01        7.91028246736E+03
1.13820E+01        7.90256270258E+03
1.13880E+01        7.89485420301E+03
1.13940E+01        7.88715694680E+03
1.14000E+01        7.87947091219E+03
1.14060E+01        7.87179607746E+03
1.14120E+01        7.86413242091E+03
1.14180E+01        7.85647992094E+03
1.14240E+01        7.84883855598E+03
1.14300E+01        7.84120082121E+03
1.14360E+01        7.83358166903E+03
1.14420E+01        7.82597358746E+03
1.14480E+01        7.81837655511E+03
1.14540E+01        7.81079055069E+03
1.14600E+01        7.80321555293E+03
1.14660E+01        7.79565120440E+03
1.14720E+01        7.78809815672E+03
1.14780E+01        7.78055605222E+03
1.14840E+01        7.77302486985E+03
1.14900E+01        7.76550458860E+03
1.14960E+01        7.75799518752E+03
1.15020E+01        7.75048924906E+03
1.15080E+01        7.74300155280E+03
1.15140E+01        7.73552467413E+03
1.15200E+01        7.72805859228E+03
1.15260E+01        7.72060328656E+03
1.15320E+01        7.71315873630E+03
1.15380E+01        7.70572492091E+03
1.15440E+01        7.69830148779E+03
1.15500E+01        7.69088908080E+03
1.15560E+01        7.68348734713E+03
1.15620E+01        7.67609626638E+03
1.15680E+01        7.66870849965E+03
1.15740E+01        7.66133867072E+03
1.15800E+01        7.65397943375E+03
1.15860E+01        7.64663076851E+03
1.15920E+01        7.63929265484E+03
1.15980E+01        7.63196507261E+03
1.16040E+01        7.62464800175E+03
1.16100E+01        7.61734142223E+03
1.16160E+01        7.61004498586E+03
1.16220E+01        7.60275932944E+03
1.16280E+01        7.59548410456E+03
1.16340E+01        7.58821204975E+03
1.16400E+01        7.58095763541E+03
1.16460E+01        7.57371359322E+03
1.16520E+01        7.56647990349E+03
1.16580E+01        7.55925654657E+03
1.16640E+01        7.55204350285E+03
1.16700E+01        7.54484075276E+03
1.16760E+01        7.53764827681E+03
1.16820E+01        7.53045854428E+03
1.16880E+01        7.52328656539E+03
1.16940E+01        7.51612480236E+03
1.17000E+01        7.50897323586E+03
1.17060E+01        7.50183184659E+03
1.17120E+01        7.49470061534E+03
1.17180E+01        7.48757952289E+03
1.17240E+01        7.48046855011E+03
1.17300E+01        7.47336767789E+03
1.17360E+01        7.46626944002E+03
1.17420E+01        7.45918871886E+03
1.17480E+01        7.45211804121E+03
1.17540E+01        7.44505738815E+03
1.17600E+01        7.43800674079E+03
1.17660E+01        7.43096608031E+03
1.17720E+01        7.42393538791E+03
1.17780E+01        7.41691464484E+03
1.17840E+01        7.40990383240E+03
1.17900E+01        7.40289586731E+03
1.17960E+01        7.39590454791E+03
1.18020E+01        7.38892342254E+03
1.18080E+01        7.38195215342E+03
1.18140E+01        7.37499072206E+03
1.18200E+01        7.36803911000E+03
1.18260E+01        7.36109729887E+03
1.18320E+01        7.35416527029E+03
1.18380E+01        7.34723599450E+03
1.18440E+01        7.34032348274E+03
1.18500E+01        7.33342038245E+03
1.18560E+01        7.32652730827E+03
1.18620E+01        7.31964392549E+03
1.18680E+01        7.31277021602E+03
1.18740E+01        7.30590616179E+03
1.18800E+01        7.29904477937E+03
1.18860E+01        7.29219998815E+03
1.18920E+01        7.28536479824E+03
1.18980E+01        7.27853887785E+03
1.19040E+01        7.27172283721E+03
1.19100E+01        7.26491634433E+03
1.19160E+01        7.25811938143E+03
1.19220E+01        7.25132501095E+03
1.19280E+01        7.24454706136E+03
1.19340E+01        7.23777858869E+03
1.19400E+01        7.23101957533E+03
1.19460E+01        7.22426969216E+03
1.19520E+01        7.21752954507E+03
1.19580E+01        7.21079880473E+03
1.19640E+01        7.20407745369E+03
1.19700E+01        7.19735860626E+03
1.19760E+01        7.19065598806E+03
1.19820E+01        7.18396270707E+03
1.19880E+01        7.17727843649E+03
1.19940E+01        7.17060377840E+03
1.20000E+01        7.16393840580E+03
1.20060E+01        7.15728230152E+03
1.20120E+01        7.15062862478E+03
1.20180E+01        7.14399101216E+03
1.20240E+01        7.13736261659E+03
1.20300E+01        7.13074311357E+03
1.20360E+01        7.12413310144E+03
1.20420E+01        7.11753225547E+03
1.20480E+01        7.11093377303E+03
1.20540E+01        7.10435121505E+03
1.20600E+01        7.09777777268E+03
1.20660E+01        7.09121312332E+03
1.20720E+01        7.08465786217E+03
1.20780E+01        7.07811166641E+03
1.20840E+01        7.07157451941E+03
1.20900E+01        7.06503966262E+03
1.20960E+01        7.05852056951E+03
1.21020E+01        7.05201047540E+03
1.21080E+01        7.04550905993E+03
1.21140E+01        7.03901691461E+03
1.21200E+01        7.03253371888E+03
1.21260E+01        7.02605275167E+03
1.21320E+01        7.01958741215E+03
1.21380E+01        7.01313097315E+03
1.21440E+01        7.00668311622E+03
1.21500E+01        7.00024442972E+03
1.21560E+01        6.99381459500E+03
1.21620E+01        6.98738692816E+03
1.21680E+01        6.98097475466E+03
1.21740E+01        6.97457138454E+03
1.21800E+01        6.96817650123E+03
1.21860E+01        6.96179068999E+03
1.21920E+01        6.95541363406E+03
1.21980E+01        6.94903868637E+03
1.22040E+01        6.94267909930E+03
1.22100E+01        6.93632821979E+03
1.22160E+01        6.92998603199E+03
1.22220E+01        6.92365222151E+03
1.22280E+01        6.91732076920E+03
1.22340E+01        6.91100456814E+03
1.22400E+01        6.90469699577E+03
1.22460E+01        6.89839803643E+03
1.22520E+01        6.89210737726E+03
1.22580E+01        6.88582559739E+03
1.22640E+01        6.87954581902E+03
1.22700E+01        6.87328116211E+03
1.22760E+01        6.86702504041E+03
1.22820E+01        6.86077743850E+03
1.22880E+01        6.85453804534E+03
1.22940E+01        6.84830090212E+03
1.23000E+01        6.84207877337E+03
1.23060E+01        6.83586510292E+03
1.23120E+01        6.82965987549E+03
1.23180E+01        6.82346278158E+03
1.23240E+01        6.81727439476E+03
1.23300E+01        6.81108790597E+03
1.23360E+01        6.80491630468E+03
1.23420E+01        6.79875307052E+03
1.23480E+01        6.79259818842E+03
1.23540E+01        6.78645135067E+03
1.23600E+01        6.78030665789E+03
1.23660E+01        6.77417674795E+03
1.23720E+01        6.76805513010E+03
1.23780E+01        6.76194178943E+03
1.23840E+01        6.75583641973E+03
1.23900E+01        6.74973314833E+03
1.23960E+01        6.74364455617E+03
1.24020E+01        6.73756418188E+03
1.24080E+01        6.73149201073E+03
1.24140E+01        6.72542773798E+03
1.24200E+01        6.71936551751E+03
1.24260E+01        6.71331787369E+03
1.24320E+01        6.70727837437E+03
1.24380E+01        6.70124700496E+03
1.24440E+01        6.69522346220E+03
1.24500E+01        6.68920192634E+03
1.24560E+01        6.68319486554E+03
1.24620E+01        6.67719587667E+03
1.24680E+01        6.67120494531E+03
1.24740E+01        6.66522176965E+03
1.24800E+01        6.65924055612E+03
1.24860E+01        6.65327371708E+03
1.24920E+01        6.64731487821E+03
1.24980E+01        6.64136402524E+03
1.25040E+01        6.63542085781E+03
1.25100E+01        6.62947960836E+03
1.25160E+01        6.62355263381E+03
1.25220E+01        6.61763358845E+03
1.25280E+01        6.61172217306E+03
1.25340E+01        6.60581894408E+03
1.25400E+01        6.59991730441E+03
1.25460E+01        6.59402984102E+03
1.25520E+01        6.58815023663E+03
1.25580E+01        6.58227819347E+03
1.25640E+01        6.57641426554E+03
1.25700E+01        6.57055188526E+03
1.25760E+01        6.56470358361E+03
1.25820E+01        6.55886307154E+03
1.25880E+01        6.55303005269E+03
1.25940E+01        6.54719883139E+03
1.26000E+01        6.54138161128E+03
1.26060E+01        6.53557212577E+03
1.26120E+01        6.52977007962E+03
1.26180E+01        6.52397602259E+03
1.26240E+01        6.51818343964E+03
1.26300E+01        6.51240476193E+03
1.26360E+01        6.50663375077E+03
1.26420E+01        6.50087011232E+03
1.26480E+01        6.49511439398E+03
1.26540E+01        6.48936010965E+03
1.26600E+01        6.48361963554E+03
1.26660E+01        6.47788648134E+03
1.26720E+01        6.47216119260E+03
1.26780E+01        6.46643730620E+03
1.26840E+01        6.46072715467E+03
1.26900E+01        6.45502454907E+03
1.26960E+01        6.44932919803E+03
1.27020E+01        6.44364164480E+03
1.27080E+01        6.43795545483E+03
1.27140E+01        6.43228290635E+03
1.27200E+01        6.42661756069E+03
1.27260E+01        6.42095995923E+03
1.27320E+01        6.41530369015E+03
1.27380E+01        6.40966098852E+03
1.27440E+01        6.40402543840E+03
1.27500E+01        6.39839757934E+03
1.27560E+01        6.39277102213E+03
1.27620E+01        6.38715795889E+03
1.27680E+01        6.38155227149E+03
1.27740E+01        6.37595367210E+03
1.27800E+01        6.37036269800E+03
1.27860E+01        6.36477298807E+03
1.27920E+01        6.35919668104E+03
1.27980E+01        6.35362741173E+03
1.28040E+01        6.34806571559E+03
1.28100E+01        6.34250525385E+03
1.28160E+01        6.33695812279E+03
1.28220E+01        6.33141797959E+03
1.28280E+01        6.32588535790E+03
1.28340E+01        6.32035394116E+03
1.28400E+01        6.31483578343E+03
1.28460E+01        6.30932456414E+03
1.28520E+01        6.30382081514E+03
1.28580E+01        6.29831824196E+03
1.28640E+01        6.29282885669E+03
1.28700E+01        6.28734636086E+03
1.28760E+01        6.28187128452E+03
1.28820E+01        6.27639735522E+03
1.28880E+01        6.27093654324E+03
1.28940E+01        6.26548257214E+03
1.29000E+01        6.26003597018E+03
1.29060E+01        6.25459048679E+03
1.29120E+01        6.24915805067E+03
1.29180E+01        6.24373240728E+03
1.29240E+01        6.23831408311E+03
1.29300E+01        6.23289684935E+03
1.29360E+01        6.22749259335E+03
1.29420E+01        6.22209508234E+03
1.29480E+01        6.21670484107E+03
1.29540E+01        6.21132158891E+03
1.29600E+01        6.20593939242E+03
1.29660E+01        6.20056982015E+03
1.29720E+01        6.19520746854E+03
1.29780E+01        6.18984615196E+03
1.29840E+01        6.18449740901E+03
1.29900E+01        6.17915585017E+03
1.29960E+01        6.17382119666E+03
1.30020E+01        6.16848755094E+03
1.30080E+01        6.16316641182E+03
1.30140E+01        6.15785240847E+03
1.30200E+01        6.15254526311E+03
1.30260E+01        6.14723909862E+03
1.30320E+01        6.14194537420E+03
1.30380E+01        6.13665873762E+03
1.30440E+01        6.13137891211E+03
1.30500E+01        6.12609977667E+03
1.30560E+01        6.12083354360E+03
1.30620E+01        6.11557408667E+03
1.30680E+01        6.11032139429E+03
1.30740E+01        6.10506936656E+03
1.30800E+01        6.09983017385E+03
1.30860E+01        6.09459771106E+03
1.30920E+01        6.08937196670E+03
1.30980E+01        6.08414686183E+03
1.31040E+01        6.07893452515E+03
1.31100E+01        6.07372887255E+03
1.31160E+01        6.06852384078E+03
1.31220E+01        6.06333152739E+03
1.31280E+01        6.05814586396E+03
1.31340E+01        6.05296683918E+03
1.31400E+01        6.04778841057E+03
1.31460E+01        6.04262263436E+03
1.31520E+01        6.03746346297E+03
1.31580E+01        6.03231088516E+03
1.31640E+01        6.02715887915E+03
1.31700E+01        6.02201946006E+03
1.31760E+01        6.01688660101E+03
1.31820E+01        6.01175429565E+03
1.31880E+01        6.00663452842E+03
1.31940E+01        6.00152128789E+03
1.32000E+01        5.99641456300E+03
1.32060E+01        5.99130836792E+03
1.32120E+01        5.98621464632E+03
1.32180E+01        5.98112740731E+03
1.32240E+01        5.97604638223E+03
1.32300E+01        5.97096637870E+03
1.32360E+01        5.96589852680E+03
1.32420E+01        5.96083685672E+03
1.32480E+01        5.95577618933E+03
1.32540E+01        5.95072762640E+03
1.32600E+01        5.94568546975E+03
1.32660E+01        5.94064945242E+03
1.32720E+01        5.93561441287E+03
1.32780E+01        5.93059141531E+03
1.32840E+01        5.92557452543E+03
1.32900E+01        5.92056424372E+03
1.32960E+01        5.91555465966E+03
1.33020E+01        5.91055705558E+03
1.33080E+01        5.90556551729E+03
1.33140E+01        5.90057491385E+03
1.33200E+01        5.89559624417E+03
1.33260E+01        5.89062360911E+03
1.33320E+01        5.88565189074E+03
1.33380E+01        5.88069206019E+03
1.33440E+01        5.87573848661E+03
1.33500E+01        5.87079090639E+03
1.33560E+01        5.86584421888E+03
1.33620E+01        5.86090935831E+03
1.33680E+01        5.85598046036E+03
