wasp43b_ersspectra_bb_noLD/Noodles_2021-03-26/SED_01.dat
# %ECSV 0.9
# ---
# datatype:
# - {name: wavelength, unit: micron, datatype: float64}
# - {name: flux, unit: microJansky, datatype: float64}
# schema: astropy-2.0
#
#
#  - - File generated by ExoNoodle - -
#         V1.0.0 - MML (CEA-Saclay)
#       2021-03-25 15:37:33.308590
wavelength flux 
[from data line 1730]
1.33800E+01        5.84613619583E+03
1.33860E+01        5.84122588645E+03
1.33920E+01        5.83632200276E+03
1.33980E+01        5.83141871859E+03
1.34040E+01        5.82652690464E+03
1.34100E+01        5.82164148485E+03
1.34160E+01        5.81675664774E+03
1.34220E+01        5.81188323669E+03
1.34280E+01        5.80701618844E+03
1.34340E+01        5.80215524201E+03
1.34400E+01        5.79729485602E+03
1.34460E+01        5.79244583758E+03
1.34520E+01        5.78760314046E+03
1.34580E+01        5.78276098727E+03
1.34640E+01        5.77793015802E+03
1.34700E+01        5.77310561920E+03
1.34760E+01        5.76828160793E+03
1.34820E+01        5.76346887724E+03
1.34880E+01        5.75866240627E+03
1.34940E+01        5.75386193632E+03
1.35000E+01        5.74906172440E+03
1.35060E+01        5.74427323139E+03
1.35120E+01        5.73949070957E+03
1.35180E+01        5.73470867760E+03
1.35240E+01        5.72993782595E+03
1.35300E+01        5.72517316311E+03
1.35360E+01        5.72040897419E+03
1.35420E+01        5.71565592302E+03
1.35480E+01        5.71090903056E+03
1.35540E+01        5.70616804040E+03
1.35600E+01        5.70142725729E+03
1.35660E+01        5.69669804717E+03
1.35720E+01        5.69197471012E+03
1.35780E+01        5.68725156511E+03
1.35840E+01        5.68253994983E+03
1.35900E+01        5.67783417857E+03
1.35960E+01        5.67312858447E+03
1.36020E+01        5.66843447705E+03
1.36080E+01        5.66374618480E+03
1.36140E+01        5.65905805493E+03
1.36200E+01        5.65438136895E+03
1.36260E+01        5.64971046945E+03
1.36320E+01        5.64504510351E+03
1.36380E+01        5.64038036726E+03
1.36440E+01        5.63572677478E+03
1.36500E+01        5.63107868801E+03
1.36560E+01        5.62643121527E+03
1.36620E+01        5.62179484462E+03
1.36680E+01        5.61716395201E+03
1.36740E+01        5.61253365786E+03
1.36800E+01        5.60791442437E+03
1.36860E+01        5.60330064141E+03
1.36920E+01        5.59868744149E+03
1.36980E+01        5.59408526100E+03
1.37040E+01        5.58948850370E+03
1.37100E+01        5.58489231414E+03
1.37160E+01        5.58030710301E+03
1.37220E+01        5.57572728790E+03
1.37280E+01        5.57114802536E+03
1.37340E+01        5.56657970045E+03
1.37400E+01        5.56201674456E+03
1.37460E+01        5.55745432619E+03
1.37520E+01        5.55290280489E+03
1.37580E+01        5.54835662577E+03
1.37640E+01        5.54381096924E+03
1.37700E+01        5.53927616942E+03
1.37760E+01        5.53474668511E+03
1.37820E+01        5.53021770858E+03
1.37880E+01        5.52569954862E+03
1.37940E+01        5.52118667767E+03
1.38000E+01        5.51667956305E+03
1.38060E+01        5.51217269858E+03
1.38120E+01        5.50767636003E+03
1.38180E+01        5.50318049999E+03
1.38240E+01        5.49869537687E+03
1.38300E+01        5.49421549024E+03
1.38360E+01        5.48974130518E+03
1.38420E+01        5.48526710600E+03
1.38480E+01        5.48080382781E+03
1.38540E+01        5.47634076285E+03
1.38600E+01        5.47188812007E+03
1.38660E+01        5.46744113374E+03
1.38720E+01        5.46299955897E+03
1.38780E+01        5.45855794392E+03
1.38840E+01        5.45412717044E+03
1.38900E+01        5.44969658301E+03
1.38960E+01        5.44527634094E+03
1.39020E+01        5.44086170177E+03
1.39080E+01        5.43645242187E+03
1.39140E+01        5.43204307594E+03
1.39200E+01        5.42764449302E+03
1.39260E+01        5.42324606942E+03
1.39320E+01        5.41885791516E+03
1.39380E+01        5.41447531089E+03
1.39440E+01        5.41009261948E+03
1.39500E+01        5.40572062622E+03
1.39560E+01        5.40135392347E+03
1.39620E+01        5.39698712107E+03
1.39680E+01        5.39263097816E+03
1.39740E+01        5.38828010027E+03
1.39800E+01        5.38392911031E+03
1.39860E+01        5.37958874141E+03
1.39920E+01        5.37525361217E+03
1.39980E+01        5.37091835856E+03
1.40040E+01        5.36659368776E+03
