wasp43b_ersspectra_bb_noLD/Noodles_2021-03-26/SED_06.dat
# %ECSV 0.9
# ---
# datatype:
# - {name: wavelength, unit: micron, datatype: float64}
# - {name: flux, unit: microJansky, datatype: float64}
# schema: astropy-2.0
#
#
#  - - File generated by ExoNoodle - -
#         V1.0.0 - MML (CEA-Saclay)
#       2021-03-25 15:37:33.308590
wavelength flux 
[from data line 433]
5.59800E+00        2.80268595089E+04
5.60400E+00        2.79644233293E+04
5.61000E+00        2.79274577316E+04
5.61600E+00        2.78761587406E+04
5.62200E+00        2.78163142412E+04
5.62800E+00        2.77770207464E+04
5.63400E+00        2.77261987507E+04
5.64000E+00        2.76566073380E+04
5.64600E+00        2.76274284972E+04
5.65200E+00        2.75780262634E+04
5.65800E+00        2.75245590112E+04
5.66400E+00        2.74794172471E+04
5.67000E+00        2.74301582258E+04
5.67600E+00        2.73784628216E+04
5.68200E+00        2.73296404000E+04
5.68800E+00        2.72836046462E+04
5.69400E+00        2.72279844797E+04
5.70000E+00        2.71853904781E+04
5.70600E+00        2.71381040257E+04
5.71200E+00        2.70897199667E+04
5.71800E+00        2.70415873361E+04
5.72400E+00        2.69937485735E+04
5.73000E+00        2.69457192281E+04
5.73600E+00        2.68960945810E+04
5.74200E+00        2.68505240177E+04
5.74800E+00        2.68029423952E+04
5.75400E+00        2.67551715768E+04
5.76000E+00        2.67083922162E+04
5.76600E+00        2.66612563011E+04
5.77200E+00        2.66126576081E+04
5.77800E+00        2.65672993439E+04
5.78400E+00        2.65205996706E+04
5.79000E+00        2.64738780953E+04
5.79600E+00        2.64271612834E+04
5.80200E+00        2.63810387954E+04
5.80800E+00        2.63346558521E+04
5.81400E+00        2.62726835513E+04
5.82000E+00        2.62425102873E+04
5.82600E+00        2.61966539939E+04
5.83200E+00        2.61507957835E+04
5.83800E+00        2.61050324637E+04
5.84400E+00        2.60596220853E+04
5.85000E+00        2.60141644849E+04
5.85600E+00        2.59683583593E+04
5.86200E+00        2.59236025280E+04
5.86800E+00        2.58784249618E+04
5.87400E+00        2.58210017099E+04
5.88000E+00        2.57886502192E+04
5.88600E+00        2.57438658618E+04
5.89200E+00        2.56992682197E+04
5.89800E+00        2.56546204819E+04
5.90400E+00        2.55978990341E+04
5.91000E+00        2.55660363133E+04
5.91600E+00        2.55214538703E+04
5.92200E+00        2.54777686253E+04
5.92800E+00        2.54338253377E+04
5.93400E+00        2.53899711562E+04
5.94000E+00        2.53462515071E+04
5.94600E+00        2.53026202981E+04
5.95200E+00        2.52591228008E+04
5.95800E+00        2.52156927501E+04
5.96400E+00        2.51722118112E+04
5.97000E+00        2.51292263043E+04
5.97600E+00        2.50861687330E+04
5.98200E+00        2.50431750703E+04
5.98800E+00        2.50003353009E+04
5.99400E+00        2.49572688699E+04
6.00000E+00        2.49093025190E+04
6.00600E+00        2.48724220224E+04
6.01200E+00        2.48299910939E+04
6.01800E+00        2.47876671389E+04
6.02400E+00        2.47454721031E+04
6.03000E+00        2.47033633412E+04
6.03600E+00        2.46613581537E+04
6.04200E+00        2.46194585370E+04
6.04800E+00        2.45776641440E+04
6.05400E+00        2.45359967385E+04
6.06000E+00        2.44944117195E+04
6.06600E+00        2.44529308910E+04
6.07200E+00        2.44115342277E+04
6.07800E+00        2.43703047103E+04
6.08400E+00        2.43291124454E+04
6.09000E+00        2.42880230868E+04
6.09600E+00        2.42471236938E+04
6.10200E+00        2.42062608046E+04
6.10800E+00        2.41641519680E+04
6.11400E+00        2.41248424635E+04
6.12000E+00        2.40842840586E+04
6.12600E+00        2.40438264888E+04
6.13200E+00        2.40034910551E+04
6.13800E+00        2.39632341359E+04
6.14400E+00        2.39230770711E+04
6.15000E+00        2.38827635549E+04
6.15600E+00        2.38430849526E+04
6.16200E+00        2.38010591825E+04
6.16800E+00        2.37634645530E+04
6.17400E+00        2.37238018812E+04
6.18000E+00        2.36842371370E+04
6.18600E+00        2.36447700036E+04
6.19200E+00        2.36054214356E+04
6.19800E+00        2.35661507766E+04
6.20400E+00        2.35269745490E+04
6.21000E+00        2.34878946779E+04
6.21600E+00        2.34489108529E+04
6.22200E+00        2.34100227646E+04
6.22800E+00        2.33712511636E+04
6.23400E+00        2.33325535909E+04
6.24000E+00        2.32939320528E+04
6.24600E+00        2.32554447933E+04
6.25200E+00        2.32170307534E+04
6.25800E+00        2.31787106200E+04
6.26400E+00        2.31404840921E+04
6.27000E+00        2.31023508701E+04
6.27600E+00        2.30643314371E+04
6.28200E+00        2.30263838982E+04
6.28800E+00        2.29885309514E+04
6.29400E+00        2.29507679414E+04
6.30000E+00        2.29130967564E+04
6.30600E+00        2.28755171035E+04
6.31200E+00        2.28380286912E+04
6.31800E+00        2.28006517729E+04
6.32400E+00        2.27633449378E+04
6.33000E+00        2.27261284754E+04
6.33600E+00        2.26890042484E+04
6.34200E+00        2.26517227501E+04
6.34800E+00        2.26150206015E+04
6.35400E+00        2.25781627663E+04
6.36000E+00        2.25413938795E+04
6.36600E+00        2.25047136595E+04
6.37200E+00        2.24681218258E+04
6.37800E+00        2.24316404356E+04
6.38400E+00        2.23951841448E+04
6.39000E+00        2.23588558274E+04
6.39600E+00        2.23226550106E+04
6.40200E+00        2.22865009033E+04
6.40800E+00        2.22504335223E+04
6.41400E+00        2.22144525945E+04
6.42000E+00        2.21785578482E+04
6.42600E+00        2.21427511105E+04
6.43200E+00        2.21070279120E+04
6.43800E+00        2.20713900854E+04
6.44400E+00        2.20358373630E+04
6.45000E+00        2.20003694781E+04
6.45600E+00        2.19649861650E+04
6.46200E+00        2.19296871590E+04
6.46800E+00        2.18944919228E+04
6.47400E+00        2.18593627806E+04
6.48000E+00        2.18243150831E+04
6.48600E+00        2.17893506441E+04
6.49200E+00        2.17544692041E+04
6.49800E+00        2.17196705044E+04
6.50400E+00        2.16849542873E+04
6.51000E+00        2.16503202962E+04
6.51600E+00        2.16157703235E+04
6.52200E+00        2.15812805710E+04
6.52800E+00        2.15469111681E+04
6.53400E+00        2.15126035304E+04
6.54000E+00        2.14783768498E+04
6.54600E+00        2.14442308755E+04
6.55200E+00        2.14101653576E+04
6.55800E+00        2.13761820725E+04
6.56400E+00        2.13422767183E+04
6.57000E+00        2.13084510763E+04
6.57600E+00        2.12747049006E+04
6.58200E+00        2.12410379459E+04
6.58800E+00        2.12074499678E+04
6.59400E+00        2.11739427293E+04
6.60000E+00        2.11405119724E+04
6.60600E+00        2.11071594648E+04
6.61200E+00        2.10738849660E+04
6.61800E+00        2.10406882363E+04
6.62400E+00        2.10075690368E+04
6.63000E+00        2.09745291171E+04
6.63600E+00        2.09415642623E+04
6.64200E+00        2.09086762268E+04
6.64800E+00        2.08758835829E+04
6.65400E+00        2.08431484516E+04
6.66000E+00        2.08104914084E+04
6.66600E+00        2.07779082741E+04
6.67200E+00        2.07454007919E+04
6.67800E+00        2.07129687308E+04
6.68400E+00        2.06806118610E+04
6.69000E+00        2.06483299532E+04
6.69600E+00        2.06161061593E+04
6.70200E+00        2.05839920622E+04
6.70800E+00        2.05519336716E+04
6.71400E+00        2.05199493352E+04
6.72000E+00        2.04880407693E+04
6.72600E+00        2.04562038646E+04
6.73200E+00        2.04244403419E+04
6.73800E+00        2.03927499790E+04
6.74400E+00        2.03611325543E+04
6.75000E+00        2.03295897732E+04
6.75600E+00        2.02981175607E+04
6.76200E+00        2.02667176267E+04
6.76800E+00        2.02353897530E+04
6.77400E+00        2.02041356364E+04
6.78000E+00        2.01729330552E+04
6.78600E+00        2.01418382315E+04
6.79200E+00        2.01107964296E+04
6.79800E+00        2.00798094216E+04
6.80400E+00        2.00489093934E+04
6.81000E+00        2.00180979539E+04
6.81600E+00        1.99873387959E+04
6.82200E+00        1.99566336821E+04
6.82800E+00        1.99260146024E+04
6.83400E+00        1.98954652349E+04
6.84000E+00        1.98649872526E+04
6.84600E+00        1.98345766808E+04
6.85200E+00        1.98042351970E+04
6.85800E+00        1.97739625949E+04
6.86400E+00        1.97437605391E+04
6.87000E+00        1.97136250809E+04
6.87600E+00        1.96835578895E+04
6.88200E+00        1.96535587612E+04
6.88800E+00        1.96236293527E+04
6.89400E+00        1.95937657408E+04
6.90000E+00        1.95639695863E+04
6.90600E+00        1.95342425392E+04
6.91200E+00        1.95045806958E+04
6.91800E+00        1.94749857104E+04
6.92400E+00        1.94454573848E+04
6.93000E+00        1.94159973609E+04
6.93600E+00        1.93866017600E+04
6.94200E+00        1.93572722282E+04
6.94800E+00        1.93280104013E+04
6.95400E+00        1.92988124196E+04
6.96000E+00        1.92696799229E+04
6.96600E+00        1.92405953852E+04
6.97200E+00        1.92115951255E+04
6.97800E+00        1.91826579501E+04
6.98400E+00        1.91537854907E+04
6.99000E+00        1.91249793685E+04
6.99600E+00        1.90962357673E+04
7.00200E+00        1.90675563126E+04
7.00800E+00        1.90389426195E+04
7.01400E+00        1.90103908903E+04
7.02000E+00        1.89819027442E+04
7.02600E+00        1.89534779949E+04
7.03200E+00        1.89251182493E+04
7.03800E+00        1.88968197341E+04
7.04400E+00        1.88685840604E+04
7.05000E+00        1.88404128293E+04
7.05600E+00        1.88123022853E+04
7.06200E+00        1.87842371125E+04
7.06800E+00        1.87562527733E+04
7.07400E+00        1.87283285839E+04
7.08000E+00        1.87004661433E+04
7.08600E+00        1.86726670407E+04
7.09200E+00        1.86449275563E+04
7.09800E+00        1.86172492832E+04
7.10400E+00        1.85896338046E+04
7.11000E+00        1.85620774185E+04
7.11600E+00        1.85345817119E+04
7.12200E+00        1.85071482621E+04
7.12800E+00        1.84797567382E+04
7.13400E+00        1.84524420389E+04
7.14000E+00        1.84251873188E+04
7.14600E+00        1.83979941474E+04
7.15200E+00        1.83708588634E+04
7.15800E+00        1.83437830401E+04
7.16400E+00        1.83167682410E+04
7.17000E+00        1.82898108222E+04
7.17600E+00        1.82629123509E+04
7.18200E+00        1.82360579582E+04
7.18800E+00        1.82092768948E+04
7.19400E+00        1.81825542712E+04
7.20000E+00        1.81558916393E+04
7.20600E+00        1.81292853894E+04
7.21200E+00        1.81027370771E+04
7.21800E+00        1.80762482485E+04
7.22400E+00        1.80498153106E+04
7.23000E+00        1.80234235786E+04
7.23600E+00        1.79971053812E+04
7.24200E+00        1.79708459983E+04
7.24800E+00        1.79446418594E+04
7.25400E+00        1.79184945066E+04
7.26000E+00        1.78924054726E+04
7.26600E+00        1.78663712035E+04
7.27200E+00        1.78403932357E+04
7.27800E+00        1.78144730962E+04
7.28400E+00        1.77885912245E+04
7.29000E+00        1.77627812206E+04
7.29600E+00        1.77370268794E+04
7.30200E+00        1.77113297204E+04
7.30800E+00        1.76856862280E+04
7.31400E+00        1.76600979253E+04
7.32000E+00        1.76345504420E+04
7.32600E+00        1.76090720699E+04
7.33200E+00        1.75836484193E+04
7.33800E+00        1.75582793353E+04
7.34400E+00        1.75329663243E+04
7.35000E+00        1.75077059084E+04
7.35600E+00        1.74824838505E+04
7.36200E+00        1.74573331682E+04
7.36800E+00        1.74322346296E+04
7.37400E+00        1.74071897393E+04
7.38000E+00        1.73821983459E+04
7.38600E+00        1.73572619430E+04
7.39200E+00        1.73323614781E+04
7.39800E+00        1.73075296937E+04
7.40400E+00        1.72827508067E+04
7.41000E+00        1.72580263032E+04
7.41600E+00        1.72333527632E+04
7.42200E+00        1.72087161764E+04
7.42800E+00        1.71841474178E+04
7.43400E+00        1.71596324441E+04
7.44000E+00        1.71351678562E+04
7.44600E+00        1.71107551361E+04
7.45200E+00        1.70863787491E+04
7.45800E+00        1.70620709684E+04
7.46400E+00        1.70378130034E+04
7.47000E+00        1.70136063291E+04
7.47600E+00        1.69894355002E+04
7.48200E+00        1.69653310004E+04
7.48800E+00        1.69412789685E+04
7.49400E+00        1.69172760509E+04
7.50000E+00        1.68933237137E+04
7.50600E+00        1.68694066222E+04
7.51200E+00        1.68455566415E+04
7.51800E+00        1.68217552229E+04
7.52400E+00        1.67980038251E+04
7.53000E+00        1.67742872011E+04
7.53600E+00        1.67506354506E+04
7.54200E+00        1.67270348907E+04
7.54800E+00        1.67034822129E+04
7.55400E+00        1.66799638439E+04
7.56000E+00        1.66565097151E+04
7.56600E+00        1.66331062216E+04
7.57200E+00        1.66097500748E+04
7.57800E+00        1.65864277785E+04
7.58400E+00        1.65631690971E+04
7.59000E+00        1.65399589366E+04
7.59600E+00        1.65167971634E+04
7.60200E+00        1.64936703515E+04
7.60800E+00        1.64706049728E+04
7.61400E+00        1.64475875834E+04
7.62000E+00        1.64246180515E+04
7.62600E+00        1.64016814736E+04
7.63200E+00        1.63788088353E+04
7.63800E+00        1.63559821084E+04
7.64400E+00        1.63332027164E+04
7.65000E+00        1.63104558397E+04
7.65600E+00        1.62877707498E+04
7.66200E+00        1.62651326074E+04
7.66800E+00        1.62425281939E+04
7.67400E+00        1.62199835805E+04
7.68000E+00        1.61974855311E+04
7.68600E+00        1.61750339188E+04
7.69200E+00        1.61526140694E+04
7.69800E+00        1.61302549724E+04
7.70400E+00        1.61079434600E+04
7.71000E+00        1.60856618658E+04
7.71600E+00        1.60634405878E+04
7.72200E+00        1.60412649941E+04
7.72800E+00        1.60191205333E+04
7.73400E+00        1.59970359565E+04
7.74000E+00        1.59749982063E+04
7.74600E+00        1.59529897639E+04
7.75200E+00        1.59310407775E+04
7.75800E+00        1.59091367376E+04
7.76400E+00        1.58872632141E+04
7.77000E+00        1.58654487225E+04
7.77600E+00        1.58436788141E+04
7.78200E+00        1.58219406174E+04
7.78800E+00        1.58002595321E+04
7.79400E+00        1.57786226700E+04
7.80000E+00        1.57570157211E+04
7.80600E+00        1.57354669682E+04
7.81200E+00        1.57139620824E+04
7.81800E+00        1.56924868130E+04
7.82400E+00        1.56710708117E+04
7.83000E+00        1.56496968386E+04
7.83600E+00        1.56283521882E+04
7.84200E+00        1.56070649134E+04
7.84800E+00        1.55858208039E+04
7.85400E+00        1.55646057267E+04
7.86000E+00        1.55434476206E+04
7.86600E+00        1.55223338044E+04
7.87200E+00        1.55012472608E+04
7.87800E+00        1.54802172878E+04
7.88400E+00        1.54592158696E+04
7.89000E+00        1.54382707569E+04
7.89600E+00        1.54173678953E+04
7.90200E+00        1.53964933063E+04
7.90800E+00        1.53756760846E+04
7.91400E+00        1.53548993191E+04
7.92000E+00        1.53341505468E+04
7.92600E+00        1.53134572947E+04
7.93200E+00        1.52927918514E+04
7.93800E+00        1.52721816698E+04
7.94400E+00        1.52516128488E+04
7.95000E+00        1.52310715621E+04
7.95600E+00        1.52105851524E+04
7.96200E+00        1.51901412141E+04
7.96800E+00        1.51697230979E+04
7.97400E+00        1.51493594775E+04
7.98000E+00        1.51290229403E+04
7.98600E+00        1.51087406468E+04
7.99200E+00        1.50884852584E+04
7.99800E+00        1.50682838630E+04
8.00400E+00        1.50481227476E+04
8.01000E+00        1.50279882724E+04
8.01600E+00        1.50079074171E+04
8.02200E+00        1.49878544465E+04
8.02800E+00        1.49678534276E+04
8.03400E+00        1.49478921615E+04
8.04000E+00        1.49279571004E+04
8.04600E+00        1.49080750450E+04
8.05200E+00        1.48882190224E+04
8.05800E+00        1.48684157627E+04
8.06400E+00        1.48486383650E+04
8.07000E+00        1.48289134884E+04
8.07600E+00        1.48092276409E+04
8.08200E+00        1.47895674014E+04
8.08800E+00        1.47699593236E+04
8.09400E+00        1.47503780831E+04
8.10000E+00        1.47308473674E+04
8.10600E+00        1.47113419254E+04
8.11200E+00        1.46918881706E+04
8.11800E+00        1.46724595240E+04
8.12400E+00        1.46530823297E+04
8.13000E+00        1.46337432574E+04
8.13600E+00        1.46144290472E+04
8.14200E+00        1.45951659394E+04
8.14800E+00        1.45759275310E+04
8.15400E+00        1.45567399936E+04
8.16000E+00        1.45375769941E+04
8.16600E+00        1.45184660104E+04
8.17200E+00        1.44993780275E+04
8.17800E+00        1.44803404567E+04
