wasp43b_ersspectra_bb_noLD/Noodles_2021-03-26/SED_11.dat
# %ECSV 0.9
# ---
# datatype:
# - {name: wavelength, unit: micron, datatype: float64}
# - {name: flux, unit: microJansky, datatype: float64}
# schema: astropy-2.0
#
#
#  - - File generated by ExoNoodle - -
#         V1.0.0 - MML (CEA-Saclay)
#       2021-03-25 15:37:33.308590
wavelength flux 
[from data line 1298]
1.07880E+01        8.74020314851E+03
1.07940E+01        8.73124895451E+03
1.08000E+01        8.72231326501E+03
1.08060E+01        8.71338645887E+03
1.08120E+01        8.70447330740E+03
1.08180E+01        8.69557378287E+03
1.08240E+01        8.68668785764E+03
1.08300E+01        8.67781550412E+03
1.08360E+01        8.66895669479E+03
1.08420E+01        8.66011140221E+03
1.08480E+01        8.65127959900E+03
1.08540E+01        8.64246125787E+03
1.08600E+01        8.63365635156E+03
1.08660E+01        8.62486485292E+03
1.08720E+01        8.61608673483E+03
1.08780E+01        8.60732197027E+03
1.08840E+01        8.59857053228E+03
1.08900E+01        8.58983239394E+03
1.08960E+01        8.58110752845E+03
1.09020E+01        8.57239590902E+03
1.09080E+01        8.56369750898E+03
1.09140E+01        8.55501230168E+03
1.09200E+01        8.54634026057E+03
1.09260E+01        8.53768135915E+03
1.09320E+01        8.52903557100E+03
1.09380E+01        8.52040286975E+03
1.09440E+01        8.51178322910E+03
1.09500E+01        8.50317662283E+03
1.09560E+01        8.49458302476E+03
1.09620E+01        8.48600240880E+03
1.09680E+01        8.47743474892E+03
1.09740E+01        8.46888845286E+03
1.09800E+01        8.46034284360E+03
1.09860E+01        8.45180924632E+03
1.09920E+01        8.44329315167E+03
1.09980E+01        8.43478988388E+03
1.10040E+01        8.42629941732E+03
1.10100E+01        8.41782635306E+03
1.10160E+01        8.40936140759E+03
1.10220E+01        8.40090918679E+03
1.10280E+01        8.39246966525E+03
1.10340E+01        8.38404281765E+03
1.10400E+01        8.37562861873E+03
1.10460E+01        8.36722704326E+03
1.10520E+01        8.35883806612E+03
1.10580E+01        8.35046166222E+03
1.10640E+01        8.34209780654E+03
1.10700E+01        8.33374647413E+03
1.10760E+01        8.32540764008E+03
1.10820E+01        8.31708127958E+03
1.10880E+01        8.30876736783E+03
1.10940E+01        8.30046588014E+03
1.11000E+01        8.29217679186E+03
1.11060E+01        8.28390007839E+03
1.11120E+01        8.27563571520E+03
1.11180E+01        8.26738367783E+03
1.11240E+01        8.25914394187E+03
1.11300E+01        8.25091194814E+03
1.11360E+01        8.24269674654E+03
1.11420E+01        8.23449377348E+03
1.11480E+01        8.22630300480E+03
1.11540E+01        8.21812893317E+03
1.11600E+01        8.20995798417E+03
1.11660E+01        8.20180368418E+03
1.11720E+01        8.19366149249E+03
1.11780E+01        8.18553138522E+03
1.11840E+01        8.17741333855E+03
1.11900E+01        8.16930732874E+03
1.11960E+01        8.16121333207E+03
1.12020E+01        8.15313132492E+03
1.12080E+01        8.14506128370E+03
1.12140E+01        8.13700318489E+03
1.12200E+01        8.12895700502E+03
1.12260E+01        8.12092272068E+03
1.12320E+01        8.11290030851E+03
1.12380E+01        8.10488612884E+03
1.12440E+01        8.09688739478E+03
1.12500E+01        8.08890046318E+03
1.12560E+01        8.08092531092E+03
1.12620E+01        8.07296191493E+03
1.12680E+01        8.06501025219E+03
1.12740E+01        8.05707029974E+03
1.12800E+01        8.04914203470E+03
1.12860E+01        8.04122543421E+03
1.12920E+01        8.03332047549E+03
1.12980E+01        8.02542713580E+03
1.13040E+01        8.01754539246E+03
1.13100E+01        8.00967522286E+03
1.13160E+01        8.00181660441E+03
1.13220E+01        7.99396951462E+03
1.13280E+01        7.98613393101E+03
1.13340E+01        7.97830983119E+03
1.13400E+01        7.97049719280E+03
1.13460E+01        7.96269599355E+03
1.13520E+01        7.95489828980E+03
1.13580E+01        7.94711990991E+03
1.13640E+01        7.93935290259E+03
1.13700E+01        7.93159724574E+03
1.13760E+01        7.92385291735E+03
1.13820E+01        7.91611989543E+03
1.13880E+01        7.90839815808E+03
1.13940E+01        7.90068768341E+03
1.14000E+01        7.89298844961E+03
1.14060E+01        7.88530043493E+03
1.14120E+01        7.87762361764E+03
1.14180E+01        7.86995797610E+03
1.14240E+01        7.86230348868E+03
1.14300E+01        7.85465662921E+03
1.14360E+01        7.84702438886E+03
1.14420E+01        7.83940323813E+03
1.14480E+01        7.83179315563E+03
1.14540E+01        7.82419411999E+03
1.14600E+01        7.81660610994E+03
1.14660E+01        7.80902481247E+03
1.14720E+01        7.80145879404E+03
1.14780E+01        7.79390373760E+03
1.14840E+01        7.78635962205E+03
1.14900E+01        7.77882642635E+03
1.14960E+01        7.77130412950E+03
1.15020E+01        7.76378924652E+03
1.15080E+01        7.75628868796E+03
1.15140E+01        7.74879896558E+03
1.15200E+01        7.74132005859E+03
1.15260E+01        7.73385194623E+03
1.15320E+01        7.72639460783E+03
1.15380E+01        7.71894802272E+03
1.15440E+01        7.71150793224E+03
1.15500E+01        7.70408279609E+03
1.15560E+01        7.69666835161E+03
1.15620E+01        7.68926457834E+03
1.15680E+01        7.68186802841E+03
1.15740E+01        7.67448553972E+03
1.15800E+01        7.66711366118E+03
1.15860E+01        7.65975237255E+03
1.15920E+01        7.65240165361E+03
1.15980E+01        7.64506148421E+03
1.16040E+01        7.63773184425E+03
1.16100E+01        7.63041271365E+03
1.16160E+01        7.62309988294E+03
1.16220E+01        7.61580171510E+03
1.16280E+01        7.60851399671E+03
1.16340E+01        7.60123331645E+03
1.16400E+01        7.59396644066E+03
1.16460E+01        7.58670995485E+03
1.16520E+01        7.57946383928E+03
1.16580E+01        7.57222807428E+03
1.16640E+01        7.56500264020E+03
1.16700E+01        7.55778751744E+03
1.16760E+01        7.55058268647E+03
1.16820E+01        7.54338061655E+03
1.16880E+01        7.53619631785E+03
1.16940E+01        7.52902225257E+03
1.17000E+01        7.52185840133E+03
1.17060E+01        7.51470474483E+03
1.17120E+01        7.50756126378E+03
1.17180E+01        7.50042793897E+03
1.17240E+01        7.49330475121E+03
1.17300E+01        7.48619168137E+03
1.17360E+01        7.47908126321E+03
1.17420E+01        7.47198837904E+03
1.17480E+01        7.46490555565E+03
1.17540E+01        7.45783277407E+03
1.17600E+01        7.45077001539E+03
1.17660E+01        7.44371726074E+03
1.17720E+01        7.43667449130E+03
1.17780E+01        7.42964168829E+03
1.17840E+01        7.42261883297E+03
1.17900E+01        7.41560259810E+03
1.17960E+01        7.40859551380E+03
1.18020E+01        7.40160239656E+03
1.18080E+01        7.39461915250E+03
1.18140E+01        7.38764576310E+03
1.18200E+01        7.38068220989E+03
1.18260E+01        7.37372847444E+03
1.18320E+01        7.36678453835E+03
1.18380E+01        7.35984709962E+03
1.18440E+01        7.35292271037E+03
1.18500E+01        7.34600402853E+03
1.18560E+01        7.33909911377E+03
1.18620E+01        7.33220390707E+03
1.18680E+01        7.32531839029E+03
1.18740E+01        7.31844254534E+03
1.18800E+01        7.31157309208E+03
1.18860E+01        7.30471653976E+03
1.18920E+01        7.29786960526E+03
1.18980E+01        7.29102826384E+03
1.19040E+01        7.28420051498E+03
1.19100E+01        7.27738233028E+03
1.19160E+01        7.27057369194E+03
1.19220E+01        7.26377134145E+03
1.19280E+01        7.25698174564E+03
1.19340E+01        7.25020164303E+03
1.19400E+01        7.24343101600E+03
1.19460E+01        7.23666587006E+03
1.19520E+01        7.22991414514E+03
1.19580E+01        7.22317184314E+03
1.19640E+01        7.21643894658E+03
1.19700E+01        7.20971222141E+03
1.19760E+01        7.20299808646E+03
1.19820E+01        7.19629330477E+03
1.19880E+01        7.18959390803E+03
1.19940E+01        7.18290778465E+03
1.20000E+01        7.17623096271E+03
1.20060E+01        7.16956342501E+03
1.20120E+01        7.16290195869E+03
1.20180E+01        7.15625294104E+03
1.20240E+01        7.14961315630E+03
1.20300E+01        7.14297866206E+03
1.20360E+01        7.13635729571E+03
1.20420E+01        7.12974511126E+03
1.20480E+01        7.12313891386E+03
1.20540E+01        7.11654504548E+03
1.20600E+01        7.10996030837E+03
1.20660E+01        7.10338078215E+03
1.20720E+01        7.09681426084E+03
1.20780E+01        7.09025682051E+03
1.20840E+01        7.08370844447E+03
1.20900E+01        7.07716595865E+03
1.20960E+01        7.07063566422E+03
1.21020E+01        7.06411438425E+03
1.21080E+01        7.05759822380E+03
1.21140E+01        7.05109492677E+03
1.21200E+01        7.04460059470E+03
1.21260E+01        7.03811207119E+03
1.21320E+01        7.03163562273E+03
1.21380E+01        7.02516809008E+03
1.21440E+01        7.01870559993E+03
1.21500E+01        7.01225585357E+03
1.21560E+01        7.00581497420E+03
1.21620E+01        6.99937982294E+03
1.21680E+01        6.99295663187E+03
1.21740E+01        6.98654225931E+03
1.21800E+01        6.98013285338E+03
1.21860E+01        6.97373607313E+03
1.21920E+01        6.96734806323E+03
1.21980E+01        6.96096570216E+03
1.22040E+01        6.95459518790E+03
1.22100E+01        6.94823339616E+03
1.22160E+01        6.94188031107E+03
1.22220E+01        6.93553210554E+03
1.22280E+01        6.92919329843E+03
1.22340E+01        6.92286624474E+03
1.22400E+01        6.91654783457E+03
1.22460E+01        6.91023805223E+03
1.22520E+01        6.90393308819E+03
1.22580E+01        6.89764051804E+03
1.22640E+01        6.89135345441E+03
1.22700E+01        6.88507803345E+03
1.22760E+01        6.87881116238E+03
1.22820E+01        6.87255282574E+03
1.22880E+01        6.86629923489E+03
1.22940E+01        6.86005486373E+03
1.23000E+01        6.85382204403E+03
1.23060E+01        6.84759769716E+03
1.23120E+01        6.84138180783E+03
1.23180E+01        6.83517060470E+03
1.23240E+01        6.82897158806E+03
1.23300E+01        6.82277793941E+03
1.23360E+01        6.81659573401E+03
1.23420E+01        6.81042191011E+03
1.23480E+01        6.80425645263E+03
1.23540E+01        6.79809561082E+03
1.23600E+01        6.79194381431E+03
1.23660E+01        6.78580337191E+03
1.23720E+01        6.77967123585E+03
1.23780E+01        6.77354739119E+03
1.23840E+01        6.76742810424E+03
1.23900E+01        6.76131778470E+03
1.23960E+01        6.75521873108E+03
1.24020E+01        6.74912790946E+03
1.24080E+01        6.74304530507E+03
1.24140E+01        6.73696720114E+03
1.24200E+01        6.73089798759E+03
1.24260E+01        6.72483995269E+03
1.24320E+01        6.71879007628E+03
1.24380E+01        6.71274834376E+03
1.24440E+01        6.70671105516E+03
1.24500E+01        6.70068258074E+03
1.24560E+01        6.69466519861E+03
1.24620E+01        6.68865590227E+03
1.24680E+01        6.68265467730E+03
1.24740E+01        6.67665784040E+03
1.24800E+01        6.67066974234E+03
1.24860E+01        6.66469265108E+03
1.24920E+01        6.65872357374E+03
1.24980E+01        6.65276249604E+03
1.25040E+01        6.64680575126E+03
1.25100E+01        6.64085767077E+03
1.25160E+01        6.63492051252E+03
1.25220E+01        6.62899129708E+03
1.25280E+01        6.62306637094E+03
1.25340E+01        6.61715300207E+03
1.25400E+01        6.61124458435E+03
1.25460E+01        6.60534700517E+03
1.25520E+01        6.59945729849E+03
1.25580E+01        6.59357182718E+03
1.25640E+01        6.58769782689E+03
1.25700E+01        6.58182872106E+03
1.25760E+01        6.57597037091E+03
1.25820E+01        6.57011982373E+03
1.25880E+01        6.56427345866E+03
1.25940E+01        6.55843555344E+03
1.26000E+01        6.55260833824E+03
1.26060E+01        6.54678887095E+03
1.26120E+01        6.54097354361E+03
1.26180E+01        6.53516953425E+03
1.26240E+01        6.52937031899E+03
1.26300E+01        6.52358171243E+03
1.26360E+01        6.51780078561E+03
1.26420E+01        6.51202394664E+03
1.26480E+01        6.50625834185E+03
1.26540E+01        6.50049747632E+03
1.26600E+01        6.49474713902E+03
1.26660E+01        6.48900084837E+03
1.26720E+01        6.48326572545E+03
1.26780E+01        6.47753529839E+03
1.26840E+01        6.47181533579E+03
1.26900E+01        6.46610293208E+03
1.26960E+01        6.46039452405E+03
1.27020E+01        6.45469720147E+03
1.27080E+01        6.44900452111E+03
1.27140E+01        6.44332222618E+03
1.27200E+01        6.43764388662E+03
1.27260E+01        6.43197656727E+03
1.27320E+01        6.42631384766E+03
1.27380E+01        6.42066145086E+03
1.27440E+01        6.41501296952E+03
1.27500E+01        6.40937544367E+03
1.27560E+01        6.40374247550E+03
1.27620E+01        6.39811976803E+03
1.27680E+01        6.39250444908E+03
1.27740E+01        6.38689299622E+03
1.27800E+01        6.38129241870E+03
1.27860E+01        6.37569634684E+03
1.27920E+01        6.37011045876E+03
1.27980E+01        6.36452839772E+03
1.28040E+01        6.35895714846E+03
1.28100E+01        6.35339036370E+03
1.28160E+01        6.34783370172E+03
1.28220E+01        6.34228082812E+03
1.28280E+01        6.33673870325E+03
1.28340E+01        6.33120100211E+03
1.28400E+01        6.32567336326E+03
1.28460E+01        6.32014947449E+03
1.28520E+01        6.31463627191E+03
1.28580E+01        6.30912745267E+03
1.28640E+01        6.30362863571E+03
1.28700E+01        6.29813353092E+03
1.28760E+01        6.29264905027E+03
1.28820E+01        6.28716891295E+03
1.28880E+01        6.28169871839E+03
1.28940E+01        6.27623219844E+03
1.29000E+01        6.27077624109E+03
1.29060E+01        6.26532458744E+03
1.29120E+01        6.25988281750E+03
1.29180E+01        6.25444468499E+03
1.29240E+01        6.24901705401E+03
1.29300E+01        6.24359368747E+03
1.29360E+01        6.23818014608E+03
1.29420E+01        6.23277020528E+03
1.29480E+01        6.22737070544E+03
1.29540E+01        6.22197820674E+03
1.29600E+01        6.21658992392E+03
1.29660E+01        6.21120798081E+03
1.29720E+01        6.20583641855E+03
1.29780E+01        6.20046904333E+03
1.29840E+01        6.19510797347E+03
1.29900E+01        6.18975723971E+03
1.29960E+01        6.18441342313E+03
1.30020E+01        6.17907375542E+03
1.30080E+01        6.17374034767E+03
1.30140E+01        6.16841721672E+03
1.30200E+01        6.16310095556E+03
1.30260E+01        6.15778880548E+03
1.30320E+01        6.15248287031E+03
1.30380E+01        6.14718715315E+03
1.30440E+01        6.14189825877E+03
1.30500E+01        6.13661006614E+03
1.30560E+01        6.13133478754E+03
1.30620E+01        6.12606629673E+03
1.30680E+01        6.12080458210E+03
1.30740E+01        6.11554354371E+03
1.30800E+01        6.11029535193E+03
1.30860E+01        6.10505390163E+03
1.30920E+01        6.09981918131E+03
1.30980E+01        6.09458511201E+03
1.31040E+01        6.08936382239E+03
1.31100E+01        6.08414922835E+03
1.31160E+01        6.07893526660E+03
1.31220E+01        6.07373403467E+03
1.31280E+01        6.06853946413E+03
1.31340E+01        6.06335154365E+03
1.31400E+01        6.05816423073E+03
1.31460E+01        6.05298958158E+03
1.31520E+01        6.04782154859E+03
1.31580E+01        6.04266012051E+03
1.31640E+01        6.03749927555E+03
1.31700E+01        6.03235102880E+03
1.31760E+01        6.02720935335E+03
1.31820E+01        6.02206824286E+03
1.31880E+01        6.01693968172E+03
1.31940E+01        6.01181765851E+03
1.32000E+01        6.00670216213E+03
1.32060E+01        6.00158720673E+03
1.32120E+01        5.99648473597E+03
1.32180E+01        5.99138875894E+03
1.32240E+01        5.98629597544E+03
1.32300E+01        5.98121028764E+03
1.32360E+01        5.97613373102E+03
1.32420E+01        5.97106034349E+03
1.32480E+01        5.96599401729E+03
1.32540E+01        5.96093678278E+03
1.32600E+01        5.95588596556E+03
1.32660E+01        5.95083828510E+03
1.32720E+01        5.94579762049E+03
1.32780E+01        5.94076599528E+03
1.32840E+01        5.93573748277E+03
1.32900E+01        5.93071859780E+03
1.32960E+01        5.92570342218E+03
1.33020E+01        5.92069723406E+03
1.33080E+01        5.91569412686E+03
1.33140E+01        5.91069795683E+03
1.33200E+01        5.90571073565E+03
1.33260E+01        5.90072657173E+03
1.33320E+01        5.89574931161E+03
1.33380E+01        5.89078096191E+03
1.33440E+01        5.88581887994E+03
1.33500E+01        5.88085982397E+03
1.33560E+01        5.87590762761E+03
1.33620E+01        5.87096429079E+03
1.33680E+01        5.86602395670E+03
