output_bb_noLD/Noodles_2021-02-26/SED_03.dat
# %ECSV 0.9
# ---
# datatype:
# - {name: wavelength, unit: micron, datatype: float64}
# - {name: flux, unit: microJansky, datatype: float64}
# schema: astropy-2.0
#
#
#  - - File generated by ExoNoodle - -
#         V1.0.0 - MML (CEA-Saclay)
#       2021-02-26 14:01:48.325215
wavelength flux 
[from data line 1298]
1.07880E+01        6.85551066965E+03
1.07940E+01        6.84850488511E+03
1.08000E+01        6.84150979249E+03
1.08060E+01        6.83452537013E+03
1.08120E+01        6.82755159644E+03
1.08180E+01        6.82058844989E+03
1.08240E+01        6.81363590897E+03
1.08300E+01        6.80669395226E+03
1.08360E+01        6.79976255837E+03
1.08420E+01        6.79284170597E+03
1.08480E+01        6.78593137380E+03
1.08540E+01        6.77903154064E+03
1.08600E+01        6.77214218531E+03
1.08660E+01        6.76526328670E+03
1.08720E+01        6.75839482375E+03
1.08780E+01        6.75153677546E+03
1.08840E+01        6.74468912087E+03
1.08900E+01        6.73785183907E+03
1.08960E+01        6.73102490921E+03
1.09020E+01        6.72420831050E+03
1.09080E+01        6.71740202219E+03
1.09140E+01        6.71060602357E+03
1.09200E+01        6.70382029402E+03
1.09260E+01        6.69704481294E+03
1.09320E+01        6.69027955978E+03
1.09380E+01        6.68352451406E+03
1.09440E+01        6.67677965534E+03
1.09500E+01        6.67004496324E+03
1.09560E+01        6.66332041741E+03
1.09620E+01        6.65660599756E+03
1.09680E+01        6.64990168347E+03
1.09740E+01        6.64320745495E+03
1.09800E+01        6.63652329187E+03
1.09860E+01        6.62984917413E+03
1.09920E+01        6.62318508170E+03
1.09980E+01        6.61653099460E+03
1.10040E+01        6.60988689289E+03
1.10100E+01        6.60325275668E+03
1.10160E+01        6.59662856614E+03
1.10220E+01        6.59001430148E+03
1.10280E+01        6.58340994295E+03
1.10340E+01        6.57681547088E+03
1.10400E+01        6.57023086561E+03
1.10460E+01        6.56365610755E+03
1.10520E+01        6.55709117716E+03
1.10580E+01        6.55053605494E+03
1.10640E+01        6.54399072144E+03
1.10700E+01        6.53745515726E+03
1.10760E+01        6.53092934305E+03
1.10820E+01        6.52441325951E+03
1.10880E+01        6.51790688737E+03
1.10940E+01        6.51141020742E+03
1.11000E+01        6.50492320051E+03
1.11060E+01        6.49844584751E+03
1.11120E+01        6.49197812936E+03
1.11180E+01        6.48552002704E+03
1.11240E+01        6.47907152157E+03
1.11300E+01        6.47263259401E+03
1.11360E+01        6.46620322550E+03
1.11420E+01        6.45978339719E+03
1.11480E+01        6.45337309029E+03
1.11540E+01        6.44697228606E+03
1.11600E+01        6.44058096580E+03
1.11660E+01        6.43419911086E+03
1.11720E+01        6.42782670263E+03
1.11780E+01        6.42146372256E+03
1.11840E+01        6.41511015211E+03
1.11900E+01        6.40876597284E+03
1.11960E+01        6.40243116630E+03
1.12020E+01        6.39610571412E+03
1.12080E+01        6.38978959797E+03
1.12140E+01        6.38348279955E+03
1.12200E+01        6.37718530062E+03
1.12260E+01        6.37089708297E+03
1.12320E+01        6.36461812844E+03
1.12380E+01        6.35834841893E+03
1.12440E+01        6.35208793637E+03
1.12500E+01        6.34583666272E+03
1.12560E+01        6.33959458001E+03
1.12620E+01        6.33336167030E+03
1.12680E+01        6.32713791570E+03
1.12740E+01        6.32092329834E+03
1.12800E+01        6.31471780044E+03
1.12860E+01        6.30852140422E+03
1.12920E+01        6.30233409196E+03
1.12980E+01        6.29615584598E+03
1.13040E+01        6.28998664864E+03
1.13100E+01        6.28382648236E+03
1.13160E+01        6.27767532959E+03
1.13220E+01        6.27153317280E+03
1.13280E+01        6.26539999455E+03
1.13340E+01        6.25927577740E+03
1.13400E+01        6.25316050398E+03
1.13460E+01        6.24705415694E+03
1.13520E+01        6.24095671899E+03
1.13580E+01        6.23486817286E+03
1.13640E+01        6.22878850136E+03
1.13700E+01        6.22271768729E+03
1.13760E+01        6.21665571354E+03
1.13820E+01        6.21060256301E+03
1.13880E+01        6.20455821866E+03
1.13940E+01        6.19852266346E+03
1.14000E+01        6.19249588046E+03
1.14060E+01        6.18647785273E+03
1.14120E+01        6.18046856339E+03
1.14180E+01        6.17446799558E+03
1.14240E+01        6.16847613251E+03
1.14300E+01        6.16249295740E+03
1.14360E+01        6.15651845353E+03
1.14420E+01        6.15055260423E+03
1.14480E+01        6.14459539283E+03
1.14540E+01        6.13864680275E+03
1.14600E+01        6.13270681741E+03
1.14660E+01        6.12677542028E+03
1.14720E+01        6.12085259489E+03
1.14780E+01        6.11493832479E+03
1.14840E+01        6.10903259356E+03
1.14900E+01        6.10313538484E+03
1.14960E+01        6.09724668230E+03
1.15020E+01        6.09136646965E+03
1.15080E+01        6.08549473064E+03
1.15140E+01        6.07963144905E+03
1.15200E+01        6.07377660872E+03
1.15260E+01        6.06793019350E+03
1.15320E+01        6.06209218730E+03
1.15380E+01        6.05626257406E+03
1.15440E+01        6.05044133775E+03
1.15500E+01        6.04462846240E+03
1.15560E+01        6.03882393207E+03
1.15620E+01        6.03302773083E+03
1.15680E+01        6.02723984283E+03
1.15740E+01        6.02146025223E+03
1.15800E+01        6.01568894324E+03
1.15860E+01        6.00992590010E+03
1.15920E+01        6.00417110709E+03
1.15980E+01        5.99842454854E+03
1.16040E+01        5.99268620878E+03
1.16100E+01        5.98695607222E+03
1.16160E+01        5.98123412329E+03
1.16220E+01        5.97552034645E+03
1.16280E+01        5.96981472619E+03
1.16340E+01        5.96411724707E+03
1.16400E+01        5.95842789366E+03
1.16460E+01        5.95274665056E+03
1.16520E+01        5.94707350243E+03
1.16580E+01        5.94140843394E+03
1.16640E+01        5.93575142983E+03
1.16700E+01        5.93010247484E+03
1.16760E+01        5.92446155377E+03
1.16820E+01        5.91882865144E+03
1.16880E+01        5.91320375272E+03
1.16940E+01        5.90758684250E+03
1.17000E+01        5.90197790573E+03
1.17060E+01        5.89637692737E+03
1.17120E+01        5.89078389242E+03
1.17180E+01        5.88519878593E+03
1.17240E+01        5.87962159297E+03
1.17300E+01        5.87405229865E+03
1.17360E+01        5.86849088811E+03
1.17420E+01        5.86293734654E+03
1.17480E+01        5.85739165915E+03
1.17540E+01        5.85185381119E+03
1.17600E+01        5.84632378793E+03
1.17660E+01        5.84080157471E+03
1.17720E+01        5.83528715687E+03
1.17780E+01        5.82978051980E+03
1.17840E+01        5.82428164892E+03
1.17900E+01        5.81879052967E+03
1.17960E+01        5.81330714756E+03
1.18020E+01        5.80783148811E+03
1.18080E+01        5.80236353686E+03
1.18140E+01        5.79690327941E+03
1.18200E+01        5.79145070138E+03
1.18260E+01        5.78600578843E+03
1.18320E+01        5.78056852624E+03
1.18380E+01        5.77513890055E+03
1.18440E+01        5.76971689710E+03
1.18500E+01        5.76430250169E+03
1.18560E+01        5.75889570013E+03
1.18620E+01        5.75349647829E+03
1.18680E+01        5.74810482205E+03
1.18740E+01        5.74272071733E+03
1.18800E+01        5.73734415009E+03
1.18860E+01        5.73197510630E+03
1.18920E+01        5.72661357199E+03
1.18980E+01        5.72125953321E+03
1.19040E+01        5.71591297605E+03
1.19100E+01        5.71057388661E+03
1.19160E+01        5.70524225104E+03
1.19220E+01        5.69991805552E+03
1.19280E+01        5.69460128627E+03
1.19340E+01        5.68929192952E+03
1.19400E+01        5.68398997156E+03
1.19460E+01        5.67869539868E+03
1.19520E+01        5.67340819722E+03
1.19580E+01        5.66812835355E+03
1.19640E+01        5.66285585408E+03
1.19700E+01        5.65759068523E+03
1.19760E+01        5.65233283347E+03
1.19820E+01        5.64708228529E+03
1.19880E+01        5.64183902722E+03
1.19940E+01        5.63660304581E+03
1.20000E+01        5.63137432765E+03
1.20060E+01        5.62615285936E+03
1.20120E+01        5.62093862758E+03
1.20180E+01        5.61573161899E+03
1.20240E+01        5.61053182031E+03
1.20300E+01        5.60533921827E+03
1.20360E+01        5.60015379965E+03
1.20420E+01        5.59497555124E+03
1.20480E+01        5.58980445987E+03
1.20540E+01        5.58464051241E+03
1.20600E+01        5.57948369574E+03
1.20660E+01        5.57433399680E+03
1.20720E+01        5.56919140252E+03
1.20780E+01        5.56405589989E+03
1.20840E+01        5.55892747591E+03
1.20900E+01        5.55380611764E+03
1.20960E+01        5.54869181213E+03
1.21020E+01        5.54358454649E+03
1.21080E+01        5.53848430784E+03
1.21140E+01        5.53339108334E+03
1.21200E+01        5.52830486018E+03
1.21260E+01        5.52322562558E+03
1.21320E+01        5.51815336677E+03
1.21380E+01        5.51308807103E+03
1.21440E+01        5.50802972568E+03
1.21500E+01        5.50297831802E+03
1.21560E+01        5.49793383544E+03
1.21620E+01        5.49289626531E+03
1.21680E+01        5.48786559505E+03
1.21740E+01        5.48284181211E+03
1.21800E+01        5.47782490397E+03
1.21860E+01        5.47281485813E+03
1.21920E+01        5.46781166211E+03
1.21980E+01        5.46281530348E+03
1.22040E+01        5.45782576982E+03
1.22100E+01        5.45284304875E+03
1.22160E+01        5.44786712792E+03
1.22220E+01        5.44289799499E+03
1.22280E+01        5.43793563767E+03
1.22340E+01        5.43298004368E+03
1.22400E+01        5.42803120077E+03
1.22460E+01        5.42308909673E+03
1.22520E+01        5.41815371937E+03
1.22580E+01        5.41322505652E+03
1.22640E+01        5.40830309606E+03
1.22700E+01        5.40338782586E+03
1.22760E+01        5.39847923386E+03
1.22820E+01        5.39357730799E+03
1.22880E+01        5.38868203624E+03
1.22940E+01        5.38379340659E+03
1.23000E+01        5.37891140708E+03
1.23060E+01        5.37403602577E+03
1.23120E+01        5.36916725073E+03
1.23180E+01        5.36430507007E+03
1.23240E+01        5.35944947192E+03
1.23300E+01        5.35460044445E+03
1.23360E+01        5.34975797585E+03
1.23420E+01        5.34492205432E+03
1.23480E+01        5.34009266811E+03
1.23540E+01        5.33526980549E+03
1.23600E+01        5.33045345474E+03
1.23660E+01        5.32564360420E+03
1.23720E+01        5.32084024219E+03
1.23780E+01        5.31604335709E+03
1.23840E+01        5.31125293731E+03
1.23900E+01        5.30646897126E+03
1.23960E+01        5.30169144739E+03
1.24020E+01        5.29692035417E+03
1.24080E+01        5.29215568011E+03
1.24140E+01        5.28739741374E+03
1.24200E+01        5.28264554359E+03
1.24260E+01        5.27790005826E+03
1.24320E+01        5.27316094634E+03
1.24380E+01        5.26842819645E+03
1.24440E+01        5.26370179726E+03
1.24500E+01        5.25898173745E+03
1.24560E+01        5.25426800570E+03
1.24620E+01        5.24956059076E+03
1.24680E+01        5.24485948137E+03
1.24740E+01        5.24016466631E+03
1.24800E+01        5.23547613439E+03
1.24860E+01        5.23079387443E+03
1.24920E+01        5.22611787529E+03
1.24980E+01        5.22144812584E+03
1.25040E+01        5.21678461499E+03
1.25100E+01        5.21212733166E+03
1.25160E+01        5.20747626480E+03
1.25220E+01        5.20283140339E+03
1.25280E+01        5.19819273643E+03
1.25340E+01        5.19356025294E+03
1.25400E+01        5.18893394196E+03
1.25460E+01        5.18431379258E+03
1.25520E+01        5.17969979388E+03
1.25580E+01        5.17509193500E+03
1.25640E+01        5.17049020506E+03
1.25700E+01        5.16589459325E+03
1.25760E+01        5.16130508875E+03
1.25820E+01        5.15672168077E+03
1.25880E+01        5.15214435857E+03
1.25940E+01        5.14757311139E+03
1.26000E+01        5.14300792853E+03
1.26060E+01        5.13844879931E+03
1.26120E+01        5.13389571304E+03
1.26180E+01        5.12934865909E+03
1.26240E+01        5.12480762684E+03
1.26300E+01        5.12027260570E+03
1.26360E+01        5.11574358508E+03
1.26420E+01        5.11122055445E+03
1.26480E+01        5.10670350327E+03
1.26540E+01        5.10219242104E+03
1.26600E+01        5.09768729728E+03
1.26660E+01        5.09318812153E+03
1.26720E+01        5.08869488336E+03
1.26780E+01        5.08420757235E+03
1.26840E+01        5.07972617812E+03
1.26900E+01        5.07525069029E+03
1.26960E+01        5.07078109853E+03
1.27020E+01        5.06631739251E+03
1.27080E+01        5.06185956194E+03
1.27140E+01        5.05740759654E+03
1.27200E+01        5.05296148604E+03
1.27260E+01        5.04852122023E+03
1.27320E+01        5.04408678889E+03
1.27380E+01        5.03965818183E+03
1.27440E+01        5.03523538890E+03
1.27500E+01        5.03081839994E+03
1.27560E+01        5.02640720483E+03
1.27620E+01        5.02200179348E+03
1.27680E+01        5.01760215580E+03
1.27740E+01        5.01320828175E+03
1.27800E+01        5.00882016129E+03
1.27860E+01        5.00443778441E+03
1.27920E+01        5.00006114112E+03
1.27980E+01        4.99569022144E+03
1.28040E+01        4.99132501544E+03
1.28100E+01        4.98696551318E+03
1.28160E+01        4.98261170476E+03
1.28220E+01        4.97826358031E+03
1.28280E+01        4.97392112996E+03
1.28340E+01        4.96958434387E+03
1.28400E+01        4.96525321221E+03
1.28460E+01        4.96092772521E+03
1.28520E+01        4.95660787307E+03
1.28580E+01        4.95229364604E+03
1.28640E+01        4.94798503439E+03
1.28700E+01        4.94368202841E+03
1.28760E+01        4.93938461840E+03
1.28820E+01        4.93509279469E+03
1.28880E+01        4.93080654764E+03
1.28940E+01        4.92652586760E+03
1.29000E+01        4.92225074499E+03
1.29060E+01        4.91798117019E+03
1.29120E+01        4.91371713365E+03
1.29180E+01        4.90945862583E+03
1.29240E+01        4.90520563718E+03
1.29300E+01        4.90095815822E+03
1.29360E+01        4.89671617944E+03
1.29420E+01        4.89247969139E+03
1.29480E+01        4.88824868463E+03
1.29540E+01        4.88402314971E+03
1.29600E+01        4.87980307725E+03
1.29660E+01        4.87558845786E+03
1.29720E+01        4.87137928217E+03
1.29780E+01        4.86717554083E+03
1.29840E+01        4.86297722453E+03
1.29900E+01        4.85878432395E+03
1.29960E+01        4.85459682982E+03
1.30020E+01        4.85041473287E+03
1.30080E+01        4.84623802385E+03
1.30140E+01        4.84206669354E+03
1.30200E+01        4.83790073273E+03
1.30260E+01        4.83374013224E+03
1.30320E+01        4.82958488290E+03
1.30380E+01        4.82543497556E+03
1.30440E+01        4.82129040110E+03
1.30500E+01        4.81715115040E+03
1.30560E+01        4.81301721438E+03
1.30620E+01        4.80888858398E+03
1.30680E+01        4.80476525013E+03
1.30740E+01        4.80064720381E+03
1.30800E+01        4.79653443600E+03
1.30860E+01        4.79242693772E+03
1.30920E+01        4.78832469999E+03
1.30980E+01        4.78422771385E+03
1.31040E+01        4.78013597038E+03
1.31100E+01        4.77604946065E+03
1.31160E+01        4.77196817577E+03
1.31220E+01        4.76789210685E+03
1.31280E+01        4.76382124504E+03
1.31340E+01        4.75975558150E+03
1.31400E+01        4.75569510740E+03
1.31460E+01        4.75163981394E+03
1.31520E+01        4.74758969234E+03
1.31580E+01        4.74354473383E+03
1.31640E+01        4.73950492965E+03
1.31700E+01        4.73547027109E+03
1.31760E+01        4.73144074942E+03
1.31820E+01        4.72741635596E+03
1.31880E+01        4.72339708203E+03
1.31940E+01        4.71938291897E+03
1.32000E+01        4.71537385816E+03
1.32060E+01        4.71136989095E+03
1.32120E+01        4.70737100877E+03
1.32180E+01        4.70337720301E+03
1.32240E+01        4.69938846512E+03
1.32300E+01        4.69540478655E+03
1.32360E+01        4.69142615877E+03
1.32420E+01        4.68745257326E+03
1.32480E+01        4.68348402154E+03
1.32540E+01        4.67952049512E+03
1.32600E+01        4.67556198555E+03
1.32660E+01        4.67160848439E+03
1.32720E+01        4.66765998322E+03
1.32780E+01        4.66371647362E+03
1.32840E+01        4.65977794722E+03
1.32900E+01        4.65584439563E+03
1.32960E+01        4.65191581052E+03
1.33020E+01        4.64799218354E+03
1.33080E+01        4.64407350638E+03
1.33140E+01        4.64015977074E+03
1.33200E+01        4.63625096833E+03
1.33260E+01        4.63234709089E+03
1.33320E+01        4.62844813017E+03
1.33380E+01        4.62455407793E+03
1.33440E+01        4.62066492597E+03
1.33500E+01        4.61678066609E+03
1.33560E+01        4.61290129011E+03
1.33620E+01        4.60902678986E+03
1.33680E+01        4.60515715720E+03
