output_bb_noLD/Noodles_2021-02-26/SED_09.dat
# %ECSV 0.9
# ---
# datatype:
# - {name: wavelength, unit: micron, datatype: float64}
# - {name: flux, unit: microJansky, datatype: float64}
# schema: astropy-2.0
#
#
#  - - File generated by ExoNoodle - -
#         V1.0.0 - MML (CEA-Saclay)
#       2021-02-26 14:01:48.325215
wavelength flux 
[from data line 1298]
1.07880E+01        6.87596314218E+03
1.07940E+01        6.86893689760E+03
1.08000E+01        6.86192137434E+03
1.08060E+01        6.85491655070E+03
1.08120E+01        6.84792240502E+03
1.08180E+01        6.84093891571E+03
1.08240E+01        6.83396606124E+03
1.08300E+01        6.82700382010E+03
1.08360E+01        6.82005217087E+03
1.08420E+01        6.81311109217E+03
1.08480E+01        6.80618056267E+03
1.08540E+01        6.79926056110E+03
1.08600E+01        6.79235106624E+03
1.08660E+01        6.78545205692E+03
1.08720E+01        6.77856351204E+03
1.08780E+01        6.77168541052E+03
1.08840E+01        6.76481773137E+03
1.08900E+01        6.75796045362E+03
1.08960E+01        6.75111355638E+03
1.09020E+01        6.74427701880E+03
1.09080E+01        6.73745082007E+03
1.09140E+01        6.73063493945E+03
1.09200E+01        6.72382935625E+03
1.09260E+01        6.71703404981E+03
1.09320E+01        6.71024899956E+03
1.09380E+01        6.70347418495E+03
1.09440E+01        6.69670958549E+03
1.09500E+01        6.68995518075E+03
1.09560E+01        6.68321095033E+03
1.09620E+01        6.67647687389E+03
1.09680E+01        6.66975293116E+03
1.09740E+01        6.66303910190E+03
1.09800E+01        6.65633536592E+03
1.09860E+01        6.64964170309E+03
1.09920E+01        6.64295809332E+03
1.09980E+01        6.63628451657E+03
1.10040E+01        6.62962095286E+03
1.10100E+01        6.62296738226E+03
1.10160E+01        6.61632378487E+03
1.10220E+01        6.60969014085E+03
1.10280E+01        6.60306643043E+03
1.10340E+01        6.59645263386E+03
1.10400E+01        6.58984873144E+03
1.10460E+01        6.58325470354E+03
1.10520E+01        6.57667053057E+03
1.10580E+01        6.57009619296E+03
1.10640E+01        6.56353167124E+03
1.10700E+01        6.55697694595E+03
1.10760E+01        6.55043199768E+03
1.10820E+01        6.54389680709E+03
1.10880E+01        6.53737135486E+03
1.10940E+01        6.53085562175E+03
1.11000E+01        6.52434958853E+03
1.11060E+01        6.51785323605E+03
1.11120E+01        6.51136654518E+03
1.11180E+01        6.50488949686E+03
1.11240E+01        6.49842207207E+03
1.11300E+01        6.49196425182E+03
1.11360E+01        6.48551601719E+03
1.11420E+01        6.47907734930E+03
1.11480E+01        6.47264822931E+03
1.11540E+01        6.46622863842E+03
1.11600E+01        6.45981855789E+03
1.11660E+01        6.45341796902E+03
1.11720E+01        6.44702685316E+03
1.11780E+01        6.44064519170E+03
1.11840E+01        6.43427296608E+03
1.11900E+01        6.42791015778E+03
1.11960E+01        6.42155674833E+03
1.12020E+01        6.41521271930E+03
1.12080E+01        6.40887805231E+03
1.12140E+01        6.40255272902E+03
1.12200E+01        6.39623673114E+03
1.12260E+01        6.38993004043E+03
1.12320E+01        6.38363263867E+03
1.12380E+01        6.37734450771E+03
1.12440E+01        6.37106562944E+03
1.12500E+01        6.36479598578E+03
1.12560E+01        6.35853555871E+03
1.12620E+01        6.35228433024E+03
1.12680E+01        6.34604228243E+03
1.12740E+01        6.33980939738E+03
1.12800E+01        6.33358565725E+03
1.12860E+01        6.32737104423E+03
1.12920E+01        6.32116554054E+03
1.12980E+01        6.31496912847E+03
1.13040E+01        6.30878179033E+03
1.13100E+01        6.30260350848E+03
1.13160E+01        6.29643426534E+03
1.13220E+01        6.29027404334E+03
1.13280E+01        6.28412282498E+03
1.13340E+01        6.27798059280E+03
1.13400E+01        6.27184732935E+03
1.13460E+01        6.26572301727E+03
1.13520E+01        6.25960763920E+03
1.13580E+01        6.25350117785E+03
1.13640E+01        6.24740361596E+03
1.13700E+01        6.24131493632E+03
1.13760E+01        6.23523512174E+03
1.13820E+01        6.22916415509E+03
1.13880E+01        6.22310201929E+03
1.13940E+01        6.21704869728E+03
1.14000E+01        6.21100417204E+03
1.14060E+01        6.20496842661E+03
1.14120E+01        6.19894144406E+03
1.14180E+01        6.19292320750E+03
1.14240E+01        6.18691370008E+03
1.14300E+01        6.18091290499E+03
1.14360E+01        6.17492080548E+03
1.14420E+01        6.16893738480E+03
1.14480E+01        6.16296262627E+03
1.14540E+01        6.15699651324E+03
1.14600E+01        6.15103902911E+03
1.14660E+01        6.14509015731E+03
1.14720E+01        6.13914988131E+03
1.14780E+01        6.13321818463E+03
1.14840E+01        6.12729505080E+03
1.14900E+01        6.12138046342E+03
1.14960E+01        6.11547440612E+03
1.15020E+01        6.10957686258E+03
1.15080E+01        6.10368781648E+03
1.15140E+01        6.09780725158E+03
1.15200E+01        6.09193515167E+03
1.15260E+01        6.08607150057E+03
1.15320E+01        6.08021628213E+03
1.15380E+01        6.07436948026E+03
1.15440E+01        6.06853107890E+03
1.15500E+01        6.06270106201E+03
1.15560E+01        6.05687941362E+03
1.15620E+01        6.05106611778E+03
1.15680E+01        6.04526115858E+03
1.15740E+01        6.03946452013E+03
1.15800E+01        6.03367618662E+03
1.15860E+01        6.02789614224E+03
1.15920E+01        6.02212437123E+03
1.15980E+01        6.01636085787E+03
1.16040E+01        6.01060558647E+03
1.16100E+01        6.00485854138E+03
1.16160E+01        5.99911970700E+03
1.16220E+01        5.99338906775E+03
1.16280E+01        5.98766660808E+03
1.16340E+01        5.98195231251E+03
1.16400E+01        5.97624616555E+03
1.16460E+01        5.97054815179E+03
1.16520E+01        5.96485825584E+03
1.16580E+01        5.95917646233E+03
1.16640E+01        5.95350275595E+03
1.16700E+01        5.94783712142E+03
1.16760E+01        5.94217954348E+03
1.16820E+01        5.93653000693E+03
1.16880E+01        5.93088849658E+03
1.16940E+01        5.92525499731E+03
1.17000E+01        5.91962949399E+03
1.17060E+01        5.91401197157E+03
1.17120E+01        5.90840241502E+03
1.17180E+01        5.90280080932E+03
1.17240E+01        5.89720713952E+03
1.17300E+01        5.89162139068E+03
1.17360E+01        5.88604354793E+03
1.17420E+01        5.88047359639E+03
1.17480E+01        5.87491152124E+03
1.17540E+01        5.86935730769E+03
1.17600E+01        5.86381094099E+03
1.17660E+01        5.85827240642E+03
1.17720E+01        5.85274168928E+03
1.17780E+01        5.84721877494E+03
1.17840E+01        5.84170364877E+03
1.17900E+01        5.83619629619E+03
1.17960E+01        5.83069670264E+03
1.18020E+01        5.82520485362E+03
1.18080E+01        5.81972073463E+03
1.18140E+01        5.81424433124E+03
1.18200E+01        5.80877562903E+03
1.18260E+01        5.80331461361E+03
1.18320E+01        5.79786127064E+03
1.18380E+01        5.79241558581E+03
1.18440E+01        5.78697754483E+03
1.18500E+01        5.78154713346E+03
1.18560E+01        5.77612433747E+03
1.18620E+01        5.77070914270E+03
1.18680E+01        5.76530153498E+03
1.18740E+01        5.75990150020E+03
1.18800E+01        5.75450902429E+03
1.18860E+01        5.74912409318E+03
1.18920E+01        5.74374669287E+03
1.18980E+01        5.73837680936E+03
1.19040E+01        5.73301442869E+03
1.19100E+01        5.72765953696E+03
1.19160E+01        5.72231212026E+03
1.19220E+01        5.71697216475E+03
1.19280E+01        5.71163965659E+03
1.19340E+01        5.70631458200E+03
1.19400E+01        5.70099692720E+03
1.19460E+01        5.69568667848E+03
1.19520E+01        5.69038382213E+03
1.19580E+01        5.68508834448E+03
1.19640E+01        5.67980023191E+03
1.19700E+01        5.67451947080E+03
1.19760E+01        5.66924604758E+03
1.19820E+01        5.66397994872E+03
1.19880E+01        5.65872116070E+03
1.19940E+01        5.65346967004E+03
1.20000E+01        5.64822546329E+03
1.20060E+01        5.64298852704E+03
1.20120E+01        5.63775884790E+03
1.20180E+01        5.63253641251E+03
1.20240E+01        5.62732120755E+03
1.20300E+01        5.62211321972E+03
1.20360E+01        5.61691243576E+03
1.20420E+01        5.61171884243E+03
1.20480E+01        5.60653242653E+03
1.20540E+01        5.60135317488E+03
1.20600E+01        5.59618107435E+03
1.20660E+01        5.59101611181E+03
1.20720E+01        5.58585827419E+03
1.20780E+01        5.58070754842E+03
1.20840E+01        5.57556392149E+03
1.20900E+01        5.57042738040E+03
1.20960E+01        5.56529791219E+03
1.21020E+01        5.56017550392E+03
1.21080E+01        5.55506014268E+03
1.21140E+01        5.54995181560E+03
1.21200E+01        5.54485050983E+03
1.21260E+01        5.53975621255E+03
1.21320E+01        5.53466891097E+03
1.21380E+01        5.52958859234E+03
1.21440E+01        5.52451524392E+03
1.21500E+01        5.51944885301E+03
1.21560E+01        5.51438940694E+03
1.21620E+01        5.50933689306E+03
1.21680E+01        5.50429129875E+03
1.21740E+01        5.49925261144E+03
1.21800E+01        5.49422081856E+03
1.21860E+01        5.48919590757E+03
1.21920E+01        5.48417786599E+03
1.21980E+01        5.47916668133E+03
1.22040E+01        5.47416234114E+03
1.22100E+01        5.46916483302E+03
1.22160E+01        5.46417414457E+03
1.22220E+01        5.45919026344E+03
1.22280E+01        5.45421317728E+03
1.22340E+01        5.44924287379E+03
1.22400E+01        5.44427934069E+03
1.22460E+01        5.43932256574E+03
1.22520E+01        5.43437253671E+03
1.22580E+01        5.42942924140E+03
1.22640E+01        5.42449266765E+03
1.22700E+01        5.41956280332E+03
1.22760E+01        5.41463963629E+03
1.22820E+01        5.40972315448E+03
1.22880E+01        5.40481334583E+03
1.22940E+01        5.39991019831E+03
1.23000E+01        5.39501369991E+03
1.23060E+01        5.39012383866E+03
1.23120E+01        5.38524060260E+03
1.23180E+01        5.38036397982E+03
1.23240E+01        5.37549395840E+03
1.23300E+01        5.37063052649E+03
1.23360E+01        5.36577367224E+03
1.23420E+01        5.36092338383E+03
1.23480E+01        5.35607964947E+03
1.23540E+01        5.35124245740E+03
1.23600E+01        5.34641179587E+03
1.23660E+01        5.34158765318E+03
1.23720E+01        5.33677001763E+03
1.23780E+01        5.33195887758E+03
1.23840E+01        5.32715422138E+03
1.23900E+01        5.32235603742E+03
1.23960E+01        5.31756431413E+03
1.24020E+01        5.31277903995E+03
1.24080E+01        5.30800020334E+03
1.24140E+01        5.30322779281E+03
1.24200E+01        5.29846179687E+03
1.24260E+01        5.29370220406E+03
1.24320E+01        5.28894900297E+03
1.24380E+01        5.28420218219E+03
1.24440E+01        5.27946173033E+03
1.24500E+01        5.27472763605E+03
1.24560E+01        5.26999988803E+03
1.24620E+01        5.26527847495E+03
1.24680E+01        5.26056338554E+03
1.24740E+01        5.25585460855E+03
1.24800E+01        5.25115213275E+03
1.24860E+01        5.24645594694E+03
1.24920E+01        5.24176603994E+03
1.24980E+01        5.23708240061E+03
1.25040E+01        5.23240501780E+03
1.25100E+01        5.22773388042E+03
1.25160E+01        5.22306897739E+03
1.25220E+01        5.21841029766E+03
1.25280E+01        5.21375783019E+03
1.25340E+01        5.20911156398E+03
1.25400E+01        5.20447148804E+03
1.25460E+01        5.19983759143E+03
1.25520E+01        5.19520986320E+03
1.25580E+01        5.19058829245E+03
1.25640E+01        5.18597286829E+03
1.25700E+01        5.18136357987E+03
1.25760E+01        5.17676041634E+03
1.25820E+01        5.17216336689E+03
1.25880E+01        5.16757242073E+03
1.25940E+01        5.16298756710E+03
1.26000E+01        5.15840879526E+03
1.26060E+01        5.15383609448E+03
1.26120E+01        5.14926945407E+03
1.26180E+01        5.14470886336E+03
1.26240E+01        5.14015431170E+03
1.26300E+01        5.13560578846E+03
1.26360E+01        5.13106328306E+03
1.26420E+01        5.12652678489E+03
1.26480E+01        5.12199628342E+03
1.26540E+01        5.11747176811E+03
1.26600E+01        5.11295322845E+03
1.26660E+01        5.10844065395E+03
1.26720E+01        5.10393403415E+03
1.26780E+01        5.09943335861E+03
1.26840E+01        5.09493861691E+03
1.26900E+01        5.09044979866E+03
1.26960E+01        5.08596689349E+03
1.27020E+01        5.08148989104E+03
1.27080E+01        5.07701878100E+03
1.27140E+01        5.07255355304E+03
1.27200E+01        5.06809419690E+03
1.27260E+01        5.06364070232E+03
1.27320E+01        5.05919305905E+03
1.27380E+01        5.05475125688E+03
1.27440E+01        5.05031528562E+03
1.27500E+01        5.04588513509E+03
1.27560E+01        5.04146079516E+03
1.27620E+01        5.03704225569E+03
1.27680E+01        5.03262950657E+03
1.27740E+01        5.02822253773E+03
1.27800E+01        5.02382133910E+03
1.27860E+01        5.01942590065E+03
1.27920E+01        5.01503621236E+03
1.27980E+01        5.01065226423E+03
1.28040E+01        5.00627404629E+03
1.28100E+01        5.00190154858E+03
1.28160E+01        4.99753476119E+03
1.28220E+01        4.99317367418E+03
1.28280E+01        4.98881827769E+03
1.28340E+01        4.98446856183E+03
1.28400E+01        4.98012451678E+03
1.28460E+01        4.97578613269E+03
1.28520E+01        4.97145339978E+03
1.28580E+01        4.96712630825E+03
1.28640E+01        4.96280484835E+03
1.28700E+01        4.95848901034E+03
1.28760E+01        4.95417878450E+03
1.28820E+01        4.94987416113E+03
1.28880E+01        4.94557513056E+03
1.28940E+01        4.94128168312E+03
1.29000E+01        4.93699380919E+03
1.29060E+01        4.93271149915E+03
1.29120E+01        4.92843474340E+03
1.29180E+01        4.92416353238E+03
1.29240E+01        4.91989785653E+03
1.29300E+01        4.91563770631E+03
1.29360E+01        4.91138307222E+03
1.29420E+01        4.90713394477E+03
1.29480E+01        4.90289031447E+03
1.29540E+01        4.89865217190E+03
1.29600E+01        4.89441950760E+03
1.29660E+01        4.89019231218E+03
1.29720E+01        4.88597057623E+03
1.29780E+01        4.88175429040E+03
1.29840E+01        4.87754344533E+03
1.29900E+01        4.87333803170E+03
1.29960E+01        4.86913804018E+03
1.30020E+01        4.86494346150E+03
1.30080E+01        4.86075428638E+03
1.30140E+01        4.85657050557E+03
1.30200E+01        4.85239210983E+03
1.30260E+01        4.84821908997E+03
1.30320E+01        4.84405143678E+03
1.30380E+01        4.83988914110E+03
1.30440E+01        4.83573219377E+03
1.30500E+01        4.83158058566E+03
1.30560E+01        4.82743430765E+03
1.30620E+01        4.82329335066E+03
1.30680E+01        4.81915770560E+03
1.30740E+01        4.81502736342E+03
1.30800E+01        4.81090231508E+03
1.30860E+01        4.80678255158E+03
1.30920E+01        4.80266806390E+03
1.30980E+01        4.79855884307E+03
1.31040E+01        4.79445488013E+03
1.31100E+01        4.79035616614E+03
1.31160E+01        4.78626269217E+03
1.31220E+01        4.78217444933E+03
1.31280E+01        4.77809142873E+03
1.31340E+01        4.77401362151E+03
1.31400E+01        4.76994101881E+03
1.31460E+01        4.76587361180E+03
1.31520E+01        4.76181139169E+03
1.31580E+01        4.75775434968E+03
1.31640E+01        4.75370247699E+03
1.31700E+01        4.74965576488E+03
1.31760E+01        4.74561420460E+03
1.31820E+01        4.74157778744E+03
1.31880E+01        4.73754650470E+03
1.31940E+01        4.73352034771E+03
1.32000E+01        4.72949930780E+03
1.32060E+01        4.72548337632E+03
1.32120E+01        4.72147254465E+03
1.32180E+01        4.71746680419E+03
1.32240E+01        4.71346614633E+03
1.32300E+01        4.70947056253E+03
1.32360E+01        4.70548004421E+03
1.32420E+01        4.70149458285E+03
1.32480E+01        4.69751416992E+03
1.32540E+01        4.69353879693E+03
1.32600E+01        4.68956845540E+03
1.32660E+01        4.68560313686E+03
1.32720E+01        4.68164283286E+03
1.32780E+01        4.67768753499E+03
1.32840E+01        4.67373723482E+03
1.32900E+01        4.66979192396E+03
1.32960E+01        4.66585159404E+03
1.33020E+01        4.66191623671E+03
1.33080E+01        4.65798584361E+03
1.33140E+01        4.65406040643E+03
1.33200E+01        4.65013991686E+03
1.33260E+01        4.64622436661E+03
1.33320E+01        4.64231374741E+03
1.33380E+01        4.63840805101E+03
1.33440E+01        4.63450726917E+03
1.33500E+01        4.63061139367E+03
1.33560E+01        4.62672041631E+03
1.33620E+01        4.62283432890E+03
1.33680E+01        4.61895312328E+03
