output_bb_noLD/Noodles_2021-02-26/SED_09.dat
# %ECSV 0.9
# ---
# datatype:
# - {name: wavelength, unit: micron, datatype: float64}
# - {name: flux, unit: microJansky, datatype: float64}
# schema: astropy-2.0
#
#
#  - - File generated by ExoNoodle - -
#         V1.0.0 - MML (CEA-Saclay)
#       2021-02-26 14:01:48.325215
wavelength flux 
[from data line 865]
8.19000E+00        1.13309941657E+04
8.19600E+00        1.13161951618E+04
8.20200E+00        1.13014249157E+04
8.20800E+00        1.12866833537E+04
8.21400E+00        1.12719704021E+04
8.22000E+00        1.12572859877E+04
8.22600E+00        1.12426300372E+04
8.23200E+00        1.12280024778E+04
8.23800E+00        1.12134032368E+04
8.24400E+00        1.11988322419E+04
8.25000E+00        1.11842894207E+04
8.25600E+00        1.11697747015E+04
8.26200E+00        1.11552880123E+04
8.26800E+00        1.11408292817E+04
8.27400E+00        1.11263984384E+04
8.28000E+00        1.11119954114E+04
8.28600E+00        1.10976201298E+04
8.29200E+00        1.10832725230E+04
8.29800E+00        1.10689525205E+04
8.30400E+00        1.10546600523E+04
8.31000E+00        1.10403950483E+04
8.31600E+00        1.10261574389E+04
8.32200E+00        1.10119471545E+04
8.32800E+00        1.09977641258E+04
8.33400E+00        1.09836082838E+04
8.34000E+00        1.09694795596E+04
8.34600E+00        1.09553778845E+04
8.35200E+00        1.09413031901E+04
8.35800E+00        1.09272554082E+04
8.36400E+00        1.09132344708E+04
8.37000E+00        1.08992403101E+04
8.37600E+00        1.08852728586E+04
8.38200E+00        1.08713320488E+04
8.38800E+00        1.08574178135E+04
8.39400E+00        1.08435300860E+04
8.40000E+00        1.08296687993E+04
8.40600E+00        1.08158338870E+04
8.41200E+00        1.08020252828E+04
8.41800E+00        1.07882429205E+04
8.42400E+00        1.07744867343E+04
8.43000E+00        1.07607566583E+04
8.43600E+00        1.07470526272E+04
8.44200E+00        1.07333745755E+04
8.44800E+00        1.07197224383E+04
8.45400E+00        1.07060961506E+04
8.46000E+00        1.06924956478E+04
8.46600E+00        1.06789208653E+04
8.47200E+00        1.06653717388E+04
8.47800E+00        1.06518482042E+04
8.48400E+00        1.06383501977E+04
8.49000E+00        1.06248776555E+04
8.49600E+00        1.06114305142E+04
8.50200E+00        1.05980087104E+04
8.50800E+00        1.05846121810E+04
8.51400E+00        1.05712408631E+04
8.52000E+00        1.05578946940E+04
8.52600E+00        1.05445736111E+04
8.53200E+00        1.05312775522E+04
8.53800E+00        1.05180064550E+04
8.54400E+00        1.05047602576E+04
8.55000E+00        1.04915388983E+04
8.55600E+00        1.04783423154E+04
8.56200E+00        1.04651704476E+04
8.56800E+00        1.04520232337E+04
8.57400E+00        1.04389006127E+04
8.58000E+00        1.04258025237E+04
8.58600E+00        1.04127289061E+04
8.59200E+00        1.03996796995E+04
8.59800E+00        1.03866548435E+04
8.60400E+00        1.03736542782E+04
8.61000E+00        1.03606779436E+04
8.61600E+00        1.03477257800E+04
8.62200E+00        1.03347977278E+04
8.62800E+00        1.03218937277E+04
8.63400E+00        1.03090137206E+04
8.64000E+00        1.02961576474E+04
8.64600E+00        1.02833254494E+04
8.65200E+00        1.02705170678E+04
8.65800E+00        1.02577324443E+04
8.66400E+00        1.02449715205E+04
8.67000E+00        1.02322342384E+04
8.67600E+00        1.02195205401E+04
8.68200E+00        1.02068303677E+04
8.68800E+00        1.01941636638E+04
8.69400E+00        1.01815203709E+04
8.70000E+00        1.01689004317E+04
8.70600E+00        1.01563037893E+04
8.71200E+00        1.01437303868E+04
8.71800E+00        1.01311801675E+04
8.72400E+00        1.01186530747E+04
8.73000E+00        1.01061490523E+04
8.73600E+00        1.00936680438E+04
8.74200E+00        1.00812099935E+04
8.74800E+00        1.00687748453E+04
8.75400E+00        1.00563625436E+04
8.76000E+00        1.00439730328E+04
8.76600E+00        1.00316062577E+04
8.77200E+00        1.00192621631E+04
8.77800E+00        1.00069406938E+04
8.78400E+00        9.99464179510E+03
8.79000E+00        9.98236541226E+03
8.79600E+00        9.97011149077E+03
8.80200E+00        9.95787997625E+03
8.80800E+00        9.94567081451E+03
8.81400E+00        9.93348395150E+03
8.82000E+00        9.92131933336E+03
8.82600E+00        9.90917690638E+03
8.83200E+00        9.89705661698E+03
8.83800E+00        9.88495841179E+03
8.84400E+00        9.87288223756E+03
8.85000E+00        9.86082804123E+03
8.85600E+00        9.84879576987E+03
8.86200E+00        9.83678537073E+03
8.86800E+00        9.82479679120E+03
8.87400E+00        9.81282997885E+03
8.88000E+00        9.80088488137E+03
8.88600E+00        9.78896144664E+03
8.89200E+00        9.77705962268E+03
8.89800E+00        9.76517935766E+03
8.90400E+00        9.75332059992E+03
8.91000E+00        9.74148329794E+03
8.91600E+00        9.72966740036E+03
8.92200E+00        9.71787285596E+03
8.92800E+00        9.70609961369E+03
8.93400E+00        9.69434762263E+03
8.94000E+00        9.68261683204E+03
8.94600E+00        9.67090719130E+03
8.95200E+00        9.65921864995E+03
8.95800E+00        9.64755115770E+03
8.96400E+00        9.63590466437E+03
8.97000E+00        9.62427911997E+03
8.97600E+00        9.61267447461E+03
8.98200E+00        9.60109067860E+03
8.98800E+00        9.58952768235E+03
8.99400E+00        9.57798543644E+03
9.00000E+00        9.56646389160E+03
9.00600E+00        9.55496299869E+03
9.01200E+00        9.54348270873E+03
9.01800E+00        9.53202297286E+03
9.02400E+00        9.52058374238E+03
9.03000E+00        9.50916496875E+03
9.03600E+00        9.49776660354E+03
9.04200E+00        9.48638859847E+03
9.04800E+00        9.47503090542E+03
9.05400E+00        9.46369347640E+03
9.06000E+00        9.45237626354E+03
9.06600E+00        9.44107921916E+03
9.07200E+00        9.42980229566E+03
9.07800E+00        9.41854544562E+03
9.08400E+00        9.40730862175E+03
9.09000E+00        9.39609177689E+03
9.09600E+00        9.38489486403E+03
9.10200E+00        9.37371783627E+03
9.10800E+00        9.36256064689E+03
9.11400E+00        9.35142324927E+03
9.12000E+00        9.34030559693E+03
9.12600E+00        9.32920764355E+03
9.13200E+00        9.31812934292E+03
9.13800E+00        9.30707064898E+03
9.14400E+00        9.29603151578E+03
9.15000E+00        9.28501189753E+03
9.15600E+00        9.27401174857E+03
9.16200E+00        9.26303102335E+03
9.16800E+00        9.25206967647E+03
9.17400E+00        9.24112766267E+03
9.18000E+00        9.23020493681E+03
9.18600E+00        9.21930145386E+03
9.19200E+00        9.20841716897E+03
9.19800E+00        9.19755203736E+03
9.20400E+00        9.18670601444E+03
9.21000E+00        9.17587905569E+03
9.21600E+00        9.16507111677E+03
9.22200E+00        9.15428215344E+03
9.22800E+00        9.14351212158E+03
9.23400E+00        9.13276097722E+03
9.24000E+00        9.12202867651E+03
9.24600E+00        9.11131517572E+03
9.25200E+00        9.10062043124E+03
9.25800E+00        9.08994439961E+03
9.26400E+00        9.07928703747E+03
9.27000E+00        9.06864830159E+03
9.27600E+00        9.05802814887E+03
9.28200E+00        9.04742653634E+03
9.28800E+00        9.03684342114E+03
9.29400E+00        9.02627876053E+03
9.30000E+00        9.01573251190E+03
9.30600E+00        9.00520463277E+03
9.31200E+00        8.99469508078E+03
9.31800E+00        8.98420381367E+03
9.32400E+00        8.97373078932E+03
9.33000E+00        8.96327596573E+03
9.33600E+00        8.95283930101E+03
9.34200E+00        8.94242075339E+03
9.34800E+00        8.93202028124E+03
9.35400E+00        8.92163784303E+03
9.36000E+00        8.91127339734E+03
9.36600E+00        8.90092690289E+03
9.37200E+00        8.89059831850E+03
9.37800E+00        8.88028760312E+03
9.38400E+00        8.86999471581E+03
9.39000E+00        8.85971961575E+03
9.39600E+00        8.84946226222E+03
9.40200E+00        8.83922261464E+03
9.40800E+00        8.82900063253E+03
9.41400E+00        8.81879627553E+03
9.42000E+00        8.80860950340E+03
9.42600E+00        8.79844027599E+03
9.43200E+00        8.78828855329E+03
9.43800E+00        8.77815429540E+03
9.44400E+00        8.76803746252E+03
9.45000E+00        8.75793801497E+03
9.45600E+00        8.74785591318E+03
9.46200E+00        8.73779111770E+03
9.46800E+00        8.72774358917E+03
9.47400E+00        8.71771328837E+03
9.48000E+00        8.70770017617E+03
9.48600E+00        8.69770421355E+03
9.49200E+00        8.68772536162E+03
9.49800E+00        8.67776358157E+03
9.50400E+00        8.66781883473E+03
9.51000E+00        8.65789108251E+03
9.51600E+00        8.64798028645E+03
9.52200E+00        8.63808640818E+03
9.52800E+00        8.62820940946E+03
9.53400E+00        8.61834925214E+03
9.54000E+00        8.60850589819E+03
9.54600E+00        8.59867930966E+03
9.55200E+00        8.58886944873E+03
9.55800E+00        8.57907627769E+03
9.56400E+00        8.56929975892E+03
9.57000E+00        8.55953985492E+03
9.57600E+00        8.54979652827E+03
9.58200E+00        8.54006974167E+03
9.58800E+00        8.53035945795E+03
9.59400E+00        8.52066563999E+03
9.60000E+00        8.51098825082E+03
9.60600E+00        8.50132725354E+03
9.61200E+00        8.49168261138E+03
9.61800E+00        8.48205428766E+03
9.62400E+00        8.47244224579E+03
9.63000E+00        8.46284644931E+03
9.63600E+00        8.45326686184E+03
9.64200E+00        8.44370344710E+03
9.64800E+00        8.43415616892E+03
9.65400E+00        8.42462499123E+03
9.66000E+00        8.41510987805E+03
9.66600E+00        8.40561079353E+03
9.67200E+00        8.39612770187E+03
9.67800E+00        8.38666056741E+03
9.68400E+00        8.37720935457E+03
9.69000E+00        8.36777402788E+03
9.69600E+00        8.35835455195E+03
9.70200E+00        8.34895089151E+03
9.70800E+00        8.33956301136E+03
9.71400E+00        8.33019087644E+03
9.72000E+00        8.32083445174E+03
9.72600E+00        8.31149370237E+03
9.73200E+00        8.30216859354E+03
9.73800E+00        8.29285909054E+03
9.74400E+00        8.28356515877E+03
9.75000E+00        8.27428676373E+03
9.75600E+00        8.26502387098E+03
9.76200E+00        8.25577644622E+03
9.76800E+00        8.24654445522E+03
9.77400E+00        8.23732786384E+03
9.78000E+00        8.22812663804E+03
9.78600E+00        8.21894074389E+03
9.79200E+00        8.20977014753E+03
9.79800E+00        8.20061481519E+03
9.80400E+00        8.19147471322E+03
9.81000E+00        8.18234980804E+03
9.81600E+00        8.17324006616E+03
9.82200E+00        8.16414545419E+03
9.82800E+00        8.15506593884E+03
9.83400E+00        8.14600148689E+03
9.84000E+00        8.13695206523E+03
9.84600E+00        8.12791764083E+03
9.85200E+00        8.11889818075E+03
9.85800E+00        8.10989365215E+03
9.86400E+00        8.10090402226E+03
9.87000E+00        8.09192925841E+03
9.87600E+00        8.08296932803E+03
9.88200E+00        8.07402419862E+03
9.88800E+00        8.06509383778E+03
9.89400E+00        8.05617821320E+03
9.90000E+00        8.04727729264E+03
9.90600E+00        8.03839104398E+03
9.91200E+00        8.02951943514E+03
9.91800E+00        8.02066243418E+03
9.92400E+00        8.01182000920E+03
9.93000E+00        8.00299212843E+03
9.93600E+00        7.99417876014E+03
9.94200E+00        7.98537987272E+03
9.94800E+00        7.97659543464E+03
9.95400E+00        7.96782541444E+03
9.96000E+00        7.95906978076E+03
9.96600E+00        7.95032850232E+03
9.97200E+00        7.94160154793E+03
9.97800E+00        7.93288888646E+03
9.98400E+00        7.92419048690E+03
9.99000E+00        7.91550631830E+03
9.99600E+00        7.90683634980E+03
1.00020E+01        7.89818055062E+03
1.00080E+01        7.88953889007E+03
1.00140E+01        7.88091133753E+03
1.00200E+01        7.87229786248E+03
1.00260E+01        7.86369843446E+03
1.00320E+01        7.85511302311E+03
1.00380E+01        7.84654159815E+03
1.00440E+01        7.83798412937E+03
1.00500E+01        7.82944058666E+03
1.00560E+01        7.82091093996E+03
1.00620E+01        7.81239515932E+03
1.00680E+01        7.80389321485E+03
1.00740E+01        7.79540507676E+03
1.00800E+01        7.78693071533E+03
1.00860E+01        7.77847010091E+03
1.00920E+01        7.77002320394E+03
1.00980E+01        7.76158999493E+03
1.01040E+01        7.75317044449E+03
1.01100E+01        7.74476452329E+03
1.01160E+01        7.73637220207E+03
1.01220E+01        7.72799345166E+03
1.01280E+01        7.71962824299E+03
1.01340E+01        7.71127654702E+03
1.01400E+01        7.70293833482E+03
1.01460E+01        7.69461357753E+03
1.01520E+01        7.68630224637E+03
1.01580E+01        7.67800431263E+03
1.01640E+01        7.66971974768E+03
1.01700E+01        7.66144852295E+03
1.01760E+01        7.65319060998E+03
1.01820E+01        7.64494598036E+03
1.01880E+01        7.63671460575E+03
1.01940E+01        7.62849645791E+03
1.02000E+01        7.62029150866E+03
1.02060E+01        7.61209972989E+03
1.02120E+01        7.60392109357E+03
1.02180E+01        7.59575557174E+03
1.02240E+01        7.58760313653E+03
1.02300E+01        7.57946376012E+03
1.02360E+01        7.57133741478E+03
1.02420E+01        7.56322407285E+03
1.02480E+01        7.55512370674E+03
1.02540E+01        7.54703628893E+03
1.02600E+01        7.53896179197E+03
1.02660E+01        7.53090018851E+03
1.02720E+01        7.52285145123E+03
1.02780E+01        7.51481555291E+03
1.02840E+01        7.50679246640E+03
1.02900E+01        7.49878216460E+03
1.02960E+01        7.49078462051E+03
1.03020E+01        7.48279980717E+03
1.03080E+01        7.47482769773E+03
1.03140E+01        7.46686826538E+03
1.03200E+01        7.45892148339E+03
1.03260E+01        7.45098732509E+03
1.03320E+01        7.44306576389E+03
1.03380E+01        7.43515677328E+03
1.03440E+01        7.42726032680E+03
1.03500E+01        7.41937639806E+03
1.03560E+01        7.41150496076E+03
1.03620E+01        7.40364598864E+03
1.03680E+01        7.39579945553E+03
1.03740E+01        7.38796533532E+03
1.03800E+01        7.38014360197E+03
1.03860E+01        7.37233422950E+03
1.03920E+01        7.36453719202E+03
1.03980E+01        7.35675246368E+03
1.04040E+01        7.34898001872E+03
1.04100E+01        7.34121983142E+03
1.04160E+01        7.33347187615E+03
1.04220E+01        7.32573612735E+03
1.04280E+01        7.31801255951E+03
1.04340E+01        7.31030114718E+03
1.04400E+01        7.30260186501E+03
1.04460E+01        7.29491468768E+03
1.04520E+01        7.28723958996E+03
1.04580E+01        7.27957654666E+03
1.04640E+01        7.27192553269E+03
1.04700E+01        7.26428652299E+03
1.04760E+01        7.25665949258E+03
1.04820E+01        7.24904441656E+03
1.04880E+01        7.24144127006E+03
1.04940E+01        7.23385002832E+03
1.05000E+01        7.22627066659E+03
1.05060E+01        7.21870316022E+03
1.05120E+01        7.21114748462E+03
1.05180E+01        7.20360361526E+03
1.05240E+01        7.19607152766E+03
1.05300E+01        7.18855119743E+03
1.05360E+01        7.18104260021E+03
1.05420E+01        7.17354571173E+03
1.05480E+01        7.16606050778E+03
1.05540E+01        7.15858696419E+03
1.05600E+01        7.15112505687E+03
1.05660E+01        7.14367476180E+03
1.05720E+01        7.13623605500E+03
1.05780E+01        7.12880891256E+03
1.05840E+01        7.12139331063E+03
1.05900E+01        7.11398922544E+03
1.05960E+01        7.10659663326E+03
1.06020E+01        7.09921551041E+03
1.06080E+01        7.09184583331E+03
1.06140E+01        7.08448757840E+03
1.06200E+01        7.07714072220E+03
1.06260E+01        7.06980524129E+03
1.06320E+01        7.06248111231E+03
1.06380E+01        7.05516831195E+03
1.06440E+01        7.04786681696E+03
1.06500E+01        7.04057660417E+03
1.06560E+01        7.03329765045E+03
1.06620E+01        7.02602993273E+03
1.06680E+01        7.01877342800E+03
1.06740E+01        7.01152811332E+03
1.06800E+01        7.00429396579E+03
1.06860E+01        6.99707096258E+03
1.06920E+01        6.98985908091E+03
1.06980E+01        6.98265829807E+03
1.07040E+01        6.97546859140E+03
1.07100E+01        6.96828993829E+03
1.07160E+01        6.96112231621E+03
1.07220E+01        6.95396570266E+03
1.07280E+01        6.94682007521E+03
1.07340E+01        6.93968541149E+03
1.07400E+01        6.93256168919E+03
1.07460E+01        6.92544888604E+03
1.07520E+01        6.91834697984E+03
1.07580E+01        6.91125594844E+03
1.07640E+01        6.90417576975E+03
1.07700E+01        6.89710642173E+03
1.07760E+01        6.89004788241E+03
