output_bb_noLD/Noodles_2021-02-26/SED_09.dat
# %ECSV 0.9
# ---
# datatype:
# - {name: wavelength, unit: micron, datatype: float64}
# - {name: flux, unit: microJansky, datatype: float64}
# schema: astropy-2.0
#
#
#  - - File generated by ExoNoodle - -
#         V1.0.0 - MML (CEA-Saclay)
#       2021-02-26 14:01:48.325215
wavelength flux 
[from data line 1730]
1.33800E+01        4.61120532480E+03
1.33860E+01        4.60733871569E+03
1.33920E+01        4.60347695586E+03
1.33980E+01        4.59962003723E+03
1.34040E+01        4.59576795173E+03
1.34100E+01        4.59192069132E+03
1.34160E+01        4.58807824795E+03
1.34220E+01        4.58424061360E+03
1.34280E+01        4.58040778029E+03
1.34340E+01        4.57657974003E+03
1.34400E+01        4.57275648484E+03
1.34460E+01        4.56893800679E+03
1.34520E+01        4.56512429793E+03
1.34580E+01        4.56131535034E+03
1.34640E+01        4.55751115613E+03
1.34700E+01        4.55371170741E+03
1.34760E+01        4.54991699632E+03
1.34820E+01        4.54612701499E+03
1.34880E+01        4.54234175560E+03
1.34940E+01        4.53856121032E+03
1.35000E+01        4.53478537135E+03
1.35060E+01        4.53101423090E+03
1.35120E+01        4.52724778120E+03
1.35180E+01        4.52348601450E+03
1.35240E+01        4.51972892305E+03
1.35300E+01        4.51597649913E+03
1.35360E+01        4.51222873503E+03
1.35420E+01        4.50848562307E+03
1.35480E+01        4.50474715555E+03
1.35540E+01        4.50101332484E+03
1.35600E+01        4.49728412327E+03
1.35660E+01        4.49355954322E+03
1.35720E+01        4.48983957708E+03
1.35780E+01        4.48612421725E+03
1.35840E+01        4.48241345614E+03
1.35900E+01        4.47870728620E+03
1.35960E+01        4.47500569986E+03
1.36020E+01        4.47130868960E+03
1.36080E+01        4.46761624789E+03
1.36140E+01        4.46392836723E+03
1.36200E+01        4.46024504013E+03
1.36260E+01        4.45656625912E+03
1.36320E+01        4.45289201673E+03
1.36380E+01        4.44922230552E+03
1.36440E+01        4.44555711807E+03
1.36500E+01        4.44189644696E+03
1.36560E+01        4.43824028479E+03
1.36620E+01        4.43458862419E+03
1.36680E+01        4.43094145777E+03
1.36740E+01        4.42729877820E+03
1.36800E+01        4.42366057813E+03
1.36860E+01        4.42002685024E+03
1.36920E+01        4.41639758721E+03
1.36980E+01        4.41277278177E+03
1.37040E+01        4.40915242662E+03
1.37100E+01        4.40553651452E+03
1.37160E+01        4.40192503819E+03
1.37220E+01        4.39831799043E+03
1.37280E+01        4.39471536399E+03
1.37340E+01        4.39111715169E+03
1.37400E+01        4.38752334633E+03
1.37460E+01        4.38393394073E+03
1.37520E+01        4.38034892773E+03
1.37580E+01        4.37676830019E+03
1.37640E+01        4.37319205098E+03
1.37700E+01        4.36962017297E+03
1.37760E+01        4.36605265907E+03
1.37820E+01        4.36248950219E+03
1.37880E+01        4.35893069524E+03
1.37940E+01        4.35537623118E+03
1.38000E+01        4.35182610296E+03
1.38060E+01        4.34828030354E+03
1.38120E+01        4.34473882592E+03
1.38180E+01        4.34120166307E+03
1.38240E+01        4.33766880803E+03
1.38300E+01        4.33414025380E+03
1.38360E+01        4.33061599344E+03
1.38420E+01        4.32709601999E+03
1.38480E+01        4.32358032652E+03
1.38540E+01        4.32006890611E+03
1.38600E+01        4.31656175187E+03
1.38660E+01        4.31305885689E+03
1.38720E+01        4.30956021430E+03
1.38780E+01        4.30606581724E+03
1.38840E+01        4.30257565886E+03
1.38900E+01        4.29908973232E+03
1.38960E+01        4.29560803080E+03
1.39020E+01        4.29213054749E+03
1.39080E+01        4.28865727561E+03
1.39140E+01        4.28518820836E+03
1.39200E+01        4.28172333898E+03
1.39260E+01        4.27826266071E+03
1.39320E+01        4.27480616683E+03
1.39380E+01        4.27135385059E+03
1.39440E+01        4.26790570529E+03
1.39500E+01        4.26446172423E+03
1.39560E+01        4.26102190072E+03
1.39620E+01        4.25758622808E+03
1.39680E+01        4.25415469967E+03
1.39740E+01        4.25072730883E+03
1.39800E+01        4.24730404893E+03
1.39860E+01        4.24388491335E+03
1.39920E+01        4.24046989548E+03
1.39980E+01        4.23705898873E+03
1.40040E+01        4.23365218652E+03
