output_bb_noLD/Noodles_2021-02-26/SED_03.dat
# %ECSV 0.9
# ---
# datatype:
# - {name: wavelength, unit: micron, datatype: float64}
# - {name: flux, unit: microJansky, datatype: float64}
# schema: astropy-2.0
#
#
#  - - File generated by ExoNoodle - -
#         V1.0.0 - MML (CEA-Saclay)
#       2021-02-26 14:01:48.325215
wavelength flux 
[from data line 1730]
1.33800E+01        4.59743246216E+03
1.33860E+01        4.59357738357E+03
1.33920E+01        4.58972714015E+03
1.33980E+01        4.58588172384E+03
1.34040E+01        4.58204112661E+03
1.34100E+01        4.57820534042E+03
1.34160E+01        4.57437435726E+03
1.34220E+01        4.57054816913E+03
1.34280E+01        4.56672676806E+03
1.34340E+01        4.56291014609E+03
1.34400E+01        4.55909829527E+03
1.34460E+01        4.55529120767E+03
1.34520E+01        4.55148887539E+03
1.34580E+01        4.54769129052E+03
1.34640E+01        4.54389844518E+03
1.34700E+01        4.54011033152E+03
1.34760E+01        4.53632694168E+03
1.34820E+01        4.53254826783E+03
1.34880E+01        4.52877430217E+03
1.34940E+01        4.52500503689E+03
1.35000E+01        4.52124046420E+03
1.35060E+01        4.51748057635E+03
1.35120E+01        4.51372536559E+03
1.35180E+01        4.50997482417E+03
1.35240E+01        4.50622894438E+03
1.35300E+01        4.50248771852E+03
1.35360E+01        4.49875113890E+03
1.35420E+01        4.49501919786E+03
1.35480E+01        4.49129188773E+03
1.35540E+01        4.48756920087E+03
1.35600E+01        4.48385112967E+03
1.35660E+01        4.48013766651E+03
1.35720E+01        4.47642880381E+03
1.35780E+01        4.47272453398E+03
1.35840E+01        4.46902484947E+03
1.35900E+01        4.46532974273E+03
1.35960E+01        4.46163920623E+03
1.36020E+01        4.45795323245E+03
1.36080E+01        4.45427181390E+03
1.36140E+01        4.45059494309E+03
1.36200E+01        4.44692261255E+03
1.36260E+01        4.44325481483E+03
1.36320E+01        4.43959154250E+03
1.36380E+01        4.43593278812E+03
1.36440E+01        4.43227854430E+03
1.36500E+01        4.42862880363E+03
1.36560E+01        4.42498355874E+03
1.36620E+01        4.42134280228E+03
1.36680E+01        4.41770652688E+03
1.36740E+01        4.41407472523E+03
1.36800E+01        4.41044738999E+03
1.36860E+01        4.40682451388E+03
1.36920E+01        4.40320608959E+03
1.36980E+01        4.39959210987E+03
1.37040E+01        4.39598256744E+03
1.37100E+01        4.39237745507E+03
1.37160E+01        4.38877676553E+03
1.37220E+01        4.38518049161E+03
1.37280E+01        4.38158862610E+03
1.37340E+01        4.37800116183E+03
1.37400E+01        4.37441809161E+03
1.37460E+01        4.37083940830E+03
1.37520E+01        4.36726510476E+03
1.37580E+01        4.36369517386E+03
1.37640E+01        4.36012960848E+03
1.37700E+01        4.35656840153E+03
1.37760E+01        4.35301154593E+03
1.37820E+01        4.34945903461E+03
1.37880E+01        4.34591086051E+03
1.37940E+01        4.34236701659E+03
1.38000E+01        4.33882749583E+03
1.38060E+01        4.33529229122E+03
1.38120E+01        4.33176139575E+03
1.38180E+01        4.32823480245E+03
1.38240E+01        4.32471250434E+03
1.38300E+01        4.32119449447E+03
1.38360E+01        4.31768076590E+03
1.38420E+01        4.31417131170E+03
1.38480E+01        4.31066612497E+03
1.38540E+01        4.30716519878E+03
1.38600E+01        4.30366852628E+03
1.38660E+01        4.30017610057E+03
1.38720E+01        4.29668791481E+03
1.38780E+01        4.29320396215E+03
1.38840E+01        4.28972423575E+03
1.38900E+01        4.28624872882E+03
1.38960E+01        4.28277743453E+03
1.39020E+01        4.27931034610E+03
1.39080E+01        4.27584745676E+03
1.39140E+01        4.27238875975E+03
1.39200E+01        4.26893424831E+03
1.39260E+01        4.26548391571E+03
1.39320E+01        4.26203775524E+03
1.39380E+01        4.25859576017E+03
1.39440E+01        4.25515792383E+03
1.39500E+01        4.25172423952E+03
1.39560E+01        4.24829470058E+03
1.39620E+01        4.24486930036E+03
1.39680E+01        4.24144803222E+03
1.39740E+01        4.23803088952E+03
1.39800E+01        4.23461786565E+03
1.39860E+01        4.23120895402E+03
1.39920E+01        4.22780414803E+03
1.39980E+01        4.22440344111E+03
1.40040E+01        4.22100682669E+03
