output_bb_noLD/Noodles_2021-02-26/SED_03.dat
# %ECSV 0.9
# ---
# datatype:
# - {name: wavelength, unit: micron, datatype: float64}
# - {name: flux, unit: microJansky, datatype: float64}
# schema: astropy-2.0
#
#
#  - - File generated by ExoNoodle - -
#         V1.0.0 - MML (CEA-Saclay)
#       2021-02-26 14:01:48.325215
wavelength flux 
3.00000E+00        5.70076772930E+04
3.00600E+00        5.68533538712E+04
3.01200E+00        5.66995894268E+04
3.01800E+00        5.65463818556E+04
3.02400E+00        5.63937290561E+04
3.03000E+00        5.62416289294E+04
3.03600E+00        5.60900793798E+04
3.04200E+00        5.59390783142E+04
3.04800E+00        5.57886236431E+04
3.05400E+00        5.56387132799E+04
3.06000E+00        5.54893451416E+04
3.06600E+00        5.53405171487E+04
3.07200E+00        5.51922272251E+04
3.07800E+00        5.50444732987E+04
3.08400E+00        5.48972533009E+04
3.09000E+00        5.47505651673E+04
3.09600E+00        5.46044068372E+04
3.10200E+00        5.44587762544E+04
3.10800E+00        5.43136713665E+04
3.11400E+00        5.41690901256E+04
3.12000E+00        5.40250304881E+04
3.12600E+00        5.38814904150E+04
3.13200E+00        5.37384678716E+04
3.13800E+00        5.35959608280E+04
3.14400E+00        5.34539672590E+04
3.15000E+00        5.33124851441E+04
3.15600E+00        5.31715124676E+04
3.16200E+00        5.30310472187E+04
3.16800E+00        5.28910873919E+04
3.17400E+00        5.27516309863E+04
3.18000E+00        5.26126760064E+04
3.18600E+00        5.24742204617E+04
3.19200E+00        5.23362623672E+04
3.19800E+00        5.21987997429E+04
3.20400E+00        5.20618306144E+04
3.21000E+00        5.19253530124E+04
3.21600E+00        5.17893649734E+04
3.22200E+00        5.16538645393E+04
3.22800E+00        5.15188497573E+04
3.23400E+00        5.13843186807E+04
3.24000E+00        5.12502693679E+04
3.24600E+00        5.11166998834E+04
3.25200E+00        5.09836082974E+04
3.25800E+00        5.08509926856E+04
3.26400E+00        5.07188511299E+04
3.27000E+00        5.05871817177E+04
3.27600E+00        5.04559825426E+04
3.28200E+00        5.03252517040E+04
3.28800E+00        5.01949873071E+04
3.29400E+00        5.00651874635E+04
3.30000E+00        4.99358502903E+04
3.30600E+00        4.98069739112E+04
3.31200E+00        4.96785564556E+04
3.31800E+00        4.95505960592E+04
3.32400E+00        4.94230908637E+04
3.33000E+00        4.92960390171E+04
3.33600E+00        4.91694386735E+04
3.34200E+00        4.90432879933E+04
3.34800E+00        4.89175851430E+04
3.35400E+00        4.87923282955E+04
3.36000E+00        4.86675156298E+04
3.36600E+00        4.85431453314E+04
3.37200E+00        4.84192155919E+04
3.37800E+00        4.82957246093E+04
3.38400E+00        4.81726705881E+04
3.39000E+00        4.80500517388E+04
3.39600E+00        4.79278662785E+04
3.40200E+00        4.78061124307E+04
3.40800E+00        4.76847884253E+04
3.41400E+00        4.75638924983E+04
3.42000E+00        4.74434228926E+04
3.42600E+00        4.73233778570E+04
3.43200E+00        4.72037556471E+04
3.43800E+00        4.70845545248E+04
3.44400E+00        4.69657727584E+04
3.45000E+00        4.68474086227E+04
3.45600E+00        4.67294603990E+04
3.46200E+00        4.66119263749E+04
3.46800E+00        4.64948048445E+04
3.47400E+00        4.63780941085E+04
3.48000E+00        4.62617924738E+04
3.48600E+00        4.61458982541E+04
3.49200E+00        4.60304097694E+04
3.49800E+00        4.59153253459E+04
3.50400E+00        4.58006433167E+04
3.51000E+00        4.56863620211E+04
3.51600E+00        4.55724798050E+04
3.52200E+00        4.54589950205E+04
3.52800E+00        4.53459060266E+04
3.53400E+00        4.52332111882E+04
3.54000E+00        4.51209088770E+04
3.54600E+00        4.50089974712E+04
3.55200E+00        4.48974753552E+04
3.55800E+00        4.47863409200E+04
3.56400E+00        4.46755925628E+04
3.57000E+00        4.45652286876E+04
3.57600E+00        4.44552477044E+04
3.58200E+00        4.43456480299E+04
3.58800E+00        4.42364280870E+04
3.59400E+00        4.41275863051E+04
3.60000E+00        4.40191211200E+04
3.60600E+00        4.39110309739E+04
3.61200E+00        4.38033143150E+04
3.61800E+00        4.36959695984E+04
3.62400E+00        4.35889952852E+04
3.63000E+00        4.34823898429E+04
3.63600E+00        4.33761517453E+04
3.64200E+00        4.32702794725E+04
3.64800E+00        4.31647715109E+04
3.65400E+00        4.30596263534E+04
3.66000E+00        4.29548424987E+04
3.66600E+00        4.28504184523E+04
3.67200E+00        4.27463527255E+04
3.67800E+00        4.26426438360E+04
3.68400E+00        4.25392903079E+04
3.69000E+00        4.24362906712E+04
3.69600E+00        4.23336434623E+04
3.70200E+00        4.22313472236E+04
3.70800E+00        4.21294005039E+04
3.71400E+00        4.20278018579E+04
3.72000E+00        4.19265498467E+04
3.72600E+00        4.18256430372E+04
3.73200E+00        4.17250800027E+04
3.73800E+00        4.16248593223E+04
3.74400E+00        4.15249795815E+04
3.75000E+00        4.14254393715E+04
3.75600E+00        4.13262372899E+04
3.76200E+00        4.12273719399E+04
3.76800E+00        4.11288419312E+04
3.77400E+00        4.10306458790E+04
3.78000E+00        4.09327824049E+04
3.78600E+00        4.08352501360E+04
3.79200E+00        4.07380477058E+04
3.79800E+00        4.06411737535E+04
3.80400E+00        4.05446269241E+04
3.81000E+00        4.04484058686E+04
3.81600E+00        4.03525092438E+04
3.82200E+00        4.02569357126E+04
3.82800E+00        4.01616839433E+04
3.83400E+00        4.00667526103E+04
3.84000E+00        3.99721403938E+04
3.84600E+00        3.98778459797E+04
3.85200E+00        3.97838680596E+04
3.85800E+00        3.96902053308E+04
3.86400E+00        3.95968564966E+04
3.87000E+00        3.95038202657E+04
3.87600E+00        3.94110953525E+04
3.88200E+00        3.93186804773E+04
3.88800E+00        3.92265743657E+04
3.89400E+00        3.91347757493E+04
3.90000E+00        3.90432833649E+04
3.90600E+00        3.89520959552E+04
3.91200E+00        3.88612122683E+04
3.91800E+00        3.87706310579E+04
3.92400E+00        3.86803510833E+04
3.93000E+00        3.85903711090E+04
3.93600E+00        3.85006899053E+04
3.94200E+00        3.84113062478E+04
3.94800E+00        3.83222189177E+04
3.95400E+00        3.82334267014E+04
3.96000E+00        3.81449283909E+04
3.96600E+00        3.80567227834E+04
3.97200E+00        3.79688086817E+04
3.97800E+00        3.78811848937E+04
3.98400E+00        3.77938502328E+04
3.99000E+00        3.77068035175E+04
3.99600E+00        3.76200435719E+04
4.00200E+00        3.75335692250E+04
4.00800E+00        3.74473793112E+04
4.01400E+00        3.73614726703E+04
4.02000E+00        3.72758481470E+04
4.02600E+00        3.71905045913E+04
4.03200E+00        3.71054408584E+04
4.03800E+00        3.70206558085E+04
4.04400E+00        3.69361483073E+04
4.05000E+00        3.68519172250E+04
4.05600E+00        3.67679614374E+04
4.06200E+00        3.66842798251E+04
4.06800E+00        3.66008712737E+04
4.07400E+00        3.65177346741E+04
4.08000E+00        3.64348689218E+04
4.08600E+00        3.63522729177E+04
4.09200E+00        3.62699455672E+04
4.09800E+00        3.61878857810E+04
4.10400E+00        3.61060924745E+04
4.11000E+00        3.60245645681E+04
4.11600E+00        3.59433009872E+04
4.12200E+00        3.58623006616E+04
4.12800E+00        3.57815625265E+04
4.13400E+00        3.57010855216E+04
4.14000E+00        3.56208685913E+04
4.14600E+00        3.55409106850E+04
4.15200E+00        3.54612107568E+04
4.15800E+00        3.53817677654E+04
4.16400E+00        3.53025806744E+04
4.17000E+00        3.52236484519E+04
4.17600E+00        3.51449700708E+04
4.18200E+00        3.50665445086E+04
4.18800E+00        3.49883707475E+04
4.19400E+00        3.49104477743E+04
4.20000E+00        3.48327745802E+04
4.20600E+00        3.47553501612E+04
4.21200E+00        3.46781735177E+04
4.21800E+00        3.46012436549E+04
4.22400E+00        3.45245595821E+04
4.23000E+00        3.44481203134E+04
4.23600E+00        3.43719248673E+04
4.24200E+00        3.42959722666E+04
4.24800E+00        3.42202615388E+04
4.25400E+00        3.41447917157E+04
4.26000E+00        3.40695618333E+04
4.26600E+00        3.39945709322E+04
4.27200E+00        3.39198180574E+04
4.27800E+00        3.38453022580E+04
4.28400E+00        3.37710225875E+04
4.29000E+00        3.36969781040E+04
4.29600E+00        3.36231678693E+04
4.30200E+00        3.35495909500E+04
4.30800E+00        3.34762464167E+04
4.31400E+00        3.34031333440E+04
4.32000E+00        3.33302508112E+04
4.32600E+00        3.32575979014E+04
4.33200E+00        3.31851737020E+04
4.33800E+00        3.31129773045E+04
4.34400E+00        3.30410078045E+04
4.35000E+00        3.29692643018E+04
4.35600E+00        3.28977459002E+04
4.36200E+00        3.28264517077E+04
4.36800E+00        3.27553808361E+04
4.37400E+00        3.26845324014E+04
4.38000E+00        3.26139055238E+04
4.38600E+00        3.25434993270E+04
4.39200E+00        3.24733129392E+04
4.39800E+00        3.24033454922E+04
4.40400E+00        3.23335961218E+04
4.41000E+00        3.22640639679E+04
4.41600E+00        3.21947481742E+04
4.42200E+00        3.21256478882E+04
4.42800E+00        3.20567622613E+04
4.43400E+00        3.19880904488E+04
4.44000E+00        3.19196316098E+04
4.44600E+00        3.18513849073E+04
4.45200E+00        3.17833495080E+04
4.45800E+00        3.17155245823E+04
4.46400E+00        3.16479093046E+04
4.47000E+00        3.15805028528E+04
4.47600E+00        3.15133044086E+04
4.48200E+00        3.14463131574E+04
4.48800E+00        3.13795282884E+04
4.49400E+00        3.13129489944E+04
4.50000E+00        3.12465744718E+04
4.50600E+00        3.11804039207E+04
4.51200E+00        3.11144365447E+04
4.51800E+00        3.10486715513E+04
4.52400E+00        3.09831081512E+04
4.53000E+00        3.09177455589E+04
4.53600E+00        3.08525829925E+04
4.54200E+00        3.07876196735E+04
4.54800E+00        3.07228548269E+04
4.55400E+00        3.06582876813E+04
4.56000E+00        3.05939174688E+04
4.56600E+00        3.05297434248E+04
4.57200E+00        3.04657647885E+04
4.57800E+00        3.04019808020E+04
4.58400E+00        3.03383907114E+04
4.59000E+00        3.02749937658E+04
4.59600E+00        3.02117892178E+04
4.60200E+00        3.01487763235E+04
4.60800E+00        3.00859543421E+04
4.61400E+00        3.00233225363E+04
4.62000E+00        2.99608801722E+04
4.62600E+00        2.98986265191E+04
4.63200E+00        2.98365608496E+04
4.63800E+00        2.97746824394E+04
4.64400E+00        2.97129905679E+04
4.65000E+00        2.96514845173E+04
4.65600E+00        2.95901635732E+04
4.66200E+00        2.95290270246E+04
4.66800E+00        2.94680741633E+04
4.67400E+00        2.94073042846E+04
4.68000E+00        2.93467166869E+04
4.68600E+00        2.92863106717E+04
4.69200E+00        2.92260855436E+04
4.69800E+00        2.91660406104E+04
4.70400E+00        2.91061751831E+04
4.71000E+00        2.90464885754E+04
4.71600E+00        2.89869801046E+04
4.72200E+00        2.89276490907E+04
4.72800E+00        2.88684948569E+04
4.73400E+00        2.88095167293E+04
4.74000E+00        2.87507140372E+04
4.74600E+00        2.86920861128E+04
4.75200E+00        2.86336322912E+04
4.75800E+00        2.85753519107E+04
4.76400E+00        2.85172443123E+04
4.77000E+00        2.84593088402E+04
4.77600E+00        2.84015448413E+04
4.78200E+00        2.83439516655E+04
4.78800E+00        2.82865286658E+04
4.79400E+00        2.82292751977E+04
4.80000E+00        2.81721906199E+04
4.80600E+00        2.81152742938E+04
4.81200E+00        2.80585255838E+04
4.81800E+00        2.80019438568E+04
4.82400E+00        2.79455284830E+04
4.83000E+00        2.78892788350E+04
4.83600E+00        2.78331942883E+04
4.84200E+00        2.77772742213E+04
4.84800E+00        2.77215180151E+04
4.85400E+00        2.76659250535E+04
4.86000E+00        2.76104947231E+04
4.86600E+00        2.75552264131E+04
4.87200E+00        2.75001195156E+04
4.87800E+00        2.74451734253E+04
4.88400E+00        2.73903875395E+04
4.89000E+00        2.73357612584E+04
4.89600E+00        2.72812939846E+04
4.90200E+00        2.72269851235E+04
4.90800E+00        2.71728340832E+04
4.91400E+00        2.71188402741E+04
4.92000E+00        2.70650031097E+04
4.92600E+00        2.70113220056E+04
4.93200E+00        2.69577963803E+04
4.93800E+00        2.69044256548E+04
4.94400E+00        2.68512092525E+04
4.95000E+00        2.67981465996E+04
4.95600E+00        2.67452371248E+04
4.96200E+00        2.66924802590E+04
4.96800E+00        2.66398754359E+04
4.97400E+00        2.65874220917E+04
4.98000E+00        2.65351196650E+04
4.98600E+00        2.64829675969E+04
4.99200E+00        2.64309653309E+04
4.99800E+00        2.63791123130E+04
5.00400E+00        2.63274079916E+04
5.01000E+00        2.62758518177E+04
5.01600E+00        2.62244432443E+04
5.02200E+00        2.61731817273E+04
5.02800E+00        2.61220667247E+04
5.03400E+00        2.60710976968E+04
5.04000E+00        2.60202741066E+04
5.04600E+00        2.59695954190E+04
5.05200E+00        2.59190611017E+04
5.05800E+00        2.58686706245E+04
5.06400E+00        2.58184234594E+04
5.07000E+00        2.57683190809E+04
5.07600E+00        2.57183569658E+04
5.08200E+00        2.56685365931E+04
5.08800E+00        2.56188574441E+04
5.09400E+00        2.55693190024E+04
5.10000E+00        2.55199207538E+04
5.10600E+00        2.54706621863E+04
5.11200E+00        2.54215427903E+04
5.11800E+00        2.53725620582E+04
5.12400E+00        2.53237194848E+04
5.13000E+00        2.52750145670E+04
5.13600E+00        2.52264468040E+04
5.14200E+00        2.51780156969E+04
5.14800E+00        2.51297207492E+04
5.15400E+00        2.50815614666E+04
5.16000E+00        2.50335373567E+04
5.16600E+00        2.49856479296E+04
5.17200E+00        2.49378926971E+04
5.17800E+00        2.48902711735E+04
5.18400E+00        2.48427828749E+04
5.19000E+00        2.47954273197E+04
5.19600E+00        2.47482040282E+04
5.20200E+00        2.47011125230E+04
5.20800E+00        2.46541523286E+04
5.21400E+00        2.46073229716E+04
5.22000E+00        2.45606239806E+04
5.22600E+00        2.45140548863E+04
5.23200E+00        2.44676152214E+04
5.23800E+00        2.44213045207E+04
5.24400E+00        2.43751223208E+04
5.25000E+00        2.43290681604E+04
5.25600E+00        2.42831415802E+04
5.26200E+00        2.42373421229E+04
5.26800E+00        2.41916693332E+04
5.27400E+00        2.41461227576E+04
5.28000E+00        2.41007019447E+04
5.28600E+00        2.40554064449E+04
5.29200E+00        2.40102358106E+04
5.29800E+00        2.39651895962E+04
5.30400E+00        2.39202673579E+04
5.31000E+00        2.38754686539E+04
5.31600E+00        2.38307930440E+04
5.32200E+00        2.37862400903E+04
5.32800E+00        2.37418093565E+04
5.33400E+00        2.36975004083E+04
5.34000E+00        2.36533128132E+04
5.34600E+00        2.36092461404E+04
5.35200E+00        2.35652999611E+04
5.35800E+00        2.35214738485E+04
5.36400E+00        2.34777673772E+04
5.37000E+00        2.34341801239E+04
5.37600E+00        2.33907116671E+04
5.38200E+00        2.33473615870E+04
5.38800E+00        2.33041294655E+04
5.39400E+00        2.32610148865E+04
5.40000E+00        2.32180174356E+04
5.40600E+00        2.31751366999E+04
5.41200E+00        2.31323722687E+04
5.41800E+00        2.30897237327E+04
5.42400E+00        2.30471906843E+04
5.43000E+00        2.30047727180E+04
5.43600E+00        2.29624694297E+04
5.44200E+00        2.29202804169E+04
5.44800E+00        2.28782052793E+04
5.45400E+00        2.28362436177E+04
5.46000E+00        2.27943950350E+04
5.46600E+00        2.27526591357E+04
5.47200E+00        2.27110355257E+04
5.47800E+00        2.26695238129E+04
5.48400E+00        2.26281236068E+04
5.49000E+00        2.25868345182E+04
5.49600E+00        2.25456561601E+04
5.50200E+00        2.25045881466E+04
5.50800E+00        2.24636300937E+04
5.51400E+00        2.24227816190E+04
5.52000E+00        2.23820423416E+04
5.52600E+00        2.23414118824E+04
5.53200E+00        2.23008898636E+04
5.53800E+00        2.22604759091E+04
5.54400E+00        2.22201696445E+04
5.55000E+00        2.21799706969E+04
5.55600E+00        2.21398786949E+04
5.56200E+00        2.20998932686E+04
5.56800E+00        2.20600140498E+04
5.57400E+00        2.20202406718E+04
5.58000E+00        2.19805727693E+04
5.58600E+00        2.19410099787E+04
