output_bb_noLD/Noodles_2021-02-26/SED_09.dat
# %ECSV 0.9
# ---
# datatype:
# - {name: wavelength, unit: micron, datatype: float64}
# - {name: flux, unit: microJansky, datatype: float64}
# schema: astropy-2.0
#
#
#  - - File generated by ExoNoodle - -
#         V1.0.0 - MML (CEA-Saclay)
#       2021-02-26 14:01:48.325215
wavelength flux 
3.00000E+00        5.71057096153E+04
3.00600E+00        5.69513544474E+04
3.01200E+00        5.67975572809E+04
3.01800E+00        5.66443160211E+04
3.02400E+00        5.64916285756E+04
3.03000E+00        5.63394928549E+04
3.03600E+00        5.61879067723E+04
3.04200E+00        5.60368682441E+04
3.04800E+00        5.58863751897E+04
3.05400E+00        5.57364255317E+04
3.06000E+00        5.55870171959E+04
3.06600E+00        5.54381481116E+04
3.07200E+00        5.52898162119E+04
3.07800E+00        5.51420194331E+04
3.08400E+00        5.49947557155E+04
3.09000E+00        5.48480230034E+04
3.09600E+00        5.47018192448E+04
3.10200E+00        5.45561423917E+04
3.10800E+00        5.44109904006E+04
3.11400E+00        5.42663612319E+04
3.12000E+00        5.41222528504E+04
3.12600E+00        5.39786632253E+04
3.13200E+00        5.38355903303E+04
3.13800E+00        5.36930321438E+04
3.14400E+00        5.35509866485E+04
3.15000E+00        5.34094518322E+04
3.15600E+00        5.32684256872E+04
3.16200E+00        5.31279062108E+04
3.16800E+00        5.29878914052E+04
3.17400E+00        5.28483792776E+04
3.18000E+00        5.27093678403E+04
3.18600E+00        5.25708551105E+04
3.19200E+00        5.24328391109E+04
3.19800E+00        5.22953178693E+04
3.20400E+00        5.21582894187E+04
3.21000E+00        5.20217517976E+04
3.21600E+00        5.18857030498E+04
3.22200E+00        5.17501412247E+04
3.22800E+00        5.16150643770E+04
3.23400E+00        5.14804705671E+04
3.24000E+00        5.13463578610E+04
3.24600E+00        5.12127243303E+04
3.25200E+00        5.10795680522E+04
3.25800E+00        5.09468871099E+04
3.26400E+00        5.08146795921E+04
3.27000E+00        5.06829435933E+04
3.27600E+00        5.05516772141E+04
3.28200E+00        5.04208785607E+04
3.28800E+00        5.02905457455E+04
3.29400E+00        5.01606768864E+04
3.30000E+00        5.00312701079E+04
3.30600E+00        4.99023235399E+04
3.31200E+00        4.97738353187E+04
3.31800E+00        4.96458035865E+04
3.32400E+00        4.95182264917E+04
3.33000E+00        4.93911021888E+04
3.33600E+00        4.92644288384E+04
3.34200E+00        4.91382046072E+04
3.34800E+00        4.90124276681E+04
3.35400E+00        4.88870962004E+04
3.36000E+00        4.87622083894E+04
3.36600E+00        4.86377624267E+04
3.37200E+00        4.85137565102E+04
3.37800E+00        4.83901888439E+04
3.38400E+00        4.82670576385E+04
3.39000E+00        4.81443611105E+04
3.39600E+00        4.80220974831E+04
3.40200E+00        4.79002649856E+04
3.40800E+00        4.77788618537E+04
3.41400E+00        4.76578863296E+04
3.42000E+00        4.75373366617E+04
3.42600E+00        4.74172111047E+04
3.43200E+00        4.72975079198E+04
3.43800E+00        4.71782253748E+04
3.44400E+00        4.70593617434E+04
3.45000E+00        4.69409153060E+04
3.45600E+00        4.68228843495E+04
3.46200E+00        4.67052671670E+04
3.46800E+00        4.65880620581E+04
3.47400E+00        4.64712673288E+04
3.48000E+00        4.63548812915E+04
3.48600E+00        4.62389022651E+04
3.49200E+00        4.61233285748E+04
3.49800E+00        4.60081585522E+04
3.50400E+00        4.58933905355E+04
3.51000E+00        4.57790228693E+04
3.51600E+00        4.56650539043E+04
3.52200E+00        4.55514819980E+04
3.52800E+00        4.54383055142E+04
3.53400E+00        4.53255228229E+04
3.54000E+00        4.52131323008E+04
3.54600E+00        4.51011323308E+04
3.55200E+00        4.49895213022E+04
3.55800E+00        4.48782976110E+04
3.56400E+00        4.47674596591E+04
3.57000E+00        4.46570058551E+04
3.57600E+00        4.45469346140E+04
3.58200E+00        4.44372443569E+04
3.58800E+00        4.43279335114E+04
3.59400E+00        4.42190005116E+04
3.60000E+00        4.41104437977E+04
3.60600E+00        4.40022618164E+04
3.61200E+00        4.38944530206E+04
3.61800E+00        4.37870158696E+04
3.62400E+00        4.36799488289E+04
3.63000E+00        4.35732503705E+04
3.63600E+00        4.34669189724E+04
3.64200E+00        4.33609531192E+04
3.64800E+00        4.32553513014E+04
3.65400E+00        4.31501120159E+04
3.66000E+00        4.30452337661E+04
3.66600E+00        4.29407150611E+04
3.67200E+00        4.28365544166E+04
3.67800E+00        4.27327503545E+04
3.68400E+00        4.26293014026E+04
3.69000E+00        4.25262060952E+04
3.69600E+00        4.24234629724E+04
3.70200E+00        4.23210705808E+04
3.70800E+00        4.22190274730E+04
3.71400E+00        4.21173322075E+04
3.72000E+00        4.20159833492E+04
3.72600E+00        4.19149794690E+04
3.73200E+00        4.18143191438E+04
3.73800E+00        4.17140009566E+04
3.74400E+00        4.16140234964E+04
3.75000E+00        4.15143853582E+04
3.75600E+00        4.14150851431E+04
3.76200E+00        4.13161214582E+04
3.76800E+00        4.12174929165E+04
3.77400E+00        4.11191981368E+04
3.78000E+00        4.10212357442E+04
3.78600E+00        4.09236043695E+04
3.79200E+00        4.08263026494E+04
3.79800E+00        4.07293292265E+04
3.80400E+00        4.06326827494E+04
3.81000E+00        4.05363618723E+04
3.81600E+00        4.04403652555E+04
3.82200E+00        4.03446915649E+04
3.82800E+00        4.02493394723E+04
3.83400E+00        4.01543076554E+04
3.84000E+00        4.00595947974E+04
3.84600E+00        3.99651995875E+04
3.85200E+00        3.98711207204E+04
3.85800E+00        3.97773568967E+04
3.86400E+00        3.96839068225E+04
3.87000E+00        3.95907692098E+04
3.87600E+00        3.94979427760E+04
3.88200E+00        3.94054262444E+04
3.88800E+00        3.93132183436E+04
3.89400E+00        3.92213178081E+04
3.90000E+00        3.91297233777E+04
3.90600E+00        3.90384337980E+04
3.91200E+00        3.89474478199E+04
3.91800E+00        3.88567642001E+04
3.92400E+00        3.87663817005E+04
3.93000E+00        3.86762990886E+04
3.93600E+00        3.85865151375E+04
3.94200E+00        3.84970286254E+04
3.94800E+00        3.84078383363E+04
3.95400E+00        3.83189430593E+04
3.96000E+00        3.82303415891E+04
3.96600E+00        3.81420327255E+04
3.97200E+00        3.80540152740E+04
3.97800E+00        3.79662880449E+04
3.98400E+00        3.78788498544E+04
3.99000E+00        3.77916995235E+04
3.99600E+00        3.77048358787E+04
4.00200E+00        3.76182577516E+04
4.00800E+00        3.75319639792E+04
4.01400E+00        3.74459534035E+04
4.02000E+00        3.73602248718E+04
4.02600E+00        3.72747772366E+04
4.03200E+00        3.71896093552E+04
4.03800E+00        3.71047200906E+04
4.04400E+00        3.70201083103E+04
4.05000E+00        3.69357728872E+04
4.05600E+00        3.68517126993E+04
4.06200E+00        3.67679266295E+04
4.06800E+00        3.66844135656E+04
4.07400E+00        3.66011724008E+04
4.08000E+00        3.65182020327E+04
4.08600E+00        3.64355013645E+04
4.09200E+00        3.63530693037E+04
4.09800E+00        3.62709047632E+04
4.10400E+00        3.61890066605E+04
4.11000E+00        3.61073739182E+04
4.11600E+00        3.60260054636E+04
4.12200E+00        3.59449002288E+04
4.12800E+00        3.58640571507E+04
4.13400E+00        3.57834751713E+04
4.14000E+00        3.57031532370E+04
4.14600E+00        3.56230902992E+04
4.15200E+00        3.55432853137E+04
4.15800E+00        3.54637372415E+04
4.16400E+00        3.53844450479E+04
4.17000E+00        3.53054077030E+04
4.17600E+00        3.52266241816E+04
4.18200E+00        3.51480934630E+04
4.18800E+00        3.50698145313E+04
4.19400E+00        3.49917863751E+04
4.20000E+00        3.49140079875E+04
4.20600E+00        3.48364783662E+04
4.21200E+00        3.47591965135E+04
4.21800E+00        3.46821614362E+04
4.22400E+00        3.46053721454E+04
4.23000E+00        3.45288276570E+04
4.23600E+00        3.44525269911E+04
4.24200E+00        3.43764691724E+04
4.24800E+00        3.43006532298E+04
4.25400E+00        3.42250781969E+04
4.26000E+00        3.41497431114E+04
4.26600E+00        3.40746470154E+04
4.27200E+00        3.39997889555E+04
4.27800E+00        3.39251679825E+04
4.28400E+00        3.38507831515E+04
4.29000E+00        3.37766335219E+04
4.29600E+00        3.37027181575E+04
4.30200E+00        3.36290361259E+04
4.30800E+00        3.35555864995E+04
4.31400E+00        3.34823683545E+04
4.32000E+00        3.34093807714E+04
4.32600E+00        3.33366228349E+04
4.33200E+00        3.32640936338E+04
4.33800E+00        3.31917922611E+04
4.34400E+00        3.31197178139E+04
4.35000E+00        3.30478693932E+04
4.35600E+00        3.29762461044E+04
4.36200E+00        3.29048470566E+04
4.36800E+00        3.28336713632E+04
4.37400E+00        3.27627181416E+04
4.38000E+00        3.26919865130E+04
4.38600E+00        3.26214756027E+04
4.39200E+00        3.25511845401E+04
4.39800E+00        3.24811124583E+04
4.40400E+00        3.24112584944E+04
4.41000E+00        3.23416217895E+04
4.41600E+00        3.22722014886E+04
4.42200E+00        3.22029967403E+04
4.42800E+00        3.21340066975E+04
4.43400E+00        3.20652305165E+04
4.44000E+00        3.19966673577E+04
4.44600E+00        3.19283163851E+04
4.45200E+00        3.18601767667E+04
4.45800E+00        3.17922476741E+04
4.46400E+00        3.17245282827E+04
4.47000E+00        3.16570177716E+04
4.47600E+00        3.15897153237E+04
4.48200E+00        3.15226201255E+04
4.48800E+00        3.14557313671E+04
4.49400E+00        3.13890482426E+04
4.50000E+00        3.13225699493E+04
4.50600E+00        3.12562956884E+04
4.51200E+00        3.11902246646E+04
4.51800E+00        3.11243560864E+04
4.52400E+00        3.10586891655E+04
4.53000E+00        3.09932231176E+04
4.53600E+00        3.09279571614E+04
4.54200E+00        3.08628905197E+04
4.54800E+00        3.07980224184E+04
4.55400E+00        3.07333520871E+04
4.56000E+00        3.06688787587E+04
4.56600E+00        3.06046016698E+04
4.57200E+00        3.05405200602E+04
4.57800E+00        3.04766331733E+04
4.58400E+00        3.04129402557E+04
4.59000E+00        3.03494405577E+04
4.59600E+00        3.02861333327E+04
4.60200E+00        3.02230178376E+04
4.60800E+00        3.01600933326E+04
4.61400E+00        3.00973590812E+04
4.62000E+00        3.00348143504E+04
4.62600E+00        2.99724584101E+04
4.63200E+00        2.99102905340E+04
4.63800E+00        2.98483099985E+04
4.64400E+00        2.97865160838E+04
4.65000E+00        2.97249080729E+04
4.65600E+00        2.96634852523E+04
4.66200E+00        2.96022469116E+04
4.66800E+00        2.95411923435E+04
4.67400E+00        2.94803208441E+04
4.68000E+00        2.94196317123E+04
4.68600E+00        2.93591242505E+04
4.69200E+00        2.92987977641E+04
4.69800E+00        2.92386515616E+04
4.70400E+00        2.91786849545E+04
4.71000E+00        2.91188972575E+04
4.71600E+00        2.90592877884E+04
4.72200E+00        2.89998558680E+04
4.72800E+00        2.89406008201E+04
4.73400E+00        2.88815219715E+04
4.74000E+00        2.88226186521E+04
4.74600E+00        2.87638901948E+04
4.75200E+00        2.87053359354E+04
4.75800E+00        2.86469552128E+04
4.76400E+00        2.85887473686E+04
4.77000E+00        2.85307117476E+04
4.77600E+00        2.84728476973E+04
4.78200E+00        2.84151545684E+04
4.78800E+00        2.83576317142E+04
4.79400E+00        2.83002784910E+04
4.80000E+00        2.82430942579E+04
4.80600E+00        2.81860783771E+04
4.81200E+00        2.81292302133E+04
4.81800E+00        2.80725491342E+04
4.82400E+00        2.80160345103E+04
4.83000E+00        2.79596857150E+04
4.83600E+00        2.79035021242E+04
4.84200E+00        2.78474831168E+04
4.84800E+00        2.77916280745E+04
4.85400E+00        2.77359363815E+04
4.86000E+00        2.76804074250E+04
4.86600E+00        2.76250405947E+04
4.87200E+00        2.75698352831E+04
4.87800E+00        2.75147908854E+04
4.88400E+00        2.74599067996E+04
4.89000E+00        2.74051824260E+04
4.89600E+00        2.73506171679E+04
4.90200E+00        2.72962104312E+04
4.90800E+00        2.72419616242E+04
4.91400E+00        2.71878701581E+04
4.92000E+00        2.71339354464E+04
4.92600E+00        2.70801569055E+04
4.93200E+00        2.70265339542E+04
4.93800E+00        2.69730660138E+04
4.94400E+00        2.69197525084E+04
4.95000E+00        2.68665928643E+04
4.95600E+00        2.68135865106E+04
4.96200E+00        2.67607328789E+04
4.96800E+00        2.67080314030E+04
4.97400E+00        2.66554815196E+04
4.98000E+00        2.66030826677E+04
4.98600E+00        2.65508342886E+04
4.99200E+00        2.64987358263E+04
4.99800E+00        2.64467867272E+04
5.00400E+00        2.63949864399E+04
5.01000E+00        2.63433344158E+04
5.01600E+00        2.62918301085E+04
5.02200E+00        2.62404729738E+04
5.02800E+00        2.61892624702E+04
5.03400E+00        2.61381980585E+04
5.04000E+00        2.60872792017E+04
5.04600E+00        2.60365053654E+04
5.05200E+00        2.59858760172E+04
5.05800E+00        2.59353906274E+04
5.06400E+00        2.58850486684E+04
5.07000E+00        2.58348496148E+04
5.07600E+00        2.57847929438E+04
5.08200E+00        2.57348781346E+04
5.08800E+00        2.56851046689E+04
5.09400E+00        2.56354720304E+04
5.10000E+00        2.55859797053E+04
5.10600E+00        2.55366271818E+04
5.11200E+00        2.54874139505E+04
5.11800E+00        2.54383395042E+04
5.12400E+00        2.53894033379E+04
5.13000E+00        2.53406049487E+04
5.13600E+00        2.52919438359E+04
5.14200E+00        2.52434195011E+04
5.14800E+00        2.51950314479E+04
5.15400E+00        2.51467791822E+04
5.16000E+00        2.50986622120E+04
5.16600E+00        2.50506800473E+04
5.17200E+00        2.50028322003E+04
5.17800E+00        2.49551181855E+04
5.18400E+00        2.49075375192E+04
5.19000E+00        2.48600897199E+04
5.19600E+00        2.48127743082E+04
5.20200E+00        2.47655908069E+04
5.20800E+00        2.47185387406E+04
5.21400E+00        2.46716176361E+04
5.22000E+00        2.46248270223E+04
5.22600E+00        2.45781664299E+04
5.23200E+00        2.45316353918E+04
5.23800E+00        2.44852334430E+04
5.24400E+00        2.44389601203E+04
5.25000E+00        2.43928149625E+04
5.25600E+00        2.43467975105E+04
5.26200E+00        2.43009073071E+04
5.26800E+00        2.42551438971E+04
5.27400E+00        2.42095068273E+04
5.28000E+00        2.41639956462E+04
5.28600E+00        2.41186099046E+04
5.29200E+00        2.40733491549E+04
5.29800E+00        2.40282129516E+04
5.30400E+00        2.39832008510E+04
5.31000E+00        2.39383124115E+04
5.31600E+00        2.38935471930E+04
5.32200E+00        2.38489047577E+04
5.32800E+00        2.38043846694E+04
5.33400E+00        2.37599864939E+04
5.34000E+00        2.37157097988E+04
5.34600E+00        2.36715541534E+04
5.35200E+00        2.36275191291E+04
5.35800E+00        2.35836042990E+04
5.36400E+00        2.35398092379E+04
5.37000E+00        2.34961335227E+04
5.37600E+00        2.34525767317E+04
5.38200E+00        2.34091384454E+04
5.38800E+00        2.33658182457E+04
5.39400E+00        2.33226157166E+04
5.40000E+00        2.32795304437E+04
5.40600E+00        2.32365620143E+04
5.41200E+00        2.31937100176E+04
5.41800E+00        2.31509740444E+04
5.42400E+00        2.31083536874E+04
5.43000E+00        2.30658485408E+04
5.43600E+00        2.30234582008E+04
5.44200E+00        2.29811822649E+04
5.44800E+00        2.29390203326E+04
5.45400E+00        2.28969720052E+04
5.46000E+00        2.28550368853E+04
5.46600E+00        2.28132145774E+04
5.47200E+00        2.27715046877E+04
5.47800E+00        2.27299068240E+04
5.48400E+00        2.26884205958E+04
5.49000E+00        2.26470456140E+04
5.49600E+00        2.26057814915E+04
5.50200E+00        2.25646278426E+04
5.50800E+00        2.25235842832E+04
5.51400E+00        2.24826504309E+04
5.52000E+00        2.24418259050E+04
5.52600E+00        2.24011103261E+04
5.53200E+00        2.23605033166E+04
5.53800E+00        2.23200045005E+04
5.54400E+00        2.22796135033E+04
5.55000E+00        2.22393299520E+04
5.55600E+00        2.21991534753E+04
5.56200E+00        2.21590837034E+04
5.56800E+00        2.21191202679E+04
5.57400E+00        2.20792628022E+04
5.58000E+00        2.20395109411E+04
5.58600E+00        2.19998643207E+04
