output_bb_noLD/Noodles_2021-02-26/SED_12.dat
# %ECSV 0.9
# ---
# datatype:
# - {name: wavelength, unit: micron, datatype: float64}
# - {name: flux, unit: microJansky, datatype: float64}
# schema: astropy-2.0
#
#
#  - - File generated by ExoNoodle - -
#         V1.0.0 - MML (CEA-Saclay)
#       2021-02-26 14:01:48.325215
wavelength flux 
[from data line 1298]
1.07880E+01        6.85549563937E+03
1.07940E+01        6.84848986986E+03
1.08000E+01        6.84149479225E+03
1.08060E+01        6.83451038489E+03
1.08120E+01        6.82753662617E+03
1.08180E+01        6.82057349456E+03
1.08240E+01        6.81362096857E+03
1.08300E+01        6.80667902677E+03
1.08360E+01        6.79974764776E+03
1.08420E+01        6.79282681023E+03
1.08480E+01        6.78591649291E+03
1.08540E+01        6.77901667456E+03
1.08600E+01        6.77212733403E+03
1.08660E+01        6.76524845021E+03
1.08720E+01        6.75838000202E+03
1.08780E+01        6.75152196846E+03
1.08840E+01        6.74467432858E+03
1.08900E+01        6.73783706148E+03
1.08960E+01        6.73101014629E+03
1.09020E+01        6.72419356224E+03
1.09080E+01        6.71738728855E+03
1.09140E+01        6.71059130455E+03
1.09200E+01        6.70380558959E+03
1.09260E+01        6.69703012308E+03
1.09320E+01        6.69026488447E+03
1.09380E+01        6.68350985328E+03
1.09440E+01        6.67676500907E+03
1.09500E+01        6.67003033145E+03
1.09560E+01        6.66330580008E+03
1.09620E+01        6.65659139468E+03
1.09680E+01        6.64988709502E+03
1.09740E+01        6.64319288090E+03
1.09800E+01        6.63650873220E+03
1.09860E+01        6.62983462882E+03
1.09920E+01        6.62317055074E+03
1.09980E+01        6.61651647796E+03
1.10040E+01        6.60987239055E+03
1.10100E+01        6.60323826863E+03
1.10160E+01        6.59661409235E+03
1.10220E+01        6.58999984193E+03
1.10280E+01        6.58339549763E+03
1.10340E+01        6.57680103975E+03
1.10400E+01        6.57021644866E+03
1.10460E+01        6.56364170477E+03
1.10520E+01        6.55707678852E+03
1.10580E+01        6.55052168042E+03
1.10640E+01        6.54397636102E+03
1.10700E+01        6.53744081092E+03
1.10760E+01        6.53091501078E+03
1.10820E+01        6.52439894127E+03
1.10880E+01        6.51789258315E+03
1.10940E+01        6.51139591721E+03
1.11000E+01        6.50490892428E+03
1.11060E+01        6.49843158525E+03
1.11120E+01        6.49196388104E+03
1.11180E+01        6.48550579264E+03
1.11240E+01        6.47905730107E+03
1.11300E+01        6.47261838740E+03
1.11360E+01        6.46618903275E+03
1.11420E+01        6.45976921828E+03
1.11480E+01        6.45335892521E+03
1.11540E+01        6.44695813479E+03
1.11600E+01        6.44056682831E+03
1.11660E+01        6.43418498714E+03
1.11720E+01        6.42781259266E+03
1.11780E+01        6.42144962631E+03
1.11840E+01        6.41509606958E+03
1.11900E+01        6.40875190400E+03
1.11960E+01        6.40241711113E+03
1.12020E+01        6.39609167261E+03
1.12080E+01        6.38977557009E+03
1.12140E+01        6.38346878528E+03
1.12200E+01        6.37717129994E+03
1.12260E+01        6.37088309586E+03
1.12320E+01        6.36460415490E+03
1.12380E+01        6.35833445892E+03
1.12440E+01        6.35207398988E+03
1.12500E+01        6.34582272973E+03
1.12560E+01        6.33958066050E+03
1.12620E+01        6.33334776426E+03
1.12680E+01        6.32712402309E+03
1.12740E+01        6.32090941917E+03
1.12800E+01        6.31470393467E+03
1.12860E+01        6.30850755183E+03
1.12920E+01        6.30232025294E+03
1.12980E+01        6.29614202031E+03
1.13040E+01        6.28997283631E+03
1.13100E+01        6.28381268334E+03
1.13160E+01        6.27766154386E+03
1.13220E+01        6.27151940035E+03
1.13280E+01        6.26538623536E+03
1.13340E+01        6.25926203145E+03
1.13400E+01        6.25314677124E+03
1.13460E+01        6.24704043741E+03
1.13520E+01        6.24094301264E+03
1.13580E+01        6.23485447968E+03
1.13640E+01        6.22877482132E+03
1.13700E+01        6.22270402039E+03
1.13760E+01        6.21664205975E+03
1.13820E+01        6.21058892231E+03
1.13880E+01        6.20454459103E+03
1.13940E+01        6.19850904889E+03
1.14000E+01        6.19248227893E+03
1.14060E+01        6.18646426422E+03
1.14120E+01        6.18045498788E+03
1.14180E+01        6.17445443306E+03
1.14240E+01        6.16846258295E+03
1.14300E+01        6.16247942079E+03
1.14360E+01        6.15650492986E+03
1.14420E+01        6.15053909346E+03
1.14480E+01        6.14458189496E+03
1.14540E+01        6.13863331776E+03
1.14600E+01        6.13269334527E+03
1.14660E+01        6.12676196099E+03
1.14720E+01        6.12083914843E+03
1.14780E+01        6.11492489113E+03
1.14840E+01        6.10901917269E+03
1.14900E+01        6.10312197674E+03
1.14960E+01        6.09723328695E+03
1.15020E+01        6.09135308704E+03
1.15080E+01        6.08548136075E+03
1.15140E+01        6.07961809186E+03
1.15200E+01        6.07376326421E+03
1.15260E+01        6.06791686166E+03
1.15320E+01        6.06207886811E+03
1.15380E+01        6.05624926750E+03
1.15440E+01        6.05042804381E+03
1.15500E+01        6.04461518106E+03
1.15560E+01        6.03881066330E+03
1.15620E+01        6.03301447463E+03
1.15680E+01        6.02722659917E+03
1.15740E+01        6.02144702110E+03
1.15800E+01        6.01567572462E+03
1.15860E+01        6.00991269398E+03
1.15920E+01        6.00415791345E+03
1.15980E+01        5.99841136735E+03
1.16040E+01        5.99267304004E+03
1.16100E+01        5.98694291590E+03
1.16160E+01        5.98122097938E+03
1.16220E+01        5.97550721493E+03
1.16280E+01        5.96980160705E+03
1.16340E+01        5.96410414029E+03
1.16400E+01        5.95841479921E+03
1.16460E+01        5.95273356844E+03
1.16520E+01        5.94706043261E+03
1.16580E+01        5.94139537642E+03
1.16640E+01        5.93573838458E+03
1.16700E+01        5.93008944185E+03
1.16760E+01        5.92444853302E+03
1.16820E+01        5.91881564291E+03
1.16880E+01        5.91319075640E+03
1.16940E+01        5.90757385838E+03
1.17000E+01        5.90196493378E+03
1.17060E+01        5.89636396758E+03
1.17120E+01        5.89077094477E+03
1.17180E+01        5.88518585040E+03
1.17240E+01        5.87960866955E+03
1.17300E+01        5.87403938732E+03
1.17360E+01        5.86847798886E+03
1.17420E+01        5.86292445935E+03
1.17480E+01        5.85737878400E+03
1.17540E+01        5.85184094807E+03
1.17600E+01        5.84631093683E+03
1.17660E+01        5.84078873560E+03
1.17720E+01        5.83527432974E+03
1.17780E+01        5.82976770463E+03
1.17840E+01        5.82426884569E+03
1.17900E+01        5.81877773838E+03
1.17960E+01        5.81329436818E+03
1.18020E+01        5.80781872062E+03
1.18080E+01        5.80235078125E+03
1.18140E+01        5.79689053567E+03
1.18200E+01        5.79143796949E+03
1.18260E+01        5.78599306837E+03
1.18320E+01        5.78055581800E+03
1.18380E+01        5.77512620411E+03
1.18440E+01        5.76970421245E+03
1.18500E+01        5.76428982881E+03
1.18560E+01        5.75888303901E+03
1.18620E+01        5.75348382890E+03
1.18680E+01        5.74809218438E+03
1.18740E+01        5.74270809137E+03
1.18800E+01        5.73733153582E+03
1.18860E+01        5.73196250371E+03
1.18920E+01        5.72660098106E+03
1.18980E+01        5.72124695393E+03
1.19040E+01        5.71590040839E+03
1.19100E+01        5.71056133056E+03
1.19160E+01        5.70522970659E+03
1.19220E+01        5.69990552265E+03
1.19280E+01        5.69458876497E+03
1.19340E+01        5.68927941977E+03
1.19400E+01        5.68397747334E+03
1.19460E+01        5.67868291198E+03
1.19520E+01        5.67339572203E+03
1.19580E+01        5.66811588985E+03
1.19640E+01        5.66284340185E+03
1.19700E+01        5.65757824446E+03
1.19760E+01        5.65232040415E+03
1.19820E+01        5.64706986739E+03
1.19880E+01        5.64182662073E+03
1.19940E+01        5.63659065072E+03
1.20000E+01        5.63136194394E+03
1.20060E+01        5.62614048702E+03
1.20120E+01        5.62092626659E+03
1.20180E+01        5.61571926934E+03
1.20240E+01        5.61051948198E+03
1.20300E+01        5.60532689125E+03
1.20360E+01        5.60014148392E+03
1.20420E+01        5.59496324678E+03
1.20480E+01        5.58979216668E+03
1.20540E+01        5.58462823047E+03
1.20600E+01        5.57947142503E+03
1.20660E+01        5.57432173730E+03
1.20720E+01        5.56917915422E+03
1.20780E+01        5.56404366278E+03
1.20840E+01        5.55891524998E+03
1.20900E+01        5.55379390286E+03
1.20960E+01        5.54867960850E+03
1.21020E+01        5.54357235398E+03
1.21080E+01        5.53847212645E+03
1.21140E+01        5.53337891305E+03
1.21200E+01        5.52829270097E+03
1.21260E+01        5.52321347744E+03
1.21320E+01        5.51814122969E+03
1.21380E+01        5.51307594499E+03
1.21440E+01        5.50801761066E+03
1.21500E+01        5.50296621402E+03
1.21560E+01        5.49792174243E+03
1.21620E+01        5.49288418328E+03
1.21680E+01        5.48785352399E+03
1.21740E+01        5.48282975201E+03
1.21800E+01        5.47781285480E+03
1.21860E+01        5.47280281988E+03
1.21920E+01        5.46779963477E+03
1.21980E+01        5.46280328704E+03
1.22040E+01        5.45781376426E+03
1.22100E+01        5.45283105406E+03
1.22160E+01        5.44785514408E+03
1.22220E+01        5.44288602199E+03
1.22280E+01        5.43792367549E+03
1.22340E+01        5.43296809231E+03
1.22400E+01        5.42801926020E+03
1.22460E+01        5.42307716694E+03
1.22520E+01        5.41814180035E+03
1.22580E+01        5.41321314825E+03
1.22640E+01        5.40829119853E+03
1.22700E+01        5.40337593906E+03
1.22760E+01        5.39846735777E+03
1.22820E+01        5.39356544260E+03
1.22880E+01        5.38867018152E+03
1.22940E+01        5.38378156255E+03
1.23000E+01        5.37889957369E+03
1.23060E+01        5.37402420302E+03
1.23120E+01        5.36915543861E+03
1.23180E+01        5.36429326856E+03
1.23240E+01        5.35943768101E+03
1.23300E+01        5.35458866413E+03
1.23360E+01        5.34974620610E+03
1.23420E+01        5.34491029513E+03
1.23480E+01        5.34008091947E+03
1.23540E+01        5.33525806737E+03
1.23600E+01        5.33044172714E+03
1.23660E+01        5.32563188710E+03
1.23720E+01        5.32082853558E+03
1.23780E+01        5.31603166096E+03
1.23840E+01        5.31124125164E+03
1.23900E+01        5.30645729603E+03
1.23960E+01        5.30167978260E+03
1.24020E+01        5.29690869980E+03
1.24080E+01        5.29214403615E+03
1.24140E+01        5.28738578017E+03
1.24200E+01        5.28263392041E+03
1.24260E+01        5.27788844544E+03
1.24320E+01        5.27314934387E+03
1.24380E+01        5.26841660433E+03
1.24440E+01        5.26369021547E+03
1.24500E+01        5.25897016597E+03
1.24560E+01        5.25425644452E+03
1.24620E+01        5.24954903986E+03
1.24680E+01        5.24484794075E+03
1.24740E+01        5.24015313595E+03
1.24800E+01        5.23546461428E+03
1.24860E+01        5.23078236455E+03
1.24920E+01        5.22610637563E+03
1.24980E+01        5.22143663639E+03
1.25040E+01        5.21677313574E+03
1.25100E+01        5.21211586259E+03
1.25160E+01        5.20746480590E+03
1.25220E+01        5.20281995464E+03
1.25280E+01        5.19818129782E+03
1.25340E+01        5.19354882446E+03
1.25400E+01        5.18892252360E+03
1.25460E+01        5.18430238432E+03
1.25520E+01        5.17968839571E+03
1.25580E+01        5.17508054690E+03
1.25640E+01        5.17047882703E+03
1.25700E+01        5.16588322527E+03
1.25760E+01        5.16129373080E+03
1.25820E+01        5.15671033285E+03
1.25880E+01        5.15213302066E+03
1.25940E+01        5.14756178348E+03
1.26000E+01        5.14299661061E+03
1.26060E+01        5.13843749136E+03
1.26120E+01        5.13388441505E+03
1.26180E+01        5.12933737105E+03
1.26240E+01        5.12479634874E+03
1.26300E+01        5.12026133752E+03
1.26360E+01        5.11573232681E+03
1.26420E+01        5.11120930608E+03
1.26480E+01        5.10669226478E+03
1.26540E+01        5.10218119242E+03
1.26600E+01        5.09767607852E+03
1.26660E+01        5.09317691262E+03
1.26720E+01        5.08868368428E+03
1.26780E+01        5.08419638309E+03
1.26840E+01        5.07971499867E+03
1.26900E+01        5.07523952064E+03
1.26960E+01        5.07076993866E+03
1.27020E+01        5.06630624242E+03
1.27080E+01        5.06184842161E+03
1.27140E+01        5.05739646595E+03
1.27200E+01        5.05295036519E+03
1.27260E+01        5.04851010910E+03
1.27320E+01        5.04407568747E+03
1.27380E+01        5.03964709011E+03
1.27440E+01        5.03522430685E+03
1.27500E+01        5.03080732757E+03
1.27560E+01        5.02639614212E+03
1.27620E+01        5.02199074041E+03
1.27680E+01        5.01759111238E+03
1.27740E+01        5.01319724795E+03
1.27800E+01        5.00880913710E+03
1.27860E+01        5.00442676982E+03
1.27920E+01        5.00005013611E+03
1.27980E+01        4.99567922601E+03
1.28040E+01        4.99131402956E+03
1.28100E+01        4.98695453686E+03
1.28160E+01        4.98260073798E+03
1.28220E+01        4.97825262306E+03
1.28280E+01        4.97391018222E+03
1.28340E+01        4.96957340562E+03
1.28400E+01        4.96524228346E+03
1.28460E+01        4.96091680593E+03
1.28520E+01        4.95659696326E+03
1.28580E+01        4.95228274569E+03
1.28640E+01        4.94797414348E+03
1.28700E+01        4.94367114693E+03
1.28760E+01        4.93937374634E+03
1.28820E+01        4.93508193204E+03
1.28880E+01        4.93079569438E+03
1.28940E+01        4.92651502373E+03
1.29000E+01        4.92223991048E+03
1.29060E+01        4.91797034504E+03
1.29120E+01        4.91370631785E+03
1.29180E+01        4.90944781936E+03
1.29240E+01        4.90519484004E+03
1.29300E+01        4.90094737039E+03
1.29360E+01        4.89670540091E+03
1.29420E+01        4.89246892215E+03
1.29480E+01        4.88823792466E+03
1.29540E+01        4.88401239901E+03
1.29600E+01        4.87979233581E+03
1.29660E+01        4.87557772565E+03
1.29720E+01        4.87136855919E+03
1.29780E+01        4.86716482707E+03
1.29840E+01        4.86296651998E+03
1.29900E+01        4.85877362860E+03
1.29960E+01        4.85458614365E+03
1.30020E+01        4.85040405588E+03
1.30080E+01        4.84622735602E+03
1.30140E+01        4.84205603486E+03
1.30200E+01        4.83789008319E+03
1.30260E+01        4.83372949182E+03
1.30320E+01        4.82957425160E+03
1.30380E+01        4.82542435336E+03
1.30440E+01        4.82127978799E+03
1.30500E+01        4.81714054638E+03
1.30560E+01        4.81300661943E+03
1.30620E+01        4.80887799808E+03
1.30680E+01        4.80475467328E+03
1.30740E+01        4.80063663599E+03
1.30800E+01        4.79652387721E+03
1.30860E+01        4.79241638794E+03
1.30920E+01        4.78831415922E+03
1.30980E+01        4.78421718207E+03
1.31040E+01        4.78012544758E+03
1.31100E+01        4.77603894682E+03
1.31160E+01        4.77195767089E+03
1.31220E+01        4.76788161092E+03
1.31280E+01        4.76381075805E+03
1.31340E+01        4.75974510343E+03
1.31400E+01        4.75568463825E+03
1.31460E+01        4.75162935369E+03
1.31520E+01        4.74757924098E+03
1.31580E+01        4.74353429134E+03
1.31640E+01        4.73949449604E+03
1.31700E+01        4.73545984633E+03
1.31760E+01        4.73143033351E+03
1.31820E+01        4.72740594888E+03
1.31880E+01        4.72338668378E+03
1.31940E+01        4.71937252954E+03
1.32000E+01        4.71536347752E+03
1.32060E+01        4.71135951912E+03
1.32120E+01        4.70736064571E+03
1.32180E+01        4.70336684873E+03
1.32240E+01        4.69937811960E+03
1.32300E+01        4.69539444977E+03
1.32360E+01        4.69141583073E+03
1.32420E+01        4.68744225395E+03
1.32480E+01        4.68347371094E+03
1.32540E+01        4.67951019323E+03
1.32600E+01        4.67555169236E+03
1.32660E+01        4.67159819988E+03
1.32720E+01        4.66764970738E+03
1.32780E+01        4.66370620645E+03
1.32840E+01        4.65976768870E+03
1.32900E+01        4.65583414576E+03
1.32960E+01        4.65190556927E+03
1.33020E+01        4.64798195092E+03
1.33080E+01        4.64406328237E+03
1.33140E+01        4.64014955532E+03
1.33200E+01        4.63624076150E+03
1.33260E+01        4.63233689264E+03
1.33320E+01        4.62843794048E+03
1.33380E+01        4.62454389681E+03
1.33440E+01        4.62065475339E+03
1.33500E+01        4.61677050205E+03
1.33560E+01        4.61289113459E+03
1.33620E+01        4.60901664286E+03
1.33680E+01        4.60514701871E+03
