output_bb_noLD/Noodles_2021-02-26/SED_01.dat
# %ECSV 0.9
# ---
# datatype:
# - {name: wavelength, unit: micron, datatype: float64}
# - {name: flux, unit: microJansky, datatype: float64}
# schema: astropy-2.0
#
#
#  - - File generated by ExoNoodle - -
#         V1.0.0 - MML (CEA-Saclay)
#       2021-02-26 14:01:48.325215
wavelength flux 
[from data line 433]
5.59800E+00        2.18304148412E+04
5.60400E+00        2.17912104098E+04
5.61000E+00        2.17521095808E+04
5.61600E+00        2.17131119980E+04
5.62200E+00        2.16742173068E+04
5.62800E+00        2.16354251539E+04
5.63400E+00        2.15967351876E+04
5.64000E+00        2.15581470576E+04
5.64600E+00        2.15196604150E+04
5.65200E+00        2.14812749126E+04
5.65800E+00        2.14429902043E+04
5.66400E+00        2.14048059456E+04
5.67000E+00        2.13667217934E+04
5.67600E+00        2.13287374061E+04
5.68200E+00        2.12908524433E+04
5.68800E+00        2.12530665663E+04
5.69400E+00        2.12153794376E+04
5.70000E+00        2.11777907211E+04
5.70600E+00        2.11403000821E+04
5.71200E+00        2.11029071874E+04
5.71800E+00        2.10656117050E+04
5.72400E+00        2.10284133043E+04
5.73000E+00        2.09913116561E+04
5.73600E+00        2.09543064326E+04
5.74200E+00        2.09173973074E+04
5.74800E+00        2.08805839551E+04
5.75400E+00        2.08438660520E+04
5.76000E+00        2.08072432756E+04
5.76600E+00        2.07707153047E+04
5.77200E+00        2.07342818195E+04
5.77800E+00        2.06979425013E+04
5.78400E+00        2.06616970329E+04
5.79000E+00        2.06255450985E+04
5.79600E+00        2.05894863832E+04
5.80200E+00        2.05535205737E+04
5.80800E+00        2.05176473580E+04
5.81400E+00        2.04818664251E+04
5.82000E+00        2.04461774655E+04
5.82600E+00        2.04105801709E+04
5.83200E+00        2.03750742343E+04
5.83800E+00        2.03396593499E+04
5.84400E+00        2.03043352130E+04
5.85000E+00        2.02691015204E+04
5.85600E+00        2.02339579700E+04
5.86200E+00        2.01989042609E+04
5.86800E+00        2.01639400935E+04
5.87400E+00        2.01290651693E+04
5.88000E+00        2.00942791911E+04
5.88600E+00        2.00595818629E+04
5.89200E+00        2.00249728898E+04
5.89800E+00        1.99904519783E+04
5.90400E+00        1.99560188359E+04
5.91000E+00        1.99216731713E+04
5.91600E+00        1.98874146945E+04
5.92200E+00        1.98532431164E+04
5.92800E+00        1.98191581494E+04
5.93400E+00        1.97851595068E+04
5.94000E+00        1.97512469033E+04
5.94600E+00        1.97174200544E+04
5.95200E+00        1.96836786771E+04
5.95800E+00        1.96500224894E+04
5.96400E+00        1.96164512103E+04
5.97000E+00        1.95829645600E+04
5.97600E+00        1.95495622601E+04
5.98200E+00        1.95162440328E+04
5.98800E+00        1.94830096019E+04
5.99400E+00        1.94498586920E+04
6.00000E+00        1.94167910289E+04
6.00600E+00        1.93838063395E+04
6.01200E+00        1.93509043517E+04
6.01800E+00        1.93180847947E+04
6.02400E+00        1.92853473987E+04
6.03000E+00        1.92526918947E+04
6.03600E+00        1.92201180152E+04
6.04200E+00        1.91876254934E+04
6.04800E+00        1.91552140638E+04
6.05400E+00        1.91228834619E+04
6.06000E+00        1.90906334243E+04
6.06600E+00        1.90584636884E+04
6.07200E+00        1.90263739928E+04
6.07800E+00        1.89943640774E+04
6.08400E+00        1.89624336827E+04
6.09000E+00        1.89305825504E+04
6.09600E+00        1.88988104233E+04
6.10200E+00        1.88671170451E+04
6.10800E+00        1.88355021606E+04
6.11400E+00        1.88039655156E+04
6.12000E+00        1.87725068568E+04
6.12600E+00        1.87411259321E+04
6.13200E+00        1.87098224902E+04
6.13800E+00        1.86785962808E+04
6.14400E+00        1.86474470547E+04
6.15000E+00        1.86163745636E+04
6.15600E+00        1.85853785603E+04
6.16200E+00        1.85544587983E+04
6.16800E+00        1.85236150324E+04
6.17400E+00        1.84928470182E+04
6.18000E+00        1.84621545122E+04
6.18600E+00        1.84315372720E+04
6.19200E+00        1.84009950559E+04
6.19800E+00        1.83705276235E+04
6.20400E+00        1.83401347351E+04
6.21000E+00        1.83098161519E+04
6.21600E+00        1.82795716363E+04
6.22200E+00        1.82494009513E+04
6.22800E+00        1.82193038611E+04
6.23400E+00        1.81892801306E+04
6.24000E+00        1.81593295258E+04
6.24600E+00        1.81294518135E+04
6.25200E+00        1.80996467614E+04
6.25800E+00        1.80699141382E+04
6.26400E+00        1.80402537135E+04
6.27000E+00        1.80106652575E+04
6.27600E+00        1.79811485418E+04
6.28200E+00        1.79517033384E+04
6.28800E+00        1.79223294206E+04
6.29400E+00        1.78930265622E+04
6.30000E+00        1.78637945381E+04
6.30600E+00        1.78346331241E+04
6.31200E+00        1.78055420967E+04
6.31800E+00        1.77765212335E+04
6.32400E+00        1.77475703126E+04
6.33000E+00        1.77186891133E+04
6.33600E+00        1.76898774157E+04
6.34200E+00        1.76611350006E+04
6.34800E+00        1.76324616496E+04
6.35400E+00        1.76038571454E+04
6.36000E+00        1.75753212714E+04
6.36600E+00        1.75468538118E+04
6.37200E+00        1.75184545516E+04
6.37800E+00        1.74901232768E+04
6.38400E+00        1.74618597740E+04
6.39000E+00        1.74336638308E+04
6.39600E+00        1.74055352354E+04
6.40200E+00        1.73774737771E+04
6.40800E+00        1.73494792459E+04
6.41400E+00        1.73215514324E+04
6.42000E+00        1.72936901282E+04
6.42600E+00        1.72658951257E+04
6.43200E+00        1.72381662181E+04
6.43800E+00        1.72105031992E+04
6.44400E+00        1.71829058639E+04
6.45000E+00        1.71553740076E+04
6.45600E+00        1.71279074265E+04
6.46200E+00        1.71005059179E+04
6.46800E+00        1.70731692795E+04
6.47400E+00        1.70458973099E+04
6.48000E+00        1.70186898084E+04
6.48600E+00        1.69915465753E+04
6.49200E+00        1.69644674114E+04
6.49800E+00        1.69374521184E+04
6.50400E+00        1.69105004986E+04
6.51000E+00        1.68836123553E+04
6.51600E+00        1.68567874922E+04
6.52200E+00        1.68300257140E+04
6.52800E+00        1.68033268262E+04
6.53400E+00        1.67766906347E+04
6.54000E+00        1.67501169465E+04
6.54600E+00        1.67236055691E+04
6.55200E+00        1.66971563109E+04
6.55800E+00        1.66707689807E+04
6.56400E+00        1.66444433885E+04
6.57000E+00        1.66181793445E+04
6.57600E+00        1.65919766601E+04
6.58200E+00        1.65658351470E+04
6.58800E+00        1.65397546178E+04
6.59400E+00        1.65137348859E+04
6.60000E+00        1.64877757652E+04
6.60600E+00        1.64618770704E+04
6.61200E+00        1.64360386169E+04
6.61800E+00        1.64102602207E+04
6.62400E+00        1.63845416986E+04
6.63000E+00        1.63588828681E+04
6.63600E+00        1.63332835473E+04
6.64200E+00        1.63077435549E+04
6.64800E+00        1.62822627105E+04
6.65400E+00        1.62568408342E+04
6.66000E+00        1.62314777469E+04
6.66600E+00        1.62061732700E+04
6.67200E+00        1.61809272257E+04
6.67800E+00        1.61557394368E+04
6.68400E+00        1.61306097268E+04
6.69000E+00        1.61055379199E+04
6.69600E+00        1.60805238407E+04
6.70200E+00        1.60555673149E+04
6.70800E+00        1.60306681683E+04
6.71400E+00        1.60058262278E+04
6.72000E+00        1.59810413208E+04
6.72600E+00        1.59563132752E+04
6.73200E+00        1.59316419197E+04
6.73800E+00        1.59070270836E+04
6.74400E+00        1.58824685968E+04
6.75000E+00        1.58579662898E+04
6.75600E+00        1.58335199938E+04
6.76200E+00        1.58091295406E+04
6.76800E+00        1.57847947626E+04
6.77400E+00        1.57605154928E+04
6.78000E+00        1.57362915648E+04
6.78600E+00        1.57121228130E+04
6.79200E+00        1.56880090721E+04
6.79800E+00        1.56639501777E+04
6.80400E+00        1.56399459658E+04
6.81000E+00        1.56159962730E+04
6.81600E+00        1.55921009367E+04
6.82200E+00        1.55682597948E+04
6.82800E+00        1.55444726856E+04
6.83400E+00        1.55207394483E+04
6.84000E+00        1.54970599224E+04
6.84600E+00        1.54734339483E+04
6.85200E+00        1.54498613666E+04
6.85800E+00        1.54263420189E+04
6.86400E+00        1.54028757471E+04
6.87000E+00        1.53794623937E+04
6.87600E+00        1.53561018019E+04
6.88200E+00        1.53327938153E+04
6.88800E+00        1.53095382782E+04
6.89400E+00        1.52863350354E+04
6.90000E+00        1.52631839324E+04
6.90600E+00        1.52400848151E+04
6.91200E+00        1.52170375300E+04
6.91800E+00        1.51940419241E+04
6.92400E+00        1.51710978451E+04
6.93000E+00        1.51482051412E+04
6.93600E+00        1.51253636611E+04
6.94200E+00        1.51025732541E+04
6.94800E+00        1.50798337699E+04
6.95400E+00        1.50571450590E+04
6.96000E+00        1.50345069722E+04
6.96600E+00        1.50119193610E+04
6.97200E+00        1.49893820774E+04
6.97800E+00        1.49668949738E+04
6.98400E+00        1.49444579034E+04
6.99000E+00        1.49220707196E+04
6.99600E+00        1.48997332766E+04
7.00200E+00        1.48774454290E+04
7.00800E+00        1.48552070320E+04
7.01400E+00        1.48330179412E+04
7.02000E+00        1.48108780127E+04
7.02600E+00        1.47887871033E+04
7.03200E+00        1.47667450702E+04
7.03800E+00        1.47447517712E+04
7.04400E+00        1.47228070643E+04
7.05000E+00        1.47009108085E+04
7.05600E+00        1.46790628629E+04
7.06200E+00        1.46572630873E+04
7.06800E+00        1.46355113418E+04
7.07400E+00        1.46138074874E+04
7.08000E+00        1.45921513852E+04
7.08600E+00        1.45705428969E+04
7.09200E+00        1.45489818848E+04
7.09800E+00        1.45274682116E+04
7.10400E+00        1.45060017406E+04
7.11000E+00        1.44845823353E+04
7.11600E+00        1.44632098600E+04
7.12200E+00        1.44418841794E+04
7.12800E+00        1.44206051585E+04
7.13400E+00        1.43993726631E+04
7.14000E+00        1.43781865591E+04
7.14600E+00        1.43570467132E+04
7.15200E+00        1.43359529925E+04
7.15800E+00        1.43149052644E+04
7.16400E+00        1.42939033968E+04
7.17000E+00        1.42729472584E+04
7.17600E+00        1.42520367179E+04
7.18200E+00        1.42311716448E+04
7.18800E+00        1.42103519088E+04
7.19400E+00        1.41895773803E+04
7.20000E+00        1.41688479301E+04
7.20600E+00        1.41481634292E+04
7.21200E+00        1.41275237495E+04
7.21800E+00        1.41069287629E+04
7.22400E+00        1.40863783422E+04
7.23000E+00        1.40658723601E+04
7.23600E+00        1.40454106903E+04
7.24200E+00        1.40249932067E+04
7.24800E+00        1.40046197834E+04
7.25400E+00        1.39842902954E+04
7.26000E+00        1.39640046178E+04
7.26600E+00        1.39437626264E+04
7.27200E+00        1.39235641971E+04
7.27800E+00        1.39034092065E+04
7.28400E+00        1.38832975316E+04
7.29000E+00        1.38632290497E+04
7.29600E+00        1.38432036386E+04
7.30200E+00        1.38232211767E+04
7.30800E+00        1.38032815424E+04
7.31400E+00        1.37833846150E+04
7.32000E+00        1.37635302739E+04
7.32600E+00        1.37437183990E+04
7.33200E+00        1.37239488707E+04
7.33800E+00        1.37042215697E+04
7.34400E+00        1.36845363772E+04
7.35000E+00        1.36648931747E+04
7.35600E+00        1.36452918444E+04
7.36200E+00        1.36257322684E+04
7.36800E+00        1.36062143297E+04
7.37400E+00        1.35867379115E+04
7.38000E+00        1.35673028974E+04
7.38600E+00        1.35479091713E+04
7.39200E+00        1.35285566178E+04
7.39800E+00        1.35092451215E+04
7.40400E+00        1.34899745678E+04
7.41000E+00        1.34707448423E+04
7.41600E+00        1.34515558308E+04
7.42200E+00        1.34324074199E+04
7.42800E+00        1.34132994963E+04
7.43400E+00        1.33942319472E+04
7.44000E+00        1.33752046602E+04
7.44600E+00        1.33562175231E+04
7.45200E+00        1.33372704243E+04
7.45800E+00        1.33183632526E+04
7.46400E+00        1.32994958970E+04
7.47000E+00        1.32806682471E+04
7.47600E+00        1.32618801926E+04
7.48200E+00        1.32431316237E+04
7.48800E+00        1.32244224312E+04
7.49400E+00        1.32057525059E+04
7.50000E+00        1.31871217393E+04
7.50600E+00        1.31685300230E+04
7.51200E+00        1.31499772491E+04
7.51800E+00        1.31314633102E+04
7.52400E+00        1.31129880989E+04
7.53000E+00        1.30945515086E+04
7.53600E+00        1.30761534327E+04
7.54200E+00        1.30577937652E+04
7.54800E+00        1.30394724003E+04
7.55400E+00        1.30211892327E+04
7.56000E+00        1.30029441574E+04
7.56600E+00        1.29847370697E+04
7.57200E+00        1.29665678654E+04
7.57800E+00        1.29484364404E+04
7.58400E+00        1.29303426912E+04
7.59000E+00        1.29122865146E+04
7.59600E+00        1.28942678076E+04
7.60200E+00        1.28762864677E+04
7.60800E+00        1.28583423927E+04
7.61400E+00        1.28404354808E+04
7.62000E+00        1.28225656304E+04
7.62600E+00        1.28047327404E+04
7.63200E+00        1.27869367099E+04
7.63800E+00        1.27691774384E+04
7.64400E+00        1.27514548259E+04
7.65000E+00        1.27337687725E+04
7.65600E+00        1.27161191787E+04
7.66200E+00        1.26985059453E+04
7.66800E+00        1.26809289736E+04
7.67400E+00        1.26633881651E+04
7.68000E+00        1.26458834215E+04
7.68600E+00        1.26284146452E+04
7.69200E+00        1.26109817386E+04
7.69800E+00        1.25935846045E+04
7.70400E+00        1.25762231462E+04
7.71000E+00        1.25588972669E+04
7.71600E+00        1.25416068707E+04
7.72200E+00        1.25243518616E+04
7.72800E+00        1.25071321440E+04
7.73400E+00        1.24899476227E+04
7.74000E+00        1.24727982028E+04
7.74600E+00        1.24556837897E+04
7.75200E+00        1.24386042891E+04
7.75800E+00        1.24215596069E+04
7.76400E+00        1.24045496497E+04
7.77000E+00        1.23875743239E+04
7.77600E+00        1.23706335366E+04
7.78200E+00        1.23537271950E+04
7.78800E+00        1.23368552067E+04
7.79400E+00        1.23200174795E+04
7.80000E+00        1.23032139218E+04
7.80600E+00        1.22864444418E+04
7.81200E+00        1.22697089485E+04
7.81800E+00        1.22530073509E+04
7.82400E+00        1.22363395585E+04
7.83000E+00        1.22197054808E+04
7.83600E+00        1.22031050279E+04
7.84200E+00        1.21865381102E+04
7.84800E+00        1.21700046381E+04
7.85400E+00        1.21535045225E+04
7.86000E+00        1.21370376746E+04
7.86600E+00        1.21206040060E+04
7.87200E+00        1.21042034282E+04
7.87800E+00        1.20878358534E+04
7.88400E+00        1.20715011940E+04
7.89000E+00        1.20551993624E+04
7.89600E+00        1.20389302717E+04
7.90200E+00        1.20226938350E+04
7.90800E+00        1.20064899657E+04
7.91400E+00        1.19903185778E+04
7.92000E+00        1.19741795851E+04
7.92600E+00        1.19580729020E+04
7.93200E+00        1.19419984432E+04
7.93800E+00        1.19259561234E+04
7.94400E+00        1.19099458579E+04
7.95000E+00        1.18939675621E+04
7.95600E+00        1.18780211517E+04
7.96200E+00        1.18621065427E+04
7.96800E+00        1.18462236514E+04
7.97400E+00        1.18303723942E+04
7.98000E+00        1.18145526880E+04
7.98600E+00        1.17987644498E+04
7.99200E+00        1.17830075971E+04
7.99800E+00        1.17672820474E+04
8.00400E+00        1.17515877185E+04
8.01000E+00        1.17359245287E+04
8.01600E+00        1.17202923963E+04
8.02200E+00        1.17046912401E+04
8.02800E+00        1.16891209788E+04
8.03400E+00        1.16735815319E+04
8.04000E+00        1.16580728186E+04
8.04600E+00        1.16425947588E+04
8.05200E+00        1.16271472724E+04
8.05800E+00        1.16117302797E+04
8.06400E+00        1.15963437011E+04
8.07000E+00        1.15809874574E+04
8.07600E+00        1.15656614696E+04
8.08200E+00        1.15503656590E+04
8.08800E+00        1.15350999471E+04
8.09400E+00        1.15198642556E+04
8.10000E+00        1.15046585065E+04
8.10600E+00        1.14894826222E+04
8.11200E+00        1.14743365252E+04
8.11800E+00        1.14592201382E+04
8.12400E+00        1.14441333842E+04
8.13000E+00        1.14290761865E+04
8.13600E+00        1.14140484687E+04
8.14200E+00        1.13990501543E+04
8.14800E+00        1.13840811675E+04
8.15400E+00        1.13691414326E+04
8.16000E+00        1.13542308738E+04
8.16600E+00        1.13393494161E+04
8.17200E+00        1.13244969843E+04
8.17800E+00        1.13096735037E+04
