output_bb_noLD/Noodles_2021-02-26/SED_01.dat
# %ECSV 0.9
# ---
# datatype:
# - {name: wavelength, unit: micron, datatype: float64}
# - {name: flux, unit: microJansky, datatype: float64}
# schema: astropy-2.0
#
#
#  - - File generated by ExoNoodle - -
#         V1.0.0 - MML (CEA-Saclay)
#       2021-02-26 14:01:48.325215
wavelength flux 
3.00000E+00        5.69545854463E+04
3.00600E+00        5.68002792173E+04
3.01200E+00        5.66465324944E+04
3.01800E+00        5.64933431682E+04
3.02400E+00        5.63407091320E+04
3.03000E+00        5.61886282822E+04
3.03600E+00        5.60370985178E+04
3.04200E+00        5.58861177411E+04
3.04800E+00        5.57356838574E+04
3.05400E+00        5.55857947753E+04
3.06000E+00        5.54364484070E+04
3.06600E+00        5.52876426681E+04
3.07200E+00        5.51393754778E+04
3.07800E+00        5.49916447592E+04
3.08400E+00        5.48444484389E+04
3.09000E+00        5.46977844478E+04
3.09600E+00        5.45516507208E+04
3.10200E+00        5.44060451967E+04
3.10800E+00        5.42609658187E+04
3.11400E+00        5.41164105343E+04
3.12000E+00        5.39723772954E+04
3.12600E+00        5.38288640584E+04
3.13200E+00        5.36858687842E+04
3.13800E+00        5.35433894384E+04
3.14400E+00        5.34014239913E+04
3.15000E+00        5.32599704181E+04
3.15600E+00        5.31190266988E+04
3.16200E+00        5.29785908182E+04
3.16800E+00        5.28386607665E+04
3.17400E+00        5.26992345385E+04
3.18000E+00        5.25603101345E+04
3.18600E+00        5.24218855599E+04
3.19200E+00        5.22839588253E+04
3.19800E+00        5.21465279467E+04
3.20400E+00        5.20095909455E+04
3.21000E+00        5.18731458485E+04
3.21600E+00        5.17371906878E+04
3.22200E+00        5.16017235015E+04
3.22800E+00        5.14667423328E+04
3.23400E+00        5.13322452308E+04
3.24000E+00        5.11982302503E+04
3.24600E+00        5.10646954517E+04
3.25200E+00        5.09316389012E+04
3.25800E+00        5.07990586708E+04
3.26400E+00        5.06669528385E+04
3.27000E+00        5.05353194880E+04
3.27600E+00        5.04041567090E+04
3.28200E+00        5.02734625970E+04
3.28800E+00        5.01432352539E+04
3.29400E+00        5.00134727872E+04
3.30000E+00        4.98841733107E+04
3.30600E+00        4.97553349441E+04
3.31200E+00        4.96269558133E+04
3.31800E+00        4.94990340505E+04
3.32400E+00        4.93715677939E+04
3.33000E+00        4.92445551878E+04
3.33600E+00        4.91179943829E+04
3.34200E+00        4.89918835361E+04
3.34800E+00        4.88662208104E+04
3.35400E+00        4.87410043753E+04
3.36000E+00        4.86162324065E+04
3.36600E+00        4.84919030859E+04
3.37200E+00        4.83680146020E+04
3.37800E+00        4.82445651494E+04
3.38400E+00        4.81215529291E+04
3.39000E+00        4.79989761487E+04
3.39600E+00        4.78768330218E+04
3.40200E+00        4.77551217687E+04
3.40800E+00        4.76338406161E+04
3.41400E+00        4.75129877970E+04
3.42000E+00        4.73925615509E+04
3.42600E+00        4.72725601238E+04
3.43200E+00        4.71529817679E+04
3.43800E+00        4.70338247421E+04
3.44400E+00        4.69150873118E+04
3.45000E+00        4.67967677486E+04
3.45600E+00        4.66788643308E+04
3.46200E+00        4.65613753432E+04
3.46800E+00        4.64442990768E+04
3.47400E+00        4.63276338295E+04
3.48000E+00        4.62113779052E+04
3.48600E+00        4.60955296147E+04
3.49200E+00        4.59800872751E+04
3.49800E+00        4.58650492100E+04
3.50400E+00        4.57504137495E+04
3.51000E+00        4.56361792301E+04
3.51600E+00        4.55223439949E+04
3.52200E+00        4.54089063935E+04
3.52800E+00        4.52958647818E+04
3.53400E+00        4.51832175223E+04
3.54000E+00        4.50709629841E+04
3.54600E+00        4.49590995424E+04
3.55200E+00        4.48476255792E+04
3.55800E+00        4.47365394827E+04
3.56400E+00        4.46258396479E+04
3.57000E+00        4.45155244757E+04
3.57600E+00        4.44055923740E+04
3.58200E+00        4.42960417567E+04
3.58800E+00        4.41868710444E+04
3.59400E+00        4.40780786639E+04
3.60000E+00        4.39696630485E+04
3.60600E+00        4.38616226380E+04
3.61200E+00        4.37539558782E+04
3.61800E+00        4.36466612218E+04
3.62400E+00        4.35397371274E+04
3.63000E+00        4.34331820603E+04
3.63600E+00        4.33269944918E+04
3.64200E+00        4.32211728999E+04
3.64800E+00        4.31157157685E+04
3.65400E+00        4.30106215882E+04
3.66000E+00        4.29058888557E+04
3.66600E+00        4.28015160739E+04
3.67200E+00        4.26975017521E+04
3.67800E+00        4.25938444058E+04
3.68400E+00        4.24905425568E+04
3.69000E+00        4.23875947330E+04
3.69600E+00        4.22849994686E+04
3.70200E+00        4.21827553039E+04
3.70800E+00        4.20808607856E+04
3.71400E+00        4.19793144664E+04
3.72000E+00        4.18781149051E+04
3.72600E+00        4.17772606666E+04
3.73200E+00        4.16767503223E+04
3.73800E+00        4.15765824492E+04
3.74400E+00        4.14767556307E+04
3.75000E+00        4.13772684562E+04
3.75600E+00        4.12781195212E+04
3.76200E+00        4.11793074270E+04
3.76800E+00        4.10808307813E+04
3.77400E+00        4.09826881974E+04
3.78000E+00        4.08848782950E+04
3.78600E+00        4.07873996994E+04
3.79200E+00        4.06902510422E+04
3.79800E+00        4.05934309606E+04
3.80400E+00        4.04969380978E+04
3.81000E+00        4.04007711032E+04
3.81600E+00        4.03049286317E+04
3.82200E+00        4.02094093442E+04
3.82800E+00        4.01142119075E+04
3.83400E+00        4.00193349942E+04
3.84000E+00        3.99247772826E+04
3.84600E+00        3.98305374569E+04
3.85200E+00        3.97366142071E+04
3.85800E+00        3.96430062289E+04
3.86400E+00        3.95497122237E+04
3.87000E+00        3.94567308985E+04
3.87600E+00        3.93640609664E+04
3.88200E+00        3.92717011457E+04
3.88800E+00        3.91796501607E+04
3.89400E+00        3.90879067410E+04
3.90000E+00        3.89964696222E+04
3.90600E+00        3.89053375453E+04
3.91200E+00        3.88145092567E+04
3.91800E+00        3.87239835087E+04
3.92400E+00        3.86337590589E+04
3.93000E+00        3.85438346706E+04
3.93600E+00        3.84542091123E+04
3.94200E+00        3.83648811583E+04
3.94800E+00        3.82758495882E+04
3.95400E+00        3.81871131870E+04
3.96000E+00        3.80986707452E+04
3.96600E+00        3.80105210587E+04
3.97200E+00        3.79226629287E+04
3.97800E+00        3.78350951617E+04
3.98400E+00        3.77478165699E+04
3.99000E+00        3.76608259702E+04
3.99600E+00        3.75741221854E+04
4.00200E+00        3.74877040433E+04
4.00800E+00        3.74015703768E+04
4.01400E+00        3.73157200243E+04
4.02000E+00        3.72301518292E+04
4.02600E+00        3.71448646404E+04
4.03200E+00        3.70598573117E+04
4.03800E+00        3.69751287020E+04
4.04400E+00        3.68906776756E+04
4.05000E+00        3.68065031018E+04
4.05600E+00        3.67226038547E+04
4.06200E+00        3.66389788140E+04
4.06800E+00        3.65556268640E+04
4.07400E+00        3.64725468943E+04
4.08000E+00        3.63897377993E+04
4.08600E+00        3.63071984786E+04
4.09200E+00        3.62249278365E+04
4.09800E+00        3.61429247826E+04
4.10400E+00        3.60611882311E+04
4.11000E+00        3.59797171013E+04
4.11600E+00        3.58985103173E+04
4.12200E+00        3.58175668080E+04
4.12800E+00        3.57368855073E+04
4.13400E+00        3.56564653539E+04
4.14000E+00        3.55763052912E+04
4.14600E+00        3.54964042674E+04
4.15200E+00        3.54167612355E+04
4.15800E+00        3.53373751532E+04
4.16400E+00        3.52582449831E+04
4.17000E+00        3.51793696923E+04
4.17600E+00        3.51007482526E+04
4.18200E+00        3.50223796405E+04
4.18800E+00        3.49442628371E+04
4.19400E+00        3.48663968283E+04
4.20000E+00        3.47887806044E+04
4.20600E+00        3.47114131603E+04
4.21200E+00        3.46342934956E+04
4.21800E+00        3.45574206143E+04
4.22400E+00        3.44807935249E+04
4.23000E+00        3.44044112406E+04
4.23600E+00        3.43282727788E+04
4.24200E+00        3.42523771616E+04
4.24800E+00        3.41767234155E+04
4.25400E+00        3.41013105713E+04
4.26000E+00        3.40261376643E+04
4.26600E+00        3.39512037342E+04
4.27200E+00        3.38765078249E+04
4.27800E+00        3.38020489849E+04
4.28400E+00        3.37278262668E+04
4.29000E+00        3.36538387277E+04
4.29600E+00        3.35800854287E+04
4.30200E+00        3.35065654356E+04
4.30800E+00        3.34332778179E+04
4.31400E+00        3.33602216499E+04
4.32000E+00        3.32873960097E+04
4.32600E+00        3.32147999797E+04
4.33200E+00        3.31424326465E+04
4.33800E+00        3.30702931009E+04
4.34400E+00        3.29983804377E+04
4.35000E+00        3.29266937560E+04
4.35600E+00        3.28552321587E+04
4.36200E+00        3.27839947531E+04
4.36800E+00        3.27129806504E+04
4.37400E+00        3.26421889658E+04
4.38000E+00        3.25716188186E+04
4.38600E+00        3.25012693321E+04
4.39200E+00        3.24311396335E+04
4.39800E+00        3.23612288540E+04
4.40400E+00        3.22915361289E+04
4.41000E+00        3.22220605972E+04
4.41600E+00        3.21528014020E+04
4.42200E+00        3.20837576900E+04
4.42800E+00        3.20149286122E+04
4.43400E+00        3.19463133231E+04
4.44000E+00        3.18779109812E+04
4.44600E+00        3.18097207487E+04
4.45200E+00        3.17417417918E+04
4.45800E+00        3.16739732804E+04
4.46400E+00        3.16064143880E+04
4.47000E+00        3.15390642920E+04
4.47600E+00        3.14719221736E+04
4.48200E+00        3.14049872176E+04
4.48800E+00        3.13382586125E+04
4.49400E+00        3.12717355505E+04
4.50000E+00        3.12054172275E+04
4.50600E+00        3.11393028430E+04
4.51200E+00        3.10733916001E+04
4.51800E+00        3.10076827055E+04
4.52400E+00        3.09421753697E+04
4.53000E+00        3.08768688064E+04
4.53600E+00        3.08117622333E+04
4.54200E+00        3.07468548712E+04
4.54800E+00        3.06821459448E+04
4.55400E+00        3.06176346820E+04
4.56000E+00        3.05533203144E+04
4.56600E+00        3.04892020771E+04
4.57200E+00        3.04252792084E+04
4.57800E+00        3.03615509503E+04
4.58400E+00        3.02980165482E+04
4.59000E+00        3.02346752507E+04
4.59600E+00        3.01715263100E+04
4.60200E+00        3.01085689817E+04
4.60800E+00        3.00458025245E+04
4.61400E+00        2.99832262007E+04
4.62000E+00        2.99208392759E+04
4.62600E+00        2.98586410189E+04
4.63200E+00        2.97966307019E+04
4.63800E+00        2.97348076003E+04
4.64400E+00        2.96731709927E+04
4.65000E+00        2.96117201613E+04
4.65600E+00        2.95504543910E+04
4.66200E+00        2.94893729704E+04
4.66800E+00        2.94284751910E+04
4.67400E+00        2.93677603476E+04
4.68000E+00        2.93072277382E+04
4.68600E+00        2.92468766639E+04
4.69200E+00        2.91867064289E+04
4.69800E+00        2.91267163407E+04
4.70400E+00        2.90669057097E+04
4.71000E+00        2.90072738495E+04
4.71600E+00        2.89478200768E+04
4.72200E+00        2.88885437114E+04
4.72800E+00        2.88294440759E+04
4.73400E+00        2.87705204963E+04
4.74000E+00        2.87117723014E+04
4.74600E+00        2.86531988231E+04
4.75200E+00        2.85947993961E+04
4.75800E+00        2.85365733583E+04
4.76400E+00        2.84785200506E+04
4.77000E+00        2.84206388166E+04
4.77600E+00        2.83629290030E+04
4.78200E+00        2.83053899594E+04
4.78800E+00        2.82480210383E+04
4.79400E+00        2.81908215951E+04
4.80000E+00        2.81337909881E+04
4.80600E+00        2.80769285784E+04
4.81200E+00        2.80202337300E+04
4.81800E+00        2.79637058097E+04
4.82400E+00        2.79073441872E+04
4.83000E+00        2.78511482349E+04
4.83600E+00        2.77951173280E+04
4.84200E+00        2.77392508447E+04
4.84800E+00        2.76835481656E+04
4.85400E+00        2.76280086744E+04
4.86000E+00        2.75726317574E+04
4.86600E+00        2.75174168036E+04
4.87200E+00        2.74623632047E+04
4.87800E+00        2.74074703551E+04
4.88400E+00        2.73527376521E+04
4.89000E+00        2.72981644953E+04
4.89600E+00        2.72437502874E+04
4.90200E+00        2.71894944333E+04
4.90800E+00        2.71353963409E+04
4.91400E+00        2.70814554205E+04
4.92000E+00        2.70276710852E+04
4.92600E+00        2.69740427504E+04
4.93200E+00        2.69205698345E+04
4.93800E+00        2.68672517580E+04
4.94400E+00        2.68140879445E+04
4.95000E+00        2.67610778196E+04
4.95600E+00        2.67082208118E+04
4.96200E+00        2.66555163521E+04
4.96800E+00        2.66029638737E+04
4.97400E+00        2.65505628128E+04
4.98000E+00        2.64983126076E+04
4.98600E+00        2.64462126990E+04
4.99200E+00        2.63942625305E+04
4.99800E+00        2.63424615478E+04
5.00400E+00        2.62908091992E+04
5.01000E+00        2.62393049352E+04
5.01600E+00        2.61879482090E+04
5.02200E+00        2.61367384762E+04
5.02800E+00        2.60856751944E+04
5.03400E+00        2.60347578241E+04
5.04000E+00        2.59839858278E+04
5.04600E+00        2.59333586705E+04
5.05200E+00        2.58828758195E+04
5.05800E+00        2.58325367445E+04
5.06400E+00        2.57823409174E+04
5.07000E+00        2.57322878126E+04
5.07600E+00        2.56823769066E+04
5.08200E+00        2.56326076783E+04
5.08800E+00        2.55829796089E+04
5.09400E+00        2.55334921818E+04
5.10000E+00        2.54841448827E+04
5.10600E+00        2.54349371994E+04
5.11200E+00        2.53858686222E+04
5.11800E+00        2.53369386434E+04
5.12400E+00        2.52881467576E+04
5.13000E+00        2.52394924616E+04
5.13600E+00        2.51909752544E+04
5.14200E+00        2.51425946370E+04
5.14800E+00        2.50943501130E+04
5.15400E+00        2.50462411877E+04
5.16000E+00        2.49982673687E+04
5.16600E+00        2.49504281659E+04
5.17200E+00        2.49027230911E+04
5.17800E+00        2.48551516584E+04
5.18400E+00        2.48077133838E+04
5.19000E+00        2.47604077857E+04
5.19600E+00        2.47132343842E+04
5.20200E+00        2.46661927018E+04
5.20800E+00        2.46192822629E+04
5.21400E+00        2.45725025940E+04
5.22000E+00        2.45258532237E+04
5.22600E+00        2.44793336825E+04
5.23200E+00        2.44329435030E+04
5.23800E+00        2.43866822199E+04
5.24400E+00        2.43405493698E+04
5.25000E+00        2.42945444914E+04
5.25600E+00        2.42486671251E+04
5.26200E+00        2.42029168137E+04
5.26800E+00        2.41572931016E+04
5.27400E+00        2.41117955354E+04
5.28000E+00        2.40664236636E+04
5.28600E+00        2.40211770365E+04
5.29200E+00        2.39760552065E+04
5.29800E+00        2.39310577278E+04
5.30400E+00        2.38861841567E+04
5.31000E+00        2.38414340511E+04
5.31600E+00        2.37968069710E+04
5.32200E+00        2.37523024783E+04
5.32800E+00        2.37079201367E+04
5.33400E+00        2.36636595118E+04
5.34000E+00        2.36195201709E+04
5.34600E+00        2.35755016834E+04
5.35200E+00        2.35316036205E+04
5.35800E+00        2.34878255549E+04
5.36400E+00        2.34441670617E+04
5.37000E+00        2.34006277172E+04
5.37600E+00        2.33572071000E+04
5.38200E+00        2.33139047901E+04
5.38800E+00        2.32707203696E+04
5.39400E+00        2.32276534222E+04
5.40000E+00        2.31847035334E+04
5.40600E+00        2.31418702905E+04
5.41200E+00        2.30991532825E+04
5.41800E+00        2.30565521002E+04
5.42400E+00        2.30140663361E+04
5.43000E+00        2.29716955844E+04
5.43600E+00        2.29294394411E+04
5.44200E+00        2.28872975038E+04
5.44800E+00        2.28452693718E+04
5.45400E+00        2.28033546464E+04
5.46000E+00        2.27615529301E+04
5.46600E+00        2.27198638274E+04
5.47200E+00        2.26782869444E+04
5.47800E+00        2.26368218888E+04
5.48400E+00        2.25954682700E+04
5.49000E+00        2.25542256991E+04
5.49600E+00        2.25130937887E+04
5.50200E+00        2.24720721532E+04
5.50800E+00        2.24311604086E+04
5.51400E+00        2.23903581722E+04
5.52000E+00        2.23496650633E+04
5.52600E+00        2.23090807027E+04
5.53200E+00        2.22686047127E+04
5.53800E+00        2.22282367172E+04
5.54400E+00        2.21879763417E+04
5.55000E+00        2.21478232133E+04
5.55600E+00        2.21077769606E+04
5.56200E+00        2.20678372139E+04
5.56800E+00        2.20280036047E+04
5.57400E+00        2.19882757665E+04
5.58000E+00        2.19486533339E+04
5.58600E+00        2.19091359434E+04
