output_bb_noLD/Noodles_2021-02-26/SED_01.dat
# %ECSV 0.9
# ---
# datatype:
# - {name: wavelength, unit: micron, datatype: float64}
# - {name: flux, unit: microJansky, datatype: float64}
# schema: astropy-2.0
#
#
#  - - File generated by ExoNoodle - -
#         V1.0.0 - MML (CEA-Saclay)
#       2021-02-26 14:01:48.325215
wavelength flux 
[from data line 1298]
1.07880E+01        6.84443412356E+03
1.07940E+01        6.83743941966E+03
1.08000E+01        6.83045539175E+03
1.08060E+01        6.82348201822E+03
1.08120E+01        6.81651927750E+03
1.08180E+01        6.80956714806E+03
1.08240E+01        6.80262560846E+03
1.08300E+01        6.79569463728E+03
1.08360E+01        6.78877421317E+03
1.08420E+01        6.78186431484E+03
1.08480E+01        6.77496492104E+03
1.08540E+01        6.76807601058E+03
1.08600E+01        6.76119756231E+03
1.08660E+01        6.75432955516E+03
1.08720E+01        6.74747196809E+03
1.08780E+01        6.74062478012E+03
1.08840E+01        6.73378797032E+03
1.08900E+01        6.72696151782E+03
1.08960E+01        6.72014540180E+03
1.09020E+01        6.71333960148E+03
1.09080E+01        6.70654409615E+03
1.09140E+01        6.69975886514E+03
1.09200E+01        6.69298388783E+03
1.09260E+01        6.68621914365E+03
1.09320E+01        6.67946461211E+03
1.09380E+01        6.67272027272E+03
1.09440E+01        6.66598610509E+03
1.09500E+01        6.65926208886E+03
1.09560E+01        6.65254820371E+03
1.09620E+01        6.64584442938E+03
1.09680E+01        6.63915074567E+03
1.09740E+01        6.63246713242E+03
1.09800E+01        6.62579356952E+03
1.09860E+01        6.61913003691E+03
1.09920E+01        6.61247651459E+03
1.09980E+01        6.60583298259E+03
1.10040E+01        6.59919942101E+03
1.10100E+01        6.59257580999E+03
1.10160E+01        6.58596212971E+03
1.10220E+01        6.57935836042E+03
1.10280E+01        6.57276448240E+03
1.10340E+01        6.56618047598E+03
1.10400E+01        6.55960632156E+03
1.10460E+01        6.55304199956E+03
1.10520E+01        6.54648749048E+03
1.10580E+01        6.53994277483E+03
1.10640E+01        6.53340783319E+03
1.10700E+01        6.52688264619E+03
1.10760E+01        6.52036719451E+03
1.10820E+01        6.51386145886E+03
1.10880E+01        6.50736542002E+03
1.10940E+01        6.50087905879E+03
1.11000E+01        6.49440235605E+03
1.11060E+01        6.48793529269E+03
1.11120E+01        6.48147784969E+03
1.11180E+01        6.47503000804E+03
1.11240E+01        6.46859174880E+03
1.11300E+01        6.46216305305E+03
1.11360E+01        6.45574390195E+03
1.11420E+01        6.44933427669E+03
1.11480E+01        6.44293415849E+03
1.11540E+01        6.43654352864E+03
1.11600E+01        6.43016236848E+03
1.11660E+01        6.42379065936E+03
1.11720E+01        6.41742838272E+03
1.11780E+01        6.41107552001E+03
1.11840E+01        6.40473205275E+03
1.11900E+01        6.39839796248E+03
1.11960E+01        6.39207323082E+03
1.12020E+01        6.38575783940E+03
1.12080E+01        6.37945176991E+03
1.12140E+01        6.37315500409E+03
1.12200E+01        6.36686752372E+03
1.12260E+01        6.36058931062E+03
1.12320E+01        6.35432034666E+03
1.12380E+01        6.34806061374E+03
1.12440E+01        6.34181009383E+03
1.12500E+01        6.33556876892E+03
1.12560E+01        6.32933662106E+03
1.12620E+01        6.32311363233E+03
1.12680E+01        6.31689978487E+03
1.12740E+01        6.31069506084E+03
1.12800E+01        6.30449944247E+03
1.12860E+01        6.29831291201E+03
1.12920E+01        6.29213545177E+03
1.12980E+01        6.28596704409E+03
1.13040E+01        6.27980767136E+03
1.13100E+01        6.27365731602E+03
1.13160E+01        6.26751596053E+03
1.13220E+01        6.26138358741E+03
1.13280E+01        6.25526017923E+03
1.13340E+01        6.24914571857E+03
1.13400E+01        6.24304018809E+03
1.13460E+01        6.23694357047E+03
1.13520E+01        6.23085584843E+03
1.13580E+01        6.22477700475E+03
1.13640E+01        6.21870702223E+03
1.13700E+01        6.21264588371E+03
1.13760E+01        6.20659357211E+03
1.13820E+01        6.20055007034E+03
1.13880E+01        6.19451536138E+03
1.13940E+01        6.18848942825E+03
1.14000E+01        6.18247225401E+03
1.14060E+01        6.17646382174E+03
1.14120E+01        6.17046411459E+03
1.14180E+01        6.16447311573E+03
1.14240E+01        6.15849080839E+03
1.14300E+01        6.15251717582E+03
1.14360E+01        6.14655220132E+03
1.14420E+01        6.14059586823E+03
1.14480E+01        6.13464815992E+03
1.14540E+01        6.12870905982E+03
1.14600E+01        6.12277855139E+03
1.14660E+01        6.11685661811E+03
1.14720E+01        6.11094324353E+03
1.14780E+01        6.10503841122E+03
1.14840E+01        6.09914210481E+03
1.14900E+01        6.09325430793E+03
1.14960E+01        6.08737500429E+03
1.15020E+01        6.08150417763E+03
1.15080E+01        6.07564181170E+03
1.15140E+01        6.06978789032E+03
1.15200E+01        6.06394239734E+03
1.15260E+01        6.05810531664E+03
1.15320E+01        6.05227663216E+03
1.15380E+01        6.04645632785E+03
1.15440E+01        6.04064438771E+03
1.15500E+01        6.03484079579E+03
1.15560E+01        6.02904553616E+03
1.15620E+01        6.02325859293E+03
1.15680E+01        6.01747995027E+03
1.15740E+01        6.01170959235E+03
1.15800E+01        6.00594750342E+03
1.15860E+01        6.00019366772E+03
1.15920E+01        5.99444806958E+03
1.15980E+01        5.98871069331E+03
1.16040E+01        5.98298152331E+03
1.16100E+01        5.97726054399E+03
1.16160E+01        5.97154773979E+03
1.16220E+01        5.96584309520E+03
1.16280E+01        5.96014659476E+03
1.16340E+01        5.95445822300E+03
1.16400E+01        5.94877796455E+03
1.16460E+01        5.94310580402E+03
1.16520E+01        5.93744172609E+03
1.16580E+01        5.93178571546E+03
1.16640E+01        5.92613775687E+03
1.16700E+01        5.92049783510E+03
1.16760E+01        5.91486593497E+03
1.16820E+01        5.90924204132E+03
1.16880E+01        5.90362613904E+03
1.16940E+01        5.89801821305E+03
1.17000E+01        5.89241824830E+03
1.17060E+01        5.88682622978E+03
1.17120E+01        5.88124214252E+03
1.17180E+01        5.87566597159E+03
1.17240E+01        5.87009770207E+03
1.17300E+01        5.86453731910E+03
1.17360E+01        5.85898480784E+03
1.17420E+01        5.85344015350E+03
1.17480E+01        5.84790334131E+03
1.17540E+01        5.84237435653E+03
1.17600E+01        5.83685318448E+03
1.17660E+01        5.83133981050E+03
1.17720E+01        5.82583421994E+03
1.17780E+01        5.82033639823E+03
1.17840E+01        5.81484633081E+03
1.17900E+01        5.80936400314E+03
1.17960E+01        5.80388940073E+03
1.18020E+01        5.79842250914E+03
1.18080E+01        5.79296331393E+03
1.18140E+01        5.78751180072E+03
1.18200E+01        5.78206795514E+03
1.18260E+01        5.77663176288E+03
1.18320E+01        5.77120320964E+03
1.18380E+01        5.76578228118E+03
1.18440E+01        5.76036896325E+03
1.18500E+01        5.75496324168E+03
1.18560E+01        5.74956510231E+03
1.18620E+01        5.74417453101E+03
1.18680E+01        5.73879151369E+03
1.18740E+01        5.73341603629E+03
1.18800E+01        5.72804808478E+03
1.18860E+01        5.72268764517E+03
1.18920E+01        5.71733470349E+03
1.18980E+01        5.71198924582E+03
1.19040E+01        5.70665125826E+03
1.19100E+01        5.70132072695E+03
1.19160E+01        5.69599763804E+03
1.19220E+01        5.69068197775E+03
1.19280E+01        5.68537373229E+03
1.19340E+01        5.68007288794E+03
1.19400E+01        5.67477943098E+03
1.19460E+01        5.66949334774E+03
1.19520E+01        5.66421462458E+03
1.19580E+01        5.65894324789E+03
1.19640E+01        5.65367920408E+03
1.19700E+01        5.64842247961E+03
1.19760E+01        5.64317306096E+03
1.19820E+01        5.63793093464E+03
1.19880E+01        5.63269608720E+03
1.19940E+01        5.62746850521E+03
1.20000E+01        5.62224817528E+03
1.20060E+01        5.61703508404E+03
1.20120E+01        5.61182921816E+03
1.20180E+01        5.60663056435E+03
1.20240E+01        5.60143910932E+03
1.20300E+01        5.59625483984E+03
1.20360E+01        5.59107774270E+03
1.20420E+01        5.58590780471E+03
1.20480E+01        5.58074501273E+03
1.20540E+01        5.57558935363E+03
1.20600E+01        5.57044081433E+03
1.20660E+01        5.56529938176E+03
1.20720E+01        5.56016504289E+03
1.20780E+01        5.55503778473E+03
1.20840E+01        5.54991759429E+03
1.20900E+01        5.54480445865E+03
1.20960E+01        5.53969836488E+03
1.21020E+01        5.53459930011E+03
1.21080E+01        5.52950725147E+03
1.21140E+01        5.52442220616E+03
1.21200E+01        5.51934415136E+03
1.21260E+01        5.51427307432E+03
1.21320E+01        5.50920896230E+03
1.21380E+01        5.50415180259E+03
1.21440E+01        5.49910158251E+03
1.21500E+01        5.49405828942E+03
1.21560E+01        5.48902191068E+03
1.21620E+01        5.48399243371E+03
1.21680E+01        5.47896984595E+03
1.21740E+01        5.47395413485E+03
1.21800E+01        5.46894528791E+03
1.21860E+01        5.46394329264E+03
1.21920E+01        5.45894813661E+03
1.21980E+01        5.45395980739E+03
1.22040E+01        5.44897829257E+03
1.22100E+01        5.44400357980E+03
1.22160E+01        5.43903565674E+03
1.22220E+01        5.43407451107E+03
1.22280E+01        5.42912013052E+03
1.22340E+01        5.42417250282E+03
1.22400E+01        5.41923161575E+03
1.22460E+01        5.41429745711E+03
1.22520E+01        5.40937001473E+03
1.22580E+01        5.40444927646E+03
1.22640E+01        5.39953523018E+03
1.22700E+01        5.39462786380E+03
1.22760E+01        5.38972716527E+03
1.22820E+01        5.38483312253E+03
1.22880E+01        5.37994572359E+03
1.22940E+01        5.37506495647E+03
1.23000E+01        5.37019080919E+03
1.23060E+01        5.36532326985E+03
1.23120E+01        5.36046232653E+03
1.23180E+01        5.35560796737E+03
1.23240E+01        5.35076018050E+03
1.23300E+01        5.34591895412E+03
1.23360E+01        5.34108427642E+03
1.23420E+01        5.33625613563E+03
1.23480E+01        5.33143452003E+03
1.23540E+01        5.32661941787E+03
1.23600E+01        5.32181081749E+03
1.23660E+01        5.31700870720E+03
1.23720E+01        5.31221307539E+03
1.23780E+01        5.30742391042E+03
1.23840E+01        5.30264120072E+03
1.23900E+01        5.29786493473E+03
1.23960E+01        5.29309510091E+03
1.24020E+01        5.28833168775E+03
1.24080E+01        5.28357468377E+03
1.24140E+01        5.27882407752E+03
1.24200E+01        5.27407985755E+03
1.24260E+01        5.26934201247E+03
1.24320E+01        5.26461053089E+03
1.24380E+01        5.25988540145E+03
1.24440E+01        5.25516661283E+03
1.24500E+01        5.25045415373E+03
1.24560E+01        5.24574801285E+03
1.24620E+01        5.24104817894E+03
1.24680E+01        5.23635464078E+03
1.24740E+01        5.23166738716E+03
1.24800E+01        5.22698640689E+03
1.24860E+01        5.22231168883E+03
1.24920E+01        5.21764322183E+03
1.24980E+01        5.21298099480E+03
1.25040E+01        5.20832499665E+03
1.25100E+01        5.20367521632E+03
1.25160E+01        5.19903164279E+03
1.25220E+01        5.19439426504E+03
1.25280E+01        5.18976307208E+03
1.25340E+01        5.18513805296E+03
1.25400E+01        5.18051919675E+03
1.25460E+01        5.17590649252E+03
1.25520E+01        5.17129992940E+03
1.25580E+01        5.16669949651E+03
1.25640E+01        5.16210518302E+03
1.25700E+01        5.15751697812E+03
1.25760E+01        5.15293487100E+03
1.25820E+01        5.14835885091E+03
1.25880E+01        5.14378890709E+03
1.25940E+01        5.13922502883E+03
1.26000E+01        5.13466720543E+03
1.26060E+01        5.13011542621E+03
1.26120E+01        5.12556968053E+03
1.26180E+01        5.12102995775E+03
1.26240E+01        5.11649624728E+03
1.26300E+01        5.11196853852E+03
1.26360E+01        5.10744682094E+03
1.26420E+01        5.10293108398E+03
1.26480E+01        5.09842131714E+03
1.26540E+01        5.09391750993E+03
1.26600E+01        5.08941965188E+03
1.26660E+01        5.08492773256E+03
1.26720E+01        5.08044174154E+03
1.26780E+01        5.07596166843E+03
1.26840E+01        5.07148750285E+03
1.26900E+01        5.06701923445E+03
1.26960E+01        5.06255685290E+03
1.27020E+01        5.05810034789E+03
1.27080E+01        5.05364970915E+03
1.27140E+01        5.04920492641E+03
1.27200E+01        5.04476598943E+03
1.27260E+01        5.04033288799E+03
1.27320E+01        5.03590561190E+03
1.27380E+01        5.03148415098E+03
1.27440E+01        5.02706849509E+03
1.27500E+01        5.02265863411E+03
1.27560E+01        5.01825455791E+03
1.27620E+01        5.01385625642E+03
1.27680E+01        5.00946371957E+03
1.27740E+01        5.00507693733E+03
1.27800E+01        5.00069589968E+03
1.27860E+01        4.99632059661E+03
1.27920E+01        4.99195101816E+03
1.27980E+01        4.98758715437E+03
1.28040E+01        4.98322899530E+03
1.28100E+01        4.97887653106E+03
1.28160E+01        4.97452975173E+03
1.28220E+01        4.97018864747E+03
1.28280E+01        4.96585320843E+03
1.28340E+01        4.96152342477E+03
1.28400E+01        4.95719928669E+03
1.28460E+01        4.95288078442E+03
1.28520E+01        4.94856790818E+03
1.28580E+01        4.94426064824E+03
1.28640E+01        4.93995899488E+03
1.28700E+01        4.93566293841E+03
1.28760E+01        4.93137246913E+03
1.28820E+01        4.92708757740E+03
1.28880E+01        4.92280825358E+03
1.28940E+01        4.91853448805E+03
1.29000E+01        4.91426627122E+03
1.29060E+01        4.91000359352E+03
1.29120E+01        4.90574644539E+03
1.29180E+01        4.90149481729E+03
1.29240E+01        4.89724869972E+03
1.29300E+01        4.89300808319E+03
1.29360E+01        4.88877295822E+03
1.29420E+01        4.88454331535E+03
1.29480E+01        4.88031914517E+03
1.29540E+01        4.87610043825E+03
1.29600E+01        4.87188718521E+03
1.29660E+01        4.86767937668E+03
1.29720E+01        4.86347700330E+03
1.29780E+01        4.85928005575E+03
1.29840E+01        4.85508852472E+03
1.29900E+01        4.85090240090E+03
1.29960E+01        4.84672167504E+03
1.30020E+01        4.84254633788E+03
1.30080E+01        4.83837638019E+03
1.30140E+01        4.83421179276E+03
1.30200E+01        4.83005256640E+03
1.30260E+01        4.82589869193E+03
1.30320E+01        4.82175016020E+03
1.30380E+01        4.81760696207E+03
1.30440E+01        4.81346908844E+03
1.30500E+01        4.80933653021E+03
1.30560E+01        4.80520927831E+03
1.30620E+01        4.80108732367E+03
1.30680E+01        4.79697065726E+03
1.30740E+01        4.79285927007E+03
1.30800E+01        4.78875315309E+03
1.30860E+01        4.78465229735E+03
1.30920E+01        4.78055669388E+03
1.30980E+01        4.77646633375E+03
1.31040E+01        4.77238120803E+03
1.31100E+01        4.76830130782E+03
1.31160E+01        4.76422662424E+03
1.31220E+01        4.76015714842E+03
1.31280E+01        4.75609287151E+03
1.31340E+01        4.75203378468E+03
1.31400E+01        4.74797987913E+03
1.31460E+01        4.74393114606E+03
1.31520E+01        4.73988757671E+03
1.31580E+01        4.73584916231E+03
1.31640E+01        4.73181589414E+03
1.31700E+01        4.72778776348E+03
1.31760E+01        4.72376476162E+03
1.31820E+01        4.71974687989E+03
1.31880E+01        4.71573410963E+03
1.31940E+01        4.71172644219E+03
1.32000E+01        4.70772386895E+03
1.32060E+01        4.70372638130E+03
1.32120E+01        4.69973397065E+03
1.32180E+01        4.69574662844E+03
1.32240E+01        4.69176434610E+03
1.32300E+01        4.68778711511E+03
1.32360E+01        4.68381492694E+03
1.32420E+01        4.67984777310E+03
1.32480E+01        4.67588564510E+03
1.32540E+01        4.67192853449E+03
1.32600E+01        4.66797643282E+03
1.32660E+01        4.66402933165E+03
1.32720E+01        4.66008722259E+03
1.32780E+01        4.65615009723E+03
1.32840E+01        4.65221794720E+03
1.32900E+01        4.64829076415E+03
1.32960E+01        4.64436853973E+03
1.33020E+01        4.64045126562E+03
1.33080E+01        4.63653893352E+03
1.33140E+01        4.63263153513E+03
1.33200E+01        4.62872906219E+03
1.33260E+01        4.62483150645E+03
1.33320E+01        4.62093885967E+03
1.33380E+01        4.61705111362E+03
1.33440E+01        4.61316826012E+03
1.33500E+01        4.60929029096E+03
1.33560E+01        4.60541719800E+03
1.33620E+01        4.60154897306E+03
1.33680E+01        4.59768560803E+03
