output_bb_noLD/Noodles_2021-02-26/SED_12.dat
# %ECSV 0.9
# ---
# datatype:
# - {name: wavelength, unit: micron, datatype: float64}
# - {name: flux, unit: microJansky, datatype: float64}
# schema: astropy-2.0
#
#
#  - - File generated by ExoNoodle - -
#         V1.0.0 - MML (CEA-Saclay)
#       2021-02-26 14:01:48.325215
wavelength flux 
[from data line 433]
5.59800E+00        2.18621551575E+04
5.60400E+00        2.18229055968E+04
5.61000E+00        2.17837597083E+04
5.61600E+00        2.17447171356E+04
5.62200E+00        2.17057775243E+04
5.62800E+00        2.16669405209E+04
5.63400E+00        2.16282057738E+04
5.64000E+00        2.15895729327E+04
5.64600E+00        2.15510416486E+04
5.65200E+00        2.15126115743E+04
5.65800E+00        2.14742823637E+04
5.66400E+00        2.14360536722E+04
5.67000E+00        2.13979251569E+04
5.67600E+00        2.13598964759E+04
5.68200E+00        2.13219672891E+04
5.68800E+00        2.12841372574E+04
5.69400E+00        2.12464060435E+04
5.70000E+00        2.12087733113E+04
5.70600E+00        2.11712387260E+04
5.71200E+00        2.11338019543E+04
5.71800E+00        2.10964626642E+04
5.72400E+00        2.10592205252E+04
5.73000E+00        2.10220752081E+04
5.73600E+00        2.09850263848E+04
5.74200E+00        2.09480737290E+04
5.74800E+00        2.09112169154E+04
5.75400E+00        2.08744556202E+04
5.76000E+00        2.08377895207E+04
5.76600E+00        2.08012182959E+04
5.77200E+00        2.07647416257E+04
5.77800E+00        2.07283591916E+04
5.78400E+00        2.06920706763E+04
5.79000E+00        2.06558757638E+04
5.79600E+00        2.06197741394E+04
5.80200E+00        2.05837654897E+04
5.80800E+00        2.05478495025E+04
5.81400E+00        2.05120258669E+04
5.82000E+00        2.04762942734E+04
5.82600E+00        2.04406544135E+04
5.83200E+00        2.04051059803E+04
5.83800E+00        2.03696486677E+04
5.84400E+00        2.03342821713E+04
5.85000E+00        2.02990061877E+04
5.85600E+00        2.02638204147E+04
5.86200E+00        2.02287245514E+04
5.86800E+00        2.01937182981E+04
5.87400E+00        2.01588013564E+04
5.88000E+00        2.01239734289E+04
5.88600E+00        2.00892342196E+04
5.89200E+00        2.00545834336E+04
5.89800E+00        2.00200207772E+04
5.90400E+00        1.99855459580E+04
5.91000E+00        1.99511586845E+04
5.91600E+00        1.99168586668E+04
5.92200E+00        1.98826456156E+04
5.92800E+00        1.98485192434E+04
5.93400E+00        1.98144792634E+04
5.94000E+00        1.97805253901E+04
5.94600E+00        1.97466573391E+04
5.95200E+00        1.97128748273E+04
5.95800E+00        1.96791775725E+04
5.96400E+00        1.96455652938E+04
5.97000E+00        1.96120377115E+04
5.97600E+00        1.95785945467E+04
5.98200E+00        1.95452355220E+04
5.98800E+00        1.95119603608E+04
5.99400E+00        1.94787687877E+04
6.00000E+00        1.94456605286E+04
6.00600E+00        1.94126353102E+04
6.01200E+00        1.93796928605E+04
6.01800E+00        1.93468329084E+04
6.02400E+00        1.93140551840E+04
6.03000E+00        1.92813594186E+04
6.03600E+00        1.92487453442E+04
6.04200E+00        1.92162126943E+04
6.04800E+00        1.91837612032E+04
6.05400E+00        1.91513906063E+04
6.06000E+00        1.91191006400E+04
6.06600E+00        1.90868910418E+04
6.07200E+00        1.90547615504E+04
6.07800E+00        1.90227119052E+04
6.08400E+00        1.89907418469E+04
6.09000E+00        1.89588511172E+04
6.09600E+00        1.89270394587E+04
6.10200E+00        1.88953066150E+04
6.10800E+00        1.88636523310E+04
6.11400E+00        1.88320763522E+04
6.12000E+00        1.88005784254E+04
6.12600E+00        1.87691582982E+04
6.13200E+00        1.87378157195E+04
6.13800E+00        1.87065504388E+04
6.14400E+00        1.86753622068E+04
6.15000E+00        1.86442507753E+04
6.15600E+00        1.86132158968E+04
6.16200E+00        1.85822573249E+04
6.16800E+00        1.85513748142E+04
6.17400E+00        1.85205681202E+04
6.18000E+00        1.84898369994E+04
6.18600E+00        1.84591812093E+04
6.19200E+00        1.84286005083E+04
6.19800E+00        1.83980946556E+04
6.20400E+00        1.83676634116E+04
6.21000E+00        1.83373065375E+04
6.21600E+00        1.83070237954E+04
6.22200E+00        1.82768149484E+04
6.22800E+00        1.82466797605E+04
6.23400E+00        1.82166179967E+04
6.24000E+00        1.81866294228E+04
6.24600E+00        1.81567138055E+04
6.25200E+00        1.81268709124E+04
6.25800E+00        1.80971005122E+04
6.26400E+00        1.80674023743E+04
6.27000E+00        1.80377762691E+04
6.27600E+00        1.80082219678E+04
6.28200E+00        1.79787392425E+04
6.28800E+00        1.79493278663E+04
6.29400E+00        1.79199876130E+04
6.30000E+00        1.78907182574E+04
6.30600E+00        1.78615195752E+04
6.31200E+00        1.78323913429E+04
6.31800E+00        1.78033333378E+04
6.32400E+00        1.77743453382E+04
6.33000E+00        1.77454271232E+04
6.33600E+00        1.77165784727E+04
6.34200E+00        1.76877991675E+04
6.34800E+00        1.76590889893E+04
6.35400E+00        1.76304477204E+04
6.36000E+00        1.76018751443E+04
6.36600E+00        1.75733710450E+04
6.37200E+00        1.75449352076E+04
6.37800E+00        1.75165674178E+04
6.38400E+00        1.74882674623E+04
6.39000E+00        1.74600351285E+04
6.39600E+00        1.74318702046E+04
6.40200E+00        1.74037724797E+04
6.40800E+00        1.73757417437E+04
6.41400E+00        1.73477777873E+04
6.42000E+00        1.73198804019E+04
6.42600E+00        1.72920493798E+04
6.43200E+00        1.72642845140E+04
6.43800E+00        1.72365855985E+04
6.44400E+00        1.72089524279E+04
6.45000E+00        1.71813847975E+04
6.45600E+00        1.71538825036E+04
6.46200E+00        1.71264453432E+04
6.46800E+00        1.70990731140E+04
6.47400E+00        1.70717656145E+04
6.48000E+00        1.70445226440E+04
6.48600E+00        1.70173440026E+04
6.49200E+00        1.69902294910E+04
6.49800E+00        1.69631789109E+04
6.50400E+00        1.69361920645E+04
6.51000E+00        1.69092687548E+04
6.51600E+00        1.68824087857E+04
6.52200E+00        1.68556119618E+04
6.52800E+00        1.68288780883E+04
6.53400E+00        1.68022069711E+04
6.54000E+00        1.67755984172E+04
6.54600E+00        1.67490522340E+04
6.55200E+00        1.67225682296E+04
6.55800E+00        1.66961462129E+04
6.56400E+00        1.66697859938E+04
6.57000E+00        1.66434873824E+04
6.57600E+00        1.66172501899E+04
6.58200E+00        1.65910742280E+04
6.58800E+00        1.65649593094E+04
6.59400E+00        1.65389052470E+04
6.60000E+00        1.65129118549E+04
6.60600E+00        1.64869789477E+04
6.61200E+00        1.64611063405E+04
6.61800E+00        1.64352938495E+04
6.62400E+00        1.64095412912E+04
6.63000E+00        1.63838484831E+04
6.63600E+00        1.63582152431E+04
6.64200E+00        1.63326413899E+04
6.64800E+00        1.63071267431E+04
6.65400E+00        1.62816711225E+04
6.66000E+00        1.62562743491E+04
6.66600E+00        1.62309362440E+04
6.67200E+00        1.62056566295E+04
6.67800E+00        1.61804353283E+04
6.68400E+00        1.61552721637E+04
6.69000E+00        1.61301669598E+04
6.69600E+00        1.61051195412E+04
6.70200E+00        1.60801297334E+04
6.70800E+00        1.60551973623E+04
6.71400E+00        1.60303222546E+04
6.72000E+00        1.60055042374E+04
6.72600E+00        1.59807431389E+04
6.73200E+00        1.59560387874E+04
6.73800E+00        1.59313910123E+04
6.74400E+00        1.59067996432E+04
6.75000E+00        1.58822645108E+04
6.75600E+00        1.58577854459E+04
6.76200E+00        1.58333622804E+04
6.76800E+00        1.58089948465E+04
6.77400E+00        1.57846829773E+04
6.78000E+00        1.57604265061E+04
6.78600E+00        1.57362252672E+04
6.79200E+00        1.57120790954E+04
6.79800E+00        1.56879878261E+04
6.80400E+00        1.56639512951E+04
6.81000E+00        1.56399693391E+04
6.81600E+00        1.56160417953E+04
6.82200E+00        1.55921685014E+04
6.82800E+00        1.55683492959E+04
6.83400E+00        1.55445840176E+04
6.84000E+00        1.55208725062E+04
6.84600E+00        1.54972146017E+04
6.85200E+00        1.54736101449E+04
6.85800E+00        1.54500589770E+04
6.86400E+00        1.54265609401E+04
6.87000E+00        1.54031158764E+04
6.87600E+00        1.53797236291E+04
6.88200E+00        1.53563840418E+04
6.88800E+00        1.53330969586E+04
6.89400E+00        1.53098622242E+04
6.90000E+00        1.52866796839E+04
6.90600E+00        1.52635491837E+04
6.91200E+00        1.52404705699E+04
6.91800E+00        1.52174436895E+04
6.92400E+00        1.51944683901E+04
6.93000E+00        1.51715445197E+04
6.93600E+00        1.51486719269E+04
6.94200E+00        1.51258504610E+04
6.94800E+00        1.51030799717E+04
6.95400E+00        1.50803603092E+04
6.96000E+00        1.50576913243E+04
6.96600E+00        1.50350728684E+04
6.97200E+00        1.50125047934E+04
6.97800E+00        1.49899869517E+04
6.98400E+00        1.49675191962E+04
6.99000E+00        1.49451013805E+04
6.99600E+00        1.49227333584E+04
7.00200E+00        1.49004149847E+04
7.00800E+00        1.48781461142E+04
7.01400E+00        1.48559266025E+04
7.02000E+00        1.48337563059E+04
7.02600E+00        1.48116350808E+04
7.03200E+00        1.47895627844E+04
7.03800E+00        1.47675392743E+04
7.04400E+00        1.47455644087E+04
7.05000E+00        1.47236380462E+04
7.05600E+00        1.47017600459E+04
7.06200E+00        1.46799302676E+04
7.06800E+00        1.46581485713E+04
7.07400E+00        1.46364148177E+04
7.08000E+00        1.46147288680E+04
7.08600E+00        1.45930905839E+04
7.09200E+00        1.45714998274E+04
7.09800E+00        1.45499564611E+04
7.10400E+00        1.45284603483E+04
7.11000E+00        1.45070113525E+04
7.11600E+00        1.44856093378E+04
7.12200E+00        1.44642541688E+04
7.12800E+00        1.44429457105E+04
7.13400E+00        1.44216838284E+04
7.14000E+00        1.44004683886E+04
7.14600E+00        1.43792992575E+04
7.15200E+00        1.43581763021E+04
7.15800E+00        1.43370993898E+04
7.16400E+00        1.43160683885E+04
7.17000E+00        1.42950831666E+04
7.17600E+00        1.42741435929E+04
7.18200E+00        1.42532495366E+04
7.18800E+00        1.42324008675E+04
7.19400E+00        1.42115974558E+04
7.20000E+00        1.41908391722E+04
7.20600E+00        1.41701258878E+04
7.21200E+00        1.41494574741E+04
7.21800E+00        1.41288338033E+04
7.22400E+00        1.41082547476E+04
7.23000E+00        1.40877201802E+04
7.23600E+00        1.40672299742E+04
7.24200E+00        1.40467840036E+04
7.24800E+00        1.40263821426E+04
7.25400E+00        1.40060242658E+04
7.26000E+00        1.39857102484E+04
7.26600E+00        1.39654399660E+04
7.27200E+00        1.39452132946E+04
7.27800E+00        1.39250301105E+04
7.28400E+00        1.39048902907E+04
7.29000E+00        1.38847937124E+04
7.29600E+00        1.38647402534E+04
7.30200E+00        1.38447297918E+04
7.30800E+00        1.38247622061E+04
7.31400E+00        1.38048373755E+04
7.32000E+00        1.37849551792E+04
7.32600E+00        1.37651154971E+04
7.33200E+00        1.37453182095E+04
7.33800E+00        1.37255631970E+04
7.34400E+00        1.37058503406E+04
7.35000E+00        1.36861795220E+04
7.35600E+00        1.36665506230E+04
7.36200E+00        1.36469635259E+04
7.36800E+00        1.36274181133E+04
7.37400E+00        1.36079142686E+04
7.38000E+00        1.35884518750E+04
7.38600E+00        1.35690308167E+04
7.39200E+00        1.35496509779E+04
7.39800E+00        1.35303122433E+04
7.40400E+00        1.35110144981E+04
7.41000E+00        1.34917576278E+04
7.41600E+00        1.34725415182E+04
7.42200E+00        1.34533660558E+04
7.42800E+00        1.34342311272E+04
7.43400E+00        1.34151366195E+04
7.44000E+00        1.33960824201E+04
7.44600E+00        1.33770684170E+04
7.45200E+00        1.33580944983E+04
7.45800E+00        1.33391605527E+04
7.46400E+00        1.33202664693E+04
7.47000E+00        1.33014121373E+04
7.47600E+00        1.32825974466E+04
7.48200E+00        1.32638222873E+04
7.48800E+00        1.32450865499E+04
7.49400E+00        1.32263901253E+04
7.50000E+00        1.32077329048E+04
7.50600E+00        1.31891147800E+04
7.51200E+00        1.31705356430E+04
7.51800E+00        1.31519953860E+04
7.52400E+00        1.31334939019E+04
7.53000E+00        1.31150310837E+04
7.53600E+00        1.30966068250E+04
7.54200E+00        1.30782210195E+04
7.54800E+00        1.30598735614E+04
7.55400E+00        1.30415643453E+04
7.56000E+00        1.30232932661E+04
7.56600E+00        1.30050602190E+04
7.57200E+00        1.29868650997E+04
7.57800E+00        1.29687078041E+04
7.58400E+00        1.29505882287E+04
7.59000E+00        1.29325062699E+04
7.59600E+00        1.29144618249E+04
7.60200E+00        1.28964547911E+04
7.60800E+00        1.28784850661E+04
7.61400E+00        1.28605525480E+04
7.62000E+00        1.28426571352E+04
7.62600E+00        1.28247987265E+04
7.63200E+00        1.28069772209E+04
7.63800E+00        1.27891925180E+04
7.64400E+00        1.27714445173E+04
7.65000E+00        1.27537331192E+04
7.65600E+00        1.27360582239E+04
7.66200E+00        1.27184197323E+04
7.66800E+00        1.27008175455E+04
7.67400E+00        1.26832515648E+04
7.68000E+00        1.26657216922E+04
7.68600E+00        1.26482278296E+04
7.69200E+00        1.26307698795E+04
7.69800E+00        1.26133477447E+04
7.70400E+00        1.25959613282E+04
7.71000E+00        1.25786105334E+04
7.71600E+00        1.25612952640E+04
7.72200E+00        1.25440154241E+04
7.72800E+00        1.25267709181E+04
7.73400E+00        1.25095616506E+04
7.74000E+00        1.24923875267E+04
7.74600E+00        1.24752484516E+04
7.75200E+00        1.24581443309E+04
7.75800E+00        1.24410750707E+04
7.76400E+00        1.24240405771E+04
7.77000E+00        1.24070407568E+04
7.77600E+00        1.23900755166E+04
7.78200E+00        1.23731447637E+04
7.78800E+00        1.23562484056E+04
7.79400E+00        1.23393863501E+04
7.80000E+00        1.23225585053E+04
7.80600E+00        1.23057647796E+04
7.81200E+00        1.22890050817E+04
7.81800E+00        1.22722793206E+04
7.82400E+00        1.22555874057E+04
7.83000E+00        1.22389292465E+04
7.83600E+00        1.22223047531E+04
7.84200E+00        1.22057138355E+04
7.84800E+00        1.21891564042E+04
7.85400E+00        1.21726323702E+04
7.86000E+00        1.21561416444E+04
7.86600E+00        1.21396841383E+04
7.87200E+00        1.21232597635E+04
7.87800E+00        1.21068684320E+04
7.88400E+00        1.20905100560E+04
7.89000E+00        1.20741845482E+04
7.89600E+00        1.20578918212E+04
7.90200E+00        1.20416317883E+04
7.90800E+00        1.20254043628E+04
7.91400E+00        1.20092094585E+04
7.92000E+00        1.19930469892E+04
7.92600E+00        1.19769168692E+04
7.93200E+00        1.19608190131E+04
7.93800E+00        1.19447533356E+04
7.94400E+00        1.19287197519E+04
7.95000E+00        1.19127181772E+04
7.95600E+00        1.18967485273E+04
7.96200E+00        1.18808107180E+04
7.96800E+00        1.18649046656E+04
7.97400E+00        1.18490302864E+04
7.98000E+00        1.18331874972E+04
7.98600E+00        1.18173762151E+04
7.99200E+00        1.18015963572E+04
7.99800E+00        1.17858478411E+04
8.00400E+00        1.17701305846E+04
8.01000E+00        1.17544445058E+04
8.01600E+00        1.17387895230E+04
8.02200E+00        1.17231655548E+04
8.02800E+00        1.17075725201E+04
8.03400E+00        1.16920103380E+04
8.04000E+00        1.16764789279E+04
8.04600E+00        1.16609782094E+04
8.05200E+00        1.16455081024E+04
8.05800E+00        1.16300685272E+04
8.06400E+00        1.16146594041E+04
8.07000E+00        1.15992806538E+04
8.07600E+00        1.15839321972E+04
8.08200E+00        1.15686139556E+04
8.08800E+00        1.15533258503E+04
8.09400E+00        1.15380678031E+04
8.10000E+00        1.15228397359E+04
8.10600E+00        1.15076415708E+04
8.11200E+00        1.14924732305E+04
8.11800E+00        1.14773346375E+04
8.12400E+00        1.14622257147E+04
8.13000E+00        1.14471463855E+04
8.13600E+00        1.14320965731E+04
8.14200E+00        1.14170762013E+04
8.14800E+00        1.14020851941E+04
8.15400E+00        1.13871234755E+04
8.16000E+00        1.13721909700E+04
8.16600E+00        1.13572876022E+04
8.17200E+00        1.13424132970E+04
8.17800E+00        1.13275679797E+04
