output_bb_noLD/Noodles_2021-02-26/SED_01.dat
# %ECSV 0.9
# ---
# datatype:
# - {name: wavelength, unit: micron, datatype: float64}
# - {name: flux, unit: microJansky, datatype: float64}
# schema: astropy-2.0
#
#
#  - - File generated by ExoNoodle - -
#         V1.0.0 - MML (CEA-Saclay)
#       2021-02-26 14:01:48.325215
wavelength flux 
[from data line 865]
8.19000E+00        1.12801130979E+04
8.19600E+00        1.12653760243E+04
8.20200E+00        1.12506676050E+04
8.20800E+00        1.12359877664E+04
8.21400E+00        1.12213364352E+04
8.22000E+00        1.12067135382E+04
8.22600E+00        1.11921190024E+04
8.23200E+00        1.11775527552E+04
8.23800E+00        1.11630147241E+04
8.24400E+00        1.11485048369E+04
8.25000E+00        1.11340230217E+04
8.25600E+00        1.11195692065E+04
8.26200E+00        1.11051433199E+04
8.26800E+00        1.10907452906E+04
8.27400E+00        1.10763750475E+04
8.28000E+00        1.10620325197E+04
8.28600E+00        1.10477176366E+04
8.29200E+00        1.10334303277E+04
8.29800E+00        1.10191705229E+04
8.30400E+00        1.10049381521E+04
8.31000E+00        1.09907331457E+04
8.31600E+00        1.09765554340E+04
8.32200E+00        1.09624049478E+04
8.32800E+00        1.09482816180E+04
8.33400E+00        1.09341853756E+04
8.34000E+00        1.09201161520E+04
8.34600E+00        1.09060738788E+04
8.35200E+00        1.08920584877E+04
8.35800E+00        1.08780699107E+04
8.36400E+00        1.08641080800E+04
8.37000E+00        1.08501729279E+04
8.37600E+00        1.08362643872E+04
8.38200E+00        1.08223823906E+04
8.38800E+00        1.08085268711E+04
8.39400E+00        1.07946977620E+04
8.40000E+00        1.07808949967E+04
8.40600E+00        1.07671185090E+04
8.41200E+00        1.07533682326E+04
8.41800E+00        1.07396441016E+04
8.42400E+00        1.07259460504E+04
8.43000E+00        1.07122740134E+04
8.43600E+00        1.06986279252E+04
8.44200E+00        1.06850077208E+04
8.44800E+00        1.06714133352E+04
8.45400E+00        1.06578447038E+04
8.46000E+00        1.06443017620E+04
8.46600E+00        1.06307844455E+04
8.47200E+00        1.06172926903E+04
8.47800E+00        1.06038264324E+04
8.48400E+00        1.05903856080E+04
8.49000E+00        1.05769701537E+04
8.49600E+00        1.05635800062E+04
8.50200E+00        1.05502151023E+04
8.50800E+00        1.05368753791E+04
8.51400E+00        1.05235607739E+04
8.52000E+00        1.05102712242E+04
8.52600E+00        1.04970066674E+04
8.53200E+00        1.04837670417E+04
8.53800E+00        1.04705522848E+04
8.54400E+00        1.04573623352E+04
8.55000E+00        1.04441971312E+04
8.55600E+00        1.04310566113E+04
8.56200E+00        1.04179407145E+04
8.56800E+00        1.04048493796E+04
8.57400E+00        1.03917825459E+04
8.58000E+00        1.03787401527E+04
8.58600E+00        1.03657221395E+04
8.59200E+00        1.03527284461E+04
8.59800E+00        1.03397590124E+04
8.60400E+00        1.03268137785E+04
8.61000E+00        1.03138926846E+04
8.61600E+00        1.03009956712E+04
8.62200E+00        1.02881226790E+04
8.62800E+00        1.02752736487E+04
8.63400E+00        1.02624485215E+04
8.64000E+00        1.02496472384E+04
8.64600E+00        1.02368697408E+04
8.65200E+00        1.02241159703E+04
8.65800E+00        1.02113858686E+04
8.66400E+00        1.01986793776E+04
8.67000E+00        1.01859964394E+04
8.67600E+00        1.01733369962E+04
8.68200E+00        1.01607009904E+04
8.68800E+00        1.01480883646E+04
8.69400E+00        1.01354990616E+04
8.70000E+00        1.01229330245E+04
8.70600E+00        1.01103901961E+04
8.71200E+00        1.00978705200E+04
8.71800E+00        1.00853739395E+04
8.72400E+00        1.00729003982E+04
8.73000E+00        1.00604498401E+04
8.73600E+00        1.00480222089E+04
8.74200E+00        1.00356174490E+04
8.74800E+00        1.00232355046E+04
8.75400E+00        1.00108763202E+04
8.76000E+00        9.99853984036E+03
8.76600E+00        9.98622601001E+03
8.77200E+00        9.97393477410E+03
8.77800E+00        9.96166607777E+03
8.78400E+00        9.94941986633E+03
8.79000E+00        9.93719608525E+03
8.79600E+00        9.92499468019E+03
8.80200E+00        9.91281559693E+03
8.80800E+00        9.90065878146E+03
8.81400E+00        9.88852417988E+03
8.82000E+00        9.87641173850E+03
8.82600E+00        9.86432140377E+03
8.83200E+00        9.85225312229E+03
8.83800E+00        9.84020684084E+03
8.84400E+00        9.82818250634E+03
8.85000E+00        9.81618006588E+03
8.85600E+00        9.80419946672E+03
8.86200E+00        9.79224065625E+03
8.86800E+00        9.78030358203E+03
8.87400E+00        9.76838819179E+03
8.88000E+00        9.75649443339E+03
8.88600E+00        9.74462225486E+03
8.89200E+00        9.73277160439E+03
8.89800E+00        9.72094243032E+03
8.90400E+00        9.70913468113E+03
8.91000E+00        9.69734830547E+03
8.91600E+00        9.68558325213E+03
8.92200E+00        9.67383947007E+03
8.92800E+00        9.66211690838E+03
8.93400E+00        9.65041551632E+03
8.94000E+00        9.63873524328E+03
8.94600E+00        9.62707603882E+03
8.95200E+00        9.61543785264E+03
8.95800E+00        9.60382063459E+03
8.96400E+00        9.59222433466E+03
8.97000E+00        9.58064890301E+03
8.97600E+00        9.56909428992E+03
8.98200E+00        9.55756044584E+03
8.98800E+00        9.54604732135E+03
8.99400E+00        9.53455486718E+03
9.00000E+00        9.52308303421E+03
9.00600E+00        9.51163177346E+03
9.01200E+00        9.50020103609E+03
9.01800E+00        9.48879077343E+03
9.02400E+00        9.47740093691E+03
9.03000E+00        9.46603147814E+03
9.03600E+00        9.45468234884E+03
9.04200E+00        9.44335350092E+03
9.04800E+00        9.43204488637E+03
9.05400E+00        9.42075645737E+03
9.06000E+00        9.40948816621E+03
9.06600E+00        9.39823996534E+03
9.07200E+00        9.38701180733E+03
9.07800E+00        9.37580364491E+03
9.08400E+00        9.36461543094E+03
9.09000E+00        9.35344711840E+03
9.09600E+00        9.34229866043E+03
9.10200E+00        9.33117001031E+03
9.10800E+00        9.32006112143E+03
9.11400E+00        9.30897194734E+03
9.12000E+00        9.29790244172E+03
9.12600E+00        9.28685255838E+03
9.13200E+00        9.27582225126E+03
9.13800E+00        9.26481147445E+03
9.14400E+00        9.25382018215E+03
9.15000E+00        9.24284832873E+03
9.15600E+00        9.23189586865E+03
9.16200E+00        9.22096275653E+03
9.16800E+00        9.21004894711E+03
9.17400E+00        9.19915439527E+03
9.18000E+00        9.18827905602E+03
9.18600E+00        9.17742288449E+03
9.19200E+00        9.16658583594E+03
9.19800E+00        9.15576786578E+03
9.20400E+00        9.14496892953E+03
9.21000E+00        9.13418898283E+03
9.21600E+00        9.12342798148E+03
9.22200E+00        9.11268588138E+03
9.22800E+00        9.10196263857E+03
9.23400E+00        9.09125820921E+03
9.24000E+00        9.08057254959E+03
9.24600E+00        9.06990561613E+03
9.25200E+00        9.05925736537E+03
9.25800E+00        9.04862775397E+03
9.26400E+00        9.03801673872E+03
9.27000E+00        9.02742427655E+03
9.27600E+00        9.01685032449E+03
9.28200E+00        9.00629483969E+03
9.28800E+00        8.99575777946E+03
9.29400E+00        8.98523910119E+03
9.30000E+00        8.97473876241E+03
9.30600E+00        8.96425672078E+03
9.31200E+00        8.95379293407E+03
9.31800E+00        8.94334736017E+03
9.32400E+00        8.93291995711E+03
9.33000E+00        8.92251068300E+03
9.33600E+00        8.91211949611E+03
9.34200E+00        8.90174635481E+03
9.34800E+00        8.89139121759E+03
9.35400E+00        8.88105404307E+03
9.36000E+00        8.87073478997E+03
9.36600E+00        8.86043341713E+03
9.37200E+00        8.85014988353E+03
9.37800E+00        8.83988414823E+03
9.38400E+00        8.82963617045E+03
9.39000E+00        8.81940590949E+03
9.39600E+00        8.80919332478E+03
9.40200E+00        8.79899837586E+03
9.40800E+00        8.78882102240E+03
9.41400E+00        8.77866122416E+03
9.42000E+00        8.76851894103E+03
9.42600E+00        8.75839413302E+03
9.43200E+00        8.74828676024E+03
9.43800E+00        8.73819678291E+03
9.44400E+00        8.72812416138E+03
9.45000E+00        8.71806885610E+03
9.45600E+00        8.70803082763E+03
9.46200E+00        8.69801003665E+03
9.46800E+00        8.68800644394E+03
9.47400E+00        8.67802001040E+03
9.48000E+00        8.66805069704E+03
9.48600E+00        8.65809846498E+03
9.49200E+00        8.64816327544E+03
9.49800E+00        8.63824508976E+03
9.50400E+00        8.62834386938E+03
9.51000E+00        8.61845957586E+03
9.51600E+00        8.60859217086E+03
9.52200E+00        8.59874161615E+03
9.52800E+00        8.58890787360E+03
9.53400E+00        8.57909090520E+03
9.54000E+00        8.56929067304E+03
9.54600E+00        8.55950713932E+03
9.55200E+00        8.54974026634E+03
9.55800E+00        8.53999001651E+03
9.56400E+00        8.53025635234E+03
9.57000E+00        8.52053923644E+03
9.57600E+00        8.51083863155E+03
9.58200E+00        8.50115450050E+03
9.58800E+00        8.49148680620E+03
9.59400E+00        8.48183551170E+03
9.60000E+00        8.47220058014E+03
9.60600E+00        8.46258197475E+03
9.61200E+00        8.45297965888E+03
9.61800E+00        8.44339359597E+03
9.62400E+00        8.43382374958E+03
9.63000E+00        8.42427008335E+03
9.63600E+00        8.41473256102E+03
9.64200E+00        8.40521114646E+03
9.64800E+00        8.39570580361E+03
9.65400E+00        8.38621649653E+03
9.66000E+00        8.37674318935E+03
9.66600E+00        8.36728584635E+03
9.67200E+00        8.35784443186E+03
9.67800E+00        8.34841891033E+03
9.68400E+00        8.33900924631E+03
9.69000E+00        8.32961540445E+03
9.69600E+00        8.32023734949E+03
9.70200E+00        8.31087504627E+03
9.70800E+00        8.30152845972E+03
9.71400E+00        8.29219755489E+03
9.72000E+00        8.28288229690E+03
9.72600E+00        8.27358265098E+03
9.73200E+00        8.26429858246E+03
9.73800E+00        8.25503005675E+03
9.74400E+00        8.24577703937E+03
9.75000E+00        8.23653949592E+03
9.75600E+00        8.22731739212E+03
9.76200E+00        8.21811069376E+03
9.76800E+00        8.20891936673E+03
9.77400E+00        8.19974337702E+03
9.78000E+00        8.19058269070E+03
9.78600E+00        8.18143727396E+03
9.79200E+00        8.17230709306E+03
9.79800E+00        8.16319211435E+03
9.80400E+00        8.15409230429E+03
9.81000E+00        8.14500762941E+03
9.81600E+00        8.13593805636E+03
9.82200E+00        8.12688355185E+03
9.82800E+00        8.11784408271E+03
9.83400E+00        8.10881961584E+03
9.84000E+00        8.09981011824E+03
9.84600E+00        8.09081555699E+03
9.85200E+00        8.08183589928E+03
9.85800E+00        8.07287111237E+03
9.86400E+00        8.06392116362E+03
9.87000E+00        8.05498602047E+03
9.87600E+00        8.04606565045E+03
9.88200E+00        8.03716002120E+03
9.88800E+00        8.02826910041E+03
9.89400E+00        8.01939285590E+03
9.90000E+00        8.01053125553E+03
9.90600E+00        8.00168426730E+03
9.91200E+00        7.99285185925E+03
9.91800E+00        7.98403399953E+03
9.92400E+00        7.97523065639E+03
9.93000E+00        7.96644179813E+03
9.93600E+00        7.95766739316E+03
9.94200E+00        7.94890740998E+03
9.94800E+00        7.94016181715E+03
9.95400E+00        7.93143058335E+03
9.96000E+00        7.92271367731E+03
9.96600E+00        7.91401106788E+03
9.97200E+00        7.90532272395E+03
9.97800E+00        7.89664861453E+03
9.98400E+00        7.88798870871E+03
9.99000E+00        7.87934297564E+03
9.99600E+00        7.87071138459E+03
1.00020E+01        7.86209390487E+03
1.00080E+01        7.85349050591E+03
1.00140E+01        7.84490115719E+03
1.00200E+01        7.83632582831E+03
1.00260E+01        7.82776448891E+03
1.00320E+01        7.81921710875E+03
1.00380E+01        7.81068365764E+03
1.00440E+01        7.80216410549E+03
1.00500E+01        7.79365842229E+03
1.00560E+01        7.78516657810E+03
1.00620E+01        7.77668854306E+03
1.00680E+01        7.76822428740E+03
1.00740E+01        7.75977378144E+03
1.00800E+01        7.75133699554E+03
1.00860E+01        7.74291390018E+03
1.00920E+01        7.73450446591E+03
1.00980E+01        7.72610866334E+03
1.01040E+01        7.71772646317E+03
1.01100E+01        7.70935783618E+03
1.01160E+01        7.70100275323E+03
1.01220E+01        7.69266118526E+03
1.01280E+01        7.68433310327E+03
1.01340E+01        7.67601847836E+03
1.01400E+01        7.66771728169E+03
1.01460E+01        7.65942948450E+03
1.01520E+01        7.65115505812E+03
1.01580E+01        7.64289397393E+03
1.01640E+01        7.63464620342E+03
1.01700E+01        7.62641171813E+03
1.01760E+01        7.61819048968E+03
1.01820E+01        7.60998248977E+03
1.01880E+01        7.60178769017E+03
1.01940E+01        7.59360606273E+03
1.02000E+01        7.58543757938E+03
1.02060E+01        7.57728221212E+03
1.02120E+01        7.56913993300E+03
1.02180E+01        7.56101071419E+03
1.02240E+01        7.55289452789E+03
1.02300E+01        7.54479134640E+03
1.02360E+01        7.53670114209E+03
1.02420E+01        7.52862388739E+03
1.02480E+01        7.52055955482E+03
1.02540E+01        7.51250811696E+03
1.02600E+01        7.50446954646E+03
1.02660E+01        7.49644381606E+03
1.02720E+01        7.48843089855E+03
1.02780E+01        7.48043076680E+03
1.02840E+01        7.47244339376E+03
1.02900E+01        7.46446875244E+03
1.02960E+01        7.45650681592E+03
1.03020E+01        7.44855755737E+03
1.03080E+01        7.44062095001E+03
1.03140E+01        7.43269696713E+03
1.03200E+01        7.42478558210E+03
1.03260E+01        7.41688676835E+03
1.03320E+01        7.40900049940E+03
1.03380E+01        7.40112674881E+03
1.03440E+01        7.39326549024E+03
1.03500E+01        7.38541669739E+03
1.03560E+01        7.37758034405E+03
1.03620E+01        7.36975640407E+03
1.03680E+01        7.36194485136E+03
1.03740E+01        7.35414565992E+03
1.03800E+01        7.34635880379E+03
1.03860E+01        7.33858425710E+03
1.03920E+01        7.33082199405E+03
1.03980E+01        7.32307198888E+03
1.04040E+01        7.31533421593E+03
1.04100E+01        7.30760864957E+03
1.04160E+01        7.29989526428E+03
1.04220E+01        7.29219403458E+03
1.04280E+01        7.28450493504E+03
1.04340E+01        7.27682794035E+03
1.04400E+01        7.26916302520E+03
1.04460E+01        7.26151016440E+03
1.04520E+01        7.25386933279E+03
1.04580E+01        7.24624050529E+03
1.04640E+01        7.23862365689E+03
1.04700E+01        7.23101876264E+03
1.04760E+01        7.22342579764E+03
1.04820E+01        7.21584473708E+03
1.04880E+01        7.20827555620E+03
1.04940E+01        7.20071823029E+03
1.05000E+01        7.19317273474E+03
1.05060E+01        7.18563904497E+03
1.05120E+01        7.17811713648E+03
1.05180E+01        7.17060698483E+03
1.05240E+01        7.16310856564E+03
1.05300E+01        7.15562185459E+03
1.05360E+01        7.14814682745E+03
1.05420E+01        7.14068346000E+03
1.05480E+01        7.13323172814E+03
1.05540E+01        7.12579160778E+03
1.05600E+01        7.11836307494E+03
1.05660E+01        7.11094610566E+03
1.05720E+01        7.10354067607E+03
1.05780E+01        7.09614676234E+03
1.05840E+01        7.08876434073E+03
1.05900E+01        7.08139338752E+03
1.05960E+01        7.07403387910E+03
1.06020E+01        7.06668579187E+03
1.06080E+01        7.05934910233E+03
1.06140E+01        7.05202378702E+03
1.06200E+01        7.04470982254E+03
1.06260E+01        7.03740718557E+03
1.06320E+01        7.03011585282E+03
1.06380E+01        7.02283580107E+03
1.06440E+01        7.01556700718E+03
1.06500E+01        7.00830944804E+03
1.06560E+01        7.00106310061E+03
1.06620E+01        6.99382794191E+03
1.06680E+01        6.98660394903E+03
1.06740E+01        6.97939109910E+03
1.06800E+01        6.97218936931E+03
1.06860E+01        6.96499873692E+03
1.06920E+01        6.95781917923E+03
1.06980E+01        6.95065067362E+03
1.07040E+01        6.94349319751E+03
1.07100E+01        6.93634672839E+03
1.07160E+01        6.92921124379E+03
1.07220E+01        6.92208672131E+03
1.07280E+01        6.91497313862E+03
1.07340E+01        6.90787047340E+03
1.07400E+01        6.90077870345E+03
1.07460E+01        6.89369780657E+03
1.07520E+01        6.88662776065E+03
1.07580E+01        6.87956854363E+03
1.07640E+01        6.87252013349E+03
1.07700E+01        6.86548250828E+03
1.07760E+01        6.85845564611E+03
