output_bb_noLD/Noodles_2021-02-26/SED_03.dat
# %ECSV 0.9
# ---
# datatype:
# - {name: wavelength, unit: micron, datatype: float64}
# - {name: flux, unit: microJansky, datatype: float64}
# schema: astropy-2.0
#
#
#  - - File generated by ExoNoodle - -
#         V1.0.0 - MML (CEA-Saclay)
#       2021-02-26 14:01:48.325215
wavelength flux 
[from data line 433]
5.59800E+00        2.18621982859E+04
5.60400E+00        2.18229486639E+04
5.61000E+00        2.17838027142E+04
5.61600E+00        2.17447600804E+04
5.62200E+00        2.17058204080E+04
5.62800E+00        2.16669833437E+04
5.63400E+00        2.16282485358E+04
5.64000E+00        2.15896156339E+04
5.64600E+00        2.15510842892E+04
5.65200E+00        2.15126541543E+04
5.65800E+00        2.14743248832E+04
5.66400E+00        2.14360961314E+04
5.67000E+00        2.13979675557E+04
5.67600E+00        2.13599388146E+04
5.68200E+00        2.13220095676E+04
5.68800E+00        2.12841794760E+04
5.69400E+00        2.12464482022E+04
5.70000E+00        2.12088154101E+04
5.70600E+00        2.11712807651E+04
5.71200E+00        2.11338439338E+04
5.71800E+00        2.10965045842E+04
5.72400E+00        2.10592623858E+04
5.73000E+00        2.10221170093E+04
5.73600E+00        2.09850681268E+04
5.74200E+00        2.09481154119E+04
5.74800E+00        2.09112585392E+04
5.75400E+00        2.08744971850E+04
5.76000E+00        2.08378310267E+04
5.76600E+00        2.08012597431E+04
5.77200E+00        2.07647830142E+04
5.77800E+00        2.07284005215E+04
5.78400E+00        2.06921119478E+04
5.79000E+00        2.06559169769E+04
5.79600E+00        2.06198152942E+04
5.80200E+00        2.05838065862E+04
5.80800E+00        2.05478905409E+04
5.81400E+00        2.05120668473E+04
5.82000E+00        2.04763351958E+04
5.82600E+00        2.04406952781E+04
5.83200E+00        2.04051467871E+04
5.83800E+00        2.03696894169E+04
5.84400E+00        2.03343228630E+04
5.85000E+00        2.02990468219E+04
5.85600E+00        2.02638609915E+04
5.86200E+00        2.02287650710E+04
5.86800E+00        2.01937587605E+04
5.87400E+00        2.01588417617E+04
5.88000E+00        2.01240137772E+04
5.88600E+00        2.00892745110E+04
5.89200E+00        2.00546236681E+04
5.89800E+00        2.00200609550E+04
5.90400E+00        1.99855860792E+04
5.91000E+00        1.99511987492E+04
5.91600E+00        1.99168986750E+04
5.92200E+00        1.98826855675E+04
5.92800E+00        1.98485591390E+04
5.93400E+00        1.98145191028E+04
5.94000E+00        1.97805651734E+04
5.94600E+00        1.97466970665E+04
5.95200E+00        1.97129144987E+04
5.95800E+00        1.96792171882E+04
5.96400E+00        1.96456048538E+04
5.97000E+00        1.96120772158E+04
5.97600E+00        1.95786339955E+04
5.98200E+00        1.95452749153E+04
5.98800E+00        1.95119996988E+04
5.99400E+00        1.94788080705E+04
6.00000E+00        1.94456997562E+04
6.00600E+00        1.94126744827E+04
6.01200E+00        1.93797319780E+04
6.01800E+00        1.93468719710E+04
6.02400E+00        1.93140941919E+04
6.03000E+00        1.92813983717E+04
6.03600E+00        1.92487842428E+04
6.04200E+00        1.92162515384E+04
6.04800E+00        1.91837999928E+04
6.05400E+00        1.91514293415E+04
6.06000E+00        1.91191393210E+04
6.06600E+00        1.90869296687E+04
6.07200E+00        1.90548001231E+04
6.07800E+00        1.90227504240E+04
6.08400E+00        1.89907803118E+04
6.09000E+00        1.89588895283E+04
6.09600E+00        1.89270778160E+04
6.10200E+00        1.88953449188E+04
6.10800E+00        1.88636905812E+04
6.11400E+00        1.88321145489E+04
6.12000E+00        1.88006165687E+04
6.12600E+00        1.87691963883E+04
6.13200E+00        1.87378537564E+04
6.13800E+00        1.87065884226E+04
6.14400E+00        1.86754001377E+04
6.15000E+00        1.86442886532E+04
6.15600E+00        1.86132537219E+04
6.16200E+00        1.85822950973E+04
6.16800E+00        1.85514125339E+04
6.17400E+00        1.85206057874E+04
6.18000E+00        1.84898746141E+04
6.18600E+00        1.84592187716E+04
6.19200E+00        1.84286380183E+04
6.19800E+00        1.83981321134E+04
6.20400E+00        1.83677008173E+04
6.21000E+00        1.83373438911E+04
6.21600E+00        1.83070610971E+04
6.22200E+00        1.82768521983E+04
6.22800E+00        1.82467169587E+04
6.23400E+00        1.82166551432E+04
6.24000E+00        1.81866665176E+04
6.24600E+00        1.81567508488E+04
6.25200E+00        1.81269079044E+04
6.25800E+00        1.80971374528E+04
6.26400E+00        1.80674392637E+04
6.27000E+00        1.80378131073E+04
6.27600E+00        1.80082587549E+04
6.28200E+00        1.79787759786E+04
6.28800E+00        1.79493645515E+04
6.29400E+00        1.79200242474E+04
6.30000E+00        1.78907548411E+04
6.30600E+00        1.78615561083E+04
6.31200E+00        1.78324278254E+04
6.31800E+00        1.78033697699E+04
6.32400E+00        1.77743817199E+04
6.33000E+00        1.77454634546E+04
6.33600E+00        1.77166147539E+04
6.34200E+00        1.76878353986E+04
6.34800E+00        1.76591251703E+04
6.35400E+00        1.76304838515E+04
6.36000E+00        1.76019112255E+04
6.36600E+00        1.75734070764E+04
6.37200E+00        1.75449711893E+04
6.37800E+00        1.75166033499E+04
6.38400E+00        1.74883033448E+04
6.39000E+00        1.74600709615E+04
6.39600E+00        1.74319059883E+04
6.40200E+00        1.74038082141E+04
6.40800E+00        1.73757774289E+04
6.41400E+00        1.73478134234E+04
6.42000E+00        1.73199159890E+04
6.42600E+00        1.72920849179E+04
6.43200E+00        1.72643200033E+04
6.43800E+00        1.72366210390E+04
6.44400E+00        1.72089878197E+04
6.45000E+00        1.71814201407E+04
6.45600E+00        1.71539177983E+04
6.46200E+00        1.71264805895E+04
6.46800E+00        1.70991083119E+04
6.47400E+00        1.70718007641E+04
6.48000E+00        1.70445577454E+04
6.48600E+00        1.70173790559E+04
6.49200E+00        1.69902644963E+04
6.49800E+00        1.69632138682E+04
6.50400E+00        1.69362269739E+04
6.51000E+00        1.69093036165E+04
6.51600E+00        1.68824435997E+04
6.52200E+00        1.68556467281E+04
6.52800E+00        1.68289128071E+04
6.53400E+00        1.68022416425E+04
6.54000E+00        1.67756330412E+04
6.54600E+00        1.67490868107E+04
6.55200E+00        1.67226027590E+04
6.55800E+00        1.66961806953E+04
6.56400E+00        1.66698204291E+04
6.57000E+00        1.66435217707E+04
6.57600E+00        1.66172845313E+04
6.58200E+00        1.65911085227E+04
6.58800E+00        1.65649935573E+04
6.59400E+00        1.65389394483E+04
6.60000E+00        1.65129460096E+04
6.60600E+00        1.64870130559E+04
6.61200E+00        1.64611404023E+04
6.61800E+00        1.64353278649E+04
6.62400E+00        1.64095752604E+04
6.63000E+00        1.63838824061E+04
6.63600E+00        1.63582491200E+04
6.64200E+00        1.63326752209E+04
6.64800E+00        1.63071605281E+04
6.65400E+00        1.62817048617E+04
6.66000E+00        1.62563080425E+04
6.66600E+00        1.62309698917E+04
6.67200E+00        1.62056902316E+04
6.67800E+00        1.61804688848E+04
6.68400E+00        1.61553056748E+04
6.69000E+00        1.61302004255E+04
6.69600E+00        1.61051529616E+04
6.70200E+00        1.60801631086E+04
6.70800E+00        1.60552306923E+04
6.71400E+00        1.60303555395E+04
6.72000E+00        1.60055374774E+04
6.72600E+00        1.59807763340E+04
6.73200E+00        1.59560719377E+04
6.73800E+00        1.59314241178E+04
6.74400E+00        1.59068327040E+04
6.75000E+00        1.58822975270E+04
6.75600E+00        1.58578184176E+04
6.76200E+00        1.58333952076E+04
6.76800E+00        1.58090277294E+04
6.77400E+00        1.57847158158E+04
6.78000E+00        1.57604593005E+04
6.78600E+00        1.57362580174E+04
6.79200E+00        1.57121118016E+04
6.79800E+00        1.56880204882E+04
6.80400E+00        1.56639839133E+04
6.81000E+00        1.56400019135E+04
6.81600E+00        1.56160743259E+04
6.82200E+00        1.55922009884E+04
6.82800E+00        1.55683817392E+04
6.83400E+00        1.55446164174E+04
6.84000E+00        1.55209048625E+04
6.84600E+00        1.54972469146E+04
6.85200E+00        1.54736424145E+04
6.85800E+00        1.54500912034E+04
6.86400E+00        1.54265931233E+04
6.87000E+00        1.54031480166E+04
6.87600E+00        1.53797557263E+04
6.88200E+00        1.53564160960E+04
6.88800E+00        1.53331289699E+04
6.89400E+00        1.53098941927E+04
6.90000E+00        1.52867116097E+04
6.90600E+00        1.52635810669E+04
6.91200E+00        1.52405024105E+04
6.91800E+00        1.52174754877E+04
6.92400E+00        1.51945001458E+04
6.93000E+00        1.51715762330E+04
6.93600E+00        1.51487035980E+04
6.94200E+00        1.51258820899E+04
6.94800E+00        1.51031115584E+04
6.95400E+00        1.50803918538E+04
6.96000E+00        1.50577228270E+04
6.96600E+00        1.50351043292E+04
6.97200E+00        1.50125362124E+04
6.97800E+00        1.49900183289E+04
6.98400E+00        1.49675505317E+04
6.99000E+00        1.49451326743E+04
6.99600E+00        1.49227646107E+04
7.00200E+00        1.49004461955E+04
7.00800E+00        1.48781772836E+04
7.01400E+00        1.48559577306E+04
7.02000E+00        1.48337873927E+04
7.02600E+00        1.48116661264E+04
7.03200E+00        1.47895937889E+04
7.03800E+00        1.47675702378E+04
7.04400E+00        1.47455953312E+04
7.05000E+00        1.47236689277E+04
7.05600E+00        1.47017908866E+04
7.06200E+00        1.46799610675E+04
7.06800E+00        1.46581793305E+04
7.07400E+00        1.46364455364E+04
7.08000E+00        1.46147595461E+04
7.08600E+00        1.45931212215E+04
7.09200E+00        1.45715304245E+04
7.09800E+00        1.45499870180E+04
7.10400E+00        1.45284908649E+04
7.11000E+00        1.45070418289E+04
7.11600E+00        1.44856397740E+04
7.12200E+00        1.44642845649E+04
7.12800E+00        1.44429760666E+04
7.13400E+00        1.44217141446E+04
7.14000E+00        1.44004986649E+04
7.14600E+00        1.43793294941E+04
7.15200E+00        1.43582064989E+04
7.15800E+00        1.43371295470E+04
7.16400E+00        1.43160985061E+04
7.17000E+00        1.42951132447E+04
7.17600E+00        1.42741736315E+04
7.18200E+00        1.42532795358E+04
7.18800E+00        1.42324308274E+04
7.19400E+00        1.42116273765E+04
7.20000E+00        1.41908690537E+04
7.20600E+00        1.41701557302E+04
7.21200E+00        1.41494872775E+04
7.21800E+00        1.41288635676E+04
7.22400E+00        1.41082844731E+04
7.23000E+00        1.40877498668E+04
7.23600E+00        1.40672596221E+04
7.24200E+00        1.40468136127E+04
7.24800E+00        1.40264117131E+04
7.25400E+00        1.40060537977E+04
7.26000E+00        1.39857397418E+04
7.26600E+00        1.39654694210E+04
7.27200E+00        1.39452427112E+04
7.27800E+00        1.39250594888E+04
7.28400E+00        1.39049196307E+04
7.29000E+00        1.38848230143E+04
7.29600E+00        1.38647695171E+04
7.30200E+00        1.38447590175E+04
7.30800E+00        1.38247913939E+04
7.31400E+00        1.38048665253E+04
7.32000E+00        1.37849842911E+04
7.32600E+00        1.37651445713E+04
7.33200E+00        1.37453472459E+04
7.33800E+00        1.37255921958E+04
7.34400E+00        1.37058793019E+04
7.35000E+00        1.36862084457E+04
7.35600E+00        1.36665795092E+04
7.36200E+00        1.36469923747E+04
7.36800E+00        1.36274469249E+04
7.37400E+00        1.36079430428E+04
7.38000E+00        1.35884806121E+04
7.38600E+00        1.35690595166E+04
7.39200E+00        1.35496796407E+04
7.39800E+00        1.35303408691E+04
7.40400E+00        1.35110430870E+04
7.41000E+00        1.34917861798E+04
7.41600E+00        1.34725700334E+04
7.42200E+00        1.34533945342E+04
7.42800E+00        1.34342595689E+04
7.43400E+00        1.34151650246E+04
7.44000E+00        1.33961107886E+04
7.44600E+00        1.33770967490E+04
7.45200E+00        1.33581227939E+04
7.45800E+00        1.33391888119E+04
7.46400E+00        1.33202946921E+04
7.47000E+00        1.33014403239E+04
7.47600E+00        1.32826255970E+04
7.48200E+00        1.32638504015E+04
7.48800E+00        1.32451146281E+04
7.49400E+00        1.32264181675E+04
7.50000E+00        1.32077609111E+04
7.50600E+00        1.31891427504E+04
7.51200E+00        1.31705635775E+04
7.51800E+00        1.31520232848E+04
7.52400E+00        1.31335217650E+04
7.53000E+00        1.31150589112E+04
7.53600E+00        1.30966346169E+04
7.54200E+00        1.30782487758E+04
7.54800E+00        1.30599012823E+04
7.55400E+00        1.30415920308E+04
7.56000E+00        1.30233209162E+04
7.56600E+00        1.30050878339E+04
7.57200E+00        1.29868926794E+04
7.57800E+00        1.29687353487E+04
7.58400E+00        1.29506157381E+04
7.59000E+00        1.29325337443E+04
7.59600E+00        1.29144892644E+04
7.60200E+00        1.28964821956E+04
7.60800E+00        1.28785124357E+04
7.61400E+00        1.28605798829E+04
7.62000E+00        1.28426844353E+04
7.62600E+00        1.28248259920E+04
7.63200E+00        1.28070044518E+04
7.63800E+00        1.27892197143E+04
7.64400E+00        1.27714716792E+04
7.65000E+00        1.27537602465E+04
7.65600E+00        1.27360853169E+04
7.66200E+00        1.27184467910E+04
7.66800E+00        1.27008445699E+04
7.67400E+00        1.26832785550E+04
7.68000E+00        1.26657486482E+04
7.68600E+00        1.26482547516E+04
7.69200E+00        1.26307967675E+04
7.69800E+00        1.26133745986E+04
7.70400E+00        1.25959881482E+04
7.71000E+00        1.25786373196E+04
7.71600E+00        1.25613220164E+04
7.72200E+00        1.25440421428E+04
7.72800E+00        1.25267976031E+04
7.73400E+00        1.25095883020E+04
7.74000E+00        1.24924141445E+04
7.74600E+00        1.24752750358E+04
7.75200E+00        1.24581708817E+04
7.75800E+00        1.24411015881E+04
7.76400E+00        1.24240670612E+04
7.77000E+00        1.24070672076E+04
7.77600E+00        1.23901019342E+04
7.78200E+00        1.23731711481E+04
7.78800E+00        1.23562747569E+04
7.79400E+00        1.23394126683E+04
7.80000E+00        1.23225847905E+04
7.80600E+00        1.23057910319E+04
7.81200E+00        1.22890313011E+04
7.81800E+00        1.22723055072E+04
7.82400E+00        1.22556135595E+04
7.83000E+00        1.22389553676E+04
7.83600E+00        1.22223308415E+04
7.84200E+00        1.22057398913E+04
7.84800E+00        1.21891824275E+04
7.85400E+00        1.21726583609E+04
7.86000E+00        1.21561676027E+04
7.86600E+00        1.21397100642E+04
7.87200E+00        1.21232856571E+04
7.87800E+00        1.21068942933E+04
7.88400E+00        1.20905358851E+04
7.89000E+00        1.20742103451E+04
7.89600E+00        1.20579175860E+04
7.90200E+00        1.20416575210E+04
7.90800E+00        1.20254300635E+04
7.91400E+00        1.20092351272E+04
7.92000E+00        1.19930726260E+04
7.92600E+00        1.19769424742E+04
7.93200E+00        1.19608445863E+04
7.93800E+00        1.19447788771E+04
7.94400E+00        1.19287452617E+04
7.95000E+00        1.19127436554E+04
7.95600E+00        1.18967739739E+04
7.96200E+00        1.18808361331E+04
7.96800E+00        1.18649300492E+04
7.97400E+00        1.18490556386E+04
7.98000E+00        1.18332128180E+04
7.98600E+00        1.18174015046E+04
7.99200E+00        1.18016216154E+04
7.99800E+00        1.17858730681E+04
8.00400E+00        1.17701557805E+04
8.01000E+00        1.17544696705E+04
8.01600E+00        1.17388146567E+04
8.02200E+00        1.17231906575E+04
8.02800E+00        1.17075975919E+04
8.03400E+00        1.16920353789E+04
8.04000E+00        1.16765039379E+04
8.04600E+00        1.16610031886E+04
8.05200E+00        1.16455330510E+04
8.05800E+00        1.16300934450E+04
8.06400E+00        1.16146842913E+04
8.07000E+00        1.15993055104E+04
8.07600E+00        1.15839570233E+04
8.08200E+00        1.15686387512E+04
8.08800E+00        1.15533506155E+04
8.09400E+00        1.15380925379E+04
8.10000E+00        1.15228644403E+04
8.10600E+00        1.15076662451E+04
8.11200E+00        1.14924978745E+04
8.11800E+00        1.14773592513E+04
8.12400E+00        1.14622502984E+04
8.13000E+00        1.14471709391E+04
8.13600E+00        1.14321210967E+04
8.14200E+00        1.14171006950E+04
8.14800E+00        1.14021096578E+04
8.15400E+00        1.13871479093E+04
8.16000E+00        1.13722153740E+04
8.16600E+00        1.13573119764E+04
8.17200E+00        1.13424376416E+04
8.17800E+00        1.13275922945E+04
