output_bb_noLD/Noodles_2021-02-26/SED_12.dat
# %ECSV 0.9
# ---
# datatype:
# - {name: wavelength, unit: micron, datatype: float64}
# - {name: flux, unit: microJansky, datatype: float64}
# schema: astropy-2.0
#
#
#  - - File generated by ExoNoodle - -
#         V1.0.0 - MML (CEA-Saclay)
#       2021-02-26 14:01:48.325215
wavelength flux 
3.00000E+00        5.70076052502E+04
3.00600E+00        5.68532818517E+04
3.01200E+00        5.66995174313E+04
3.01800E+00        5.65463098849E+04
3.02400E+00        5.63936571109E+04
3.03000E+00        5.62415570104E+04
3.03600E+00        5.60900074875E+04
3.04200E+00        5.59390064495E+04
3.04800E+00        5.57885518066E+04
3.05400E+00        5.56386414723E+04
3.06000E+00        5.54892733636E+04
3.06600E+00        5.53404454008E+04
3.07200E+00        5.51921555081E+04
3.07800E+00        5.50444016132E+04
3.08400E+00        5.48971816475E+04
3.09000E+00        5.47504935466E+04
3.09600E+00        5.46043352500E+04
3.10200E+00        5.44587047011E+04
3.10800E+00        5.43135998478E+04
3.11400E+00        5.41690186421E+04
3.12000E+00        5.40249590405E+04
3.12600E+00        5.38814190038E+04
3.13200E+00        5.37383964974E+04
3.13800E+00        5.35958894914E+04
3.14400E+00        5.34538959606E+04
3.15000E+00        5.33124138844E+04
3.15600E+00        5.31714412472E+04
3.16200E+00        5.30309760382E+04
3.16800E+00        5.28910162517E+04
3.17400E+00        5.27515598871E+04
3.18000E+00        5.26126049486E+04
3.18600E+00        5.24741494460E+04
3.19200E+00        5.23361913941E+04
3.19800E+00        5.21987288129E+04
3.20400E+00        5.20617597279E+04
3.21000E+00        5.19252821701E+04
3.21600E+00        5.17892941757E+04
3.22200E+00        5.16537937867E+04
3.22800E+00        5.15187790503E+04
3.23400E+00        5.13842480197E+04
3.24000E+00        5.12501987536E+04
3.24600E+00        5.11166293162E+04
3.25200E+00        5.09835377777E+04
3.25800E+00        5.08509222139E+04
3.26400E+00        5.07187807066E+04
3.27000E+00        5.05871113434E+04
3.27600E+00        5.04559122177E+04
3.28200E+00        5.03251814289E+04
3.28800E+00        5.01949170823E+04
3.29400E+00        5.00651172894E+04
3.30000E+00        4.99357801674E+04
3.30600E+00        4.98069038399E+04
3.31200E+00        4.96784864363E+04
3.31800E+00        4.95505260923E+04
3.32400E+00        4.94230209496E+04
3.33000E+00        4.92959691562E+04
3.33600E+00        4.91693688663E+04
3.34200E+00        4.90432182402E+04
3.34800E+00        4.89175154443E+04
3.35400E+00        4.87922586516E+04
3.36000E+00        4.86674460412E+04
3.36600E+00        4.85430757984E+04
3.37200E+00        4.84191461149E+04
3.37800E+00        4.82956551887E+04
3.38400E+00        4.81726012241E+04
3.39000E+00        4.80499824319E+04
3.39600E+00        4.79277970291E+04
3.40200E+00        4.78060432391E+04
3.40800E+00        4.76847192918E+04
3.41400E+00        4.75638234234E+04
3.42000E+00        4.74433538764E+04
3.42600E+00        4.73233089000E+04
3.43200E+00        4.72036867496E+04
3.43800E+00        4.70844856872E+04
3.44400E+00        4.69657039810E+04
3.45000E+00        4.68473399058E+04
3.45600E+00        4.67293917428E+04
3.46200E+00        4.66118577798E+04
3.46800E+00        4.64947363108E+04
3.47400E+00        4.63780256365E+04
3.48000E+00        4.62617240639E+04
3.48600E+00        4.61458299066E+04
3.49200E+00        4.60303414844E+04
3.49800E+00        4.59152571239E+04
3.50400E+00        4.58005751579E+04
3.51000E+00        4.56862939257E+04
3.51600E+00        4.55724117733E+04
3.52200E+00        4.54589270529E+04
3.52800E+00        4.53458381232E+04
3.53400E+00        4.52331433494E+04
3.54000E+00        4.51208411031E+04
3.54600E+00        4.50089297624E+04
3.55200E+00        4.48974077117E+04
3.55800E+00        4.47862733421E+04
3.56400E+00        4.46755250508E+04
3.57000E+00        4.45651612416E+04
3.57600E+00        4.44551803247E+04
3.58200E+00        4.43455807168E+04
3.58800E+00        4.42363608407E+04
3.59400E+00        4.41275191259E+04
3.60000E+00        4.40190540081E+04
3.60600E+00        4.39109639294E+04
3.61200E+00        4.38032473383E+04
3.61800E+00        4.36959026896E+04
3.62400E+00        4.35889284445E+04
3.63000E+00        4.34823230705E+04
3.63600E+00        4.33760850415E+04
3.64200E+00        4.32702128375E+04
3.64800E+00        4.31647049449E+04
3.65400E+00        4.30595598565E+04
3.66000E+00        4.29547760712E+04
3.66600E+00        4.28503520943E+04
3.67200E+00        4.27462864373E+04
3.67800E+00        4.26425776178E+04
3.68400E+00        4.25392241598E+04
3.69000E+00        4.24362245934E+04
3.69600E+00        4.23335774549E+04
3.70200E+00        4.22312812869E+04
3.70800E+00        4.21293346381E+04
3.71400E+00        4.20277360631E+04
3.72000E+00        4.19264841230E+04
3.72600E+00        4.18255773849E+04
3.73200E+00        4.17250144219E+04
3.73800E+00        4.16247938132E+04
3.74400E+00        4.15249141441E+04
3.75000E+00        4.14253740061E+04
3.75600E+00        4.13261719966E+04
3.76200E+00        4.12273067189E+04
3.76800E+00        4.11287767826E+04
3.77400E+00        4.10305808030E+04
3.78000E+00        4.09327174015E+04
3.78600E+00        4.08351852055E+04
3.79200E+00        4.07379828483E+04
3.79800E+00        4.06411089690E+04
3.80400E+00        4.05445622128E+04
3.81000E+00        4.04483412307E+04
3.81600E+00        4.03524446794E+04
3.82200E+00        4.02568712218E+04
3.82800E+00        4.01616195262E+04
3.83400E+00        4.00666882671E+04
3.84000E+00        3.99720761246E+04
3.84600E+00        3.98777817845E+04
3.85200E+00        3.97838039386E+04
3.85800E+00        3.96901412842E+04
3.86400E+00        3.95967925243E+04
3.87000E+00        3.95037563679E+04
3.87600E+00        3.94110315293E+04
3.88200E+00        3.93186167288E+04
3.88800E+00        3.92265106921E+04
3.89400E+00        3.91347121505E+04
3.90000E+00        3.90432198411E+04
3.90600E+00        3.89520325065E+04
3.91200E+00        3.88611488948E+04
3.91800E+00        3.87705677597E+04
3.92400E+00        3.86802878603E+04
3.93000E+00        3.85903079615E+04
3.93600E+00        3.85006268333E+04
3.94200E+00        3.84112432514E+04
3.94800E+00        3.83221559969E+04
3.95400E+00        3.82333638564E+04
3.96000E+00        3.81448656217E+04
3.96600E+00        3.80566600901E+04
3.97200E+00        3.79687460644E+04
3.97800E+00        3.78811223524E+04
3.98400E+00        3.77937877675E+04
3.99000E+00        3.77067411284E+04
3.99600E+00        3.76199812590E+04
4.00200E+00        3.75335069883E+04
4.00800E+00        3.74473171509E+04
4.01400E+00        3.73614105864E+04
4.02000E+00        3.72757861395E+04
4.02600E+00        3.71904426603E+04
4.03200E+00        3.71053790039E+04
4.03800E+00        3.70205940307E+04
4.04400E+00        3.69360866060E+04
4.05000E+00        3.68518556004E+04
4.05600E+00        3.67678998896E+04
4.06200E+00        3.66842183540E+04
4.06800E+00        3.66008098795E+04
4.07400E+00        3.65176733567E+04
4.08000E+00        3.64348076813E+04
4.08600E+00        3.63522117540E+04
4.09200E+00        3.62698844805E+04
4.09800E+00        3.61878247713E+04
4.10400E+00        3.61060315418E+04
4.11000E+00        3.60245037125E+04
4.11600E+00        3.59432402086E+04
4.12200E+00        3.58622399602E+04
4.12800E+00        3.57815019022E+04
4.13400E+00        3.57010249744E+04
4.14000E+00        3.56208081213E+04
4.14600E+00        3.55408502922E+04
4.15200E+00        3.54611504411E+04
4.15800E+00        3.53817075270E+04
4.16400E+00        3.53025205132E+04
4.17000E+00        3.52235883679E+04
4.17600E+00        3.51449100641E+04
4.18200E+00        3.50664845792E+04
4.18800E+00        3.49883108954E+04
4.19400E+00        3.49103879995E+04
4.20000E+00        3.48327148827E+04
4.20600E+00        3.47552905410E+04
4.21200E+00        3.46781139749E+04
4.21800E+00        3.46011841893E+04
4.22400E+00        3.45245001939E+04
4.23000E+00        3.44480610025E+04
4.23600E+00        3.43718656337E+04
4.24200E+00        3.42959131104E+04
4.24800E+00        3.42202024599E+04
4.25400E+00        3.41447327140E+04
4.26000E+00        3.40695029090E+04
4.26600E+00        3.39945120852E+04
4.27200E+00        3.39197592877E+04
4.27800E+00        3.38452435656E+04
4.28400E+00        3.37709639724E+04
4.29000E+00        3.36969195661E+04
4.29600E+00        3.36231094087E+04
4.30200E+00        3.35495325667E+04
4.30800E+00        3.34761881105E+04
4.31400E+00        3.34030751151E+04
4.32000E+00        3.33301926595E+04
4.32600E+00        3.32575398269E+04
4.33200E+00        3.31851157046E+04
4.33800E+00        3.31129193843E+04
4.34400E+00        3.30409499614E+04
4.35000E+00        3.29692065358E+04
4.35600E+00        3.28976882113E+04
4.36200E+00        3.28263940958E+04
4.36800E+00        3.27553233013E+04
4.37400E+00        3.26844749436E+04
4.38000E+00        3.26138481429E+04
4.38600E+00        3.25434420232E+04
4.39200E+00        3.24732557122E+04
4.39800E+00        3.24032883421E+04
4.40400E+00        3.23335390486E+04
4.41000E+00        3.22640069716E+04
4.41600E+00        3.21946912547E+04
4.42200E+00        3.21255910454E+04
4.42800E+00        3.20567054952E+04
4.43400E+00        3.19880337594E+04
4.44000E+00        3.19195749971E+04
4.44600E+00        3.18513283713E+04
4.45200E+00        3.17832930485E+04
4.45800E+00        3.17154681994E+04
4.46400E+00        3.16478529982E+04
4.47000E+00        3.15804466228E+04
4.47600E+00        3.15132482550E+04
4.48200E+00        3.14462570803E+04
4.48800E+00        3.13794722877E+04
4.49400E+00        3.13128930700E+04
4.50000E+00        3.12465186236E+04
4.50600E+00        3.11803481487E+04
4.51200E+00        3.11143808489E+04
4.51800E+00        3.10486159316E+04
4.52400E+00        3.09830526076E+04
4.53000E+00        3.09176900913E+04
4.53600E+00        3.08525276009E+04
4.54200E+00        3.07875643578E+04
4.54800E+00        3.07227995871E+04
4.55400E+00        3.06582325173E+04
4.56000E+00        3.05938623806E+04
4.56600E+00        3.05296884124E+04
4.57200E+00        3.04657098517E+04
4.57800E+00        3.04019259409E+04
4.58400E+00        3.03383359258E+04
4.59000E+00        3.02749390557E+04
4.59600E+00        3.02117345832E+04
4.60200E+00        3.01487217642E+04
4.60800E+00        3.00858998582E+04
4.61400E+00        3.00232681277E+04
4.62000E+00        2.99608258389E+04
4.62600E+00        2.98985722609E+04
4.63200E+00        2.98365066665E+04
4.63800E+00        2.97746283314E+04
4.64400E+00        2.97129365348E+04
4.65000E+00        2.96514305591E+04
4.65600E+00        2.95901096900E+04
4.66200E+00        2.95289732161E+04
4.66800E+00        2.94680204296E+04
4.67400E+00        2.94072506256E+04
4.68000E+00        2.93466631025E+04
4.68600E+00        2.92862571619E+04
4.69200E+00        2.92260321083E+04
4.69800E+00        2.91659872495E+04
4.70400E+00        2.91061218965E+04
4.71000E+00        2.90464353631E+04
4.71600E+00        2.89869269665E+04
4.72200E+00        2.89275960268E+04
4.72800E+00        2.88684418670E+04
4.73400E+00        2.88094638135E+04
4.74000E+00        2.87506611953E+04
4.74600E+00        2.86920333448E+04
4.75200E+00        2.86335795970E+04
4.75800E+00        2.85752992902E+04
4.76400E+00        2.85171917655E+04
4.77000E+00        2.84592563670E+04
4.77600E+00        2.84014924416E+04
4.78200E+00        2.83438993393E+04
4.78800E+00        2.82864764130E+04
4.79400E+00        2.82292230182E+04
4.80000E+00        2.81721385136E+04
4.80600E+00        2.81152222607E+04
4.81200E+00        2.80584736238E+04
4.81800E+00        2.80018919698E+04
4.82400E+00        2.79454766689E+04
4.83000E+00        2.78892270938E+04
4.83600E+00        2.78331426199E+04
4.84200E+00        2.77772226256E+04
4.84800E+00        2.77214664921E+04
4.85400E+00        2.76658736030E+04
4.86000E+00        2.76104433450E+04
4.86600E+00        2.75551751075E+04
4.87200E+00        2.75000682823E+04
4.87800E+00        2.74451222642E+04
4.88400E+00        2.73903364506E+04
4.89000E+00        2.73357102416E+04
4.89600E+00        2.72812430398E+04
4.90200E+00        2.72269342506E+04
4.90800E+00        2.71727832821E+04
4.91400E+00        2.71187895449E+04
4.92000E+00        2.70649524521E+04
4.92600E+00        2.70112714196E+04
4.93200E+00        2.69577458658E+04
4.93800E+00        2.69043752118E+04
4.94400E+00        2.68511588809E+04
4.95000E+00        2.67980962993E+04
4.95600E+00        2.67451868956E+04
4.96200E+00        2.66924301009E+04
4.96800E+00        2.66398253489E+04
4.97400E+00        2.65873720756E+04
4.98000E+00        2.65350697198E+04
4.98600E+00        2.64829177224E+04
4.99200E+00        2.64309155271E+04
4.99800E+00        2.63790625798E+04
5.00400E+00        2.63273583290E+04
5.01000E+00        2.62758022255E+04
5.01600E+00        2.62243937225E+04
5.02200E+00        2.61731322758E+04
5.02800E+00        2.61220173433E+04
5.03400E+00        2.60710483855E+04
5.04000E+00        2.60202248653E+04
5.04600E+00        2.59695462477E+04
5.05200E+00        2.59190120002E+04
5.05800E+00        2.58686215927E+04
5.06400E+00        2.58183744973E+04
5.07000E+00        2.57682701884E+04
5.07600E+00        2.57183081428E+04
5.08200E+00        2.56684878395E+04
5.08800E+00        2.56188087598E+04
5.09400E+00        2.55692703873E+04
5.10000E+00        2.55198722078E+04
5.10600E+00        2.54706137094E+04
5.11200E+00        2.54214943823E+04
5.11800E+00        2.53725137191E+04
5.12400E+00        2.53236712145E+04
5.13000E+00        2.52749663654E+04
5.13600E+00        2.52263986709E+04
5.14200E+00        2.51779676323E+04
5.14800E+00        2.51296727531E+04
5.15400E+00        2.50815135388E+04
5.16000E+00        2.50334894972E+04
5.16600E+00        2.49856001382E+04
5.17200E+00        2.49378449738E+04
5.17800E+00        2.48902235182E+04
5.18400E+00        2.48427352874E+04
5.19000E+00        2.47953798000E+04
5.19600E+00        2.47481565762E+04
5.20200E+00        2.47010651387E+04
5.20800E+00        2.46541050118E+04
5.21400E+00        2.46072757222E+04
5.22000E+00        2.45605767985E+04
5.22600E+00        2.45140077715E+04
5.23200E+00        2.44675681738E+04
5.23800E+00        2.44212575401E+04
5.24400E+00        2.43750754071E+04
5.25000E+00        2.43290213136E+04
5.25600E+00        2.42830948002E+04
5.26200E+00        2.42372954096E+04
5.26800E+00        2.41916226865E+04
5.27400E+00        2.41460761774E+04
5.28000E+00        2.41006554309E+04
5.28600E+00        2.40553599974E+04
5.29200E+00        2.40101894294E+04
5.29800E+00        2.39651432811E+04
5.30400E+00        2.39202211088E+04
5.31000E+00        2.38754224707E+04
5.31600E+00        2.38307469267E+04
5.32200E+00        2.37861940388E+04
5.32800E+00        2.37417633707E+04
5.33400E+00        2.36974544880E+04
5.34000E+00        2.36532669583E+04
5.34600E+00        2.36092003509E+04
5.35200E+00        2.35652542370E+04
5.35800E+00        2.35214281895E+04
5.36400E+00        2.34777217833E+04
5.37000E+00        2.34341345951E+04
5.37600E+00        2.33906662032E+04
5.38200E+00        2.33473161879E+04
5.38800E+00        2.33040841312E+04
5.39400E+00        2.32609696168E+04
5.40000E+00        2.32179722304E+04
5.40600E+00        2.31750915592E+04
5.41200E+00        2.31323271923E+04
5.41800E+00        2.30896787205E+04
5.42400E+00        2.30471457363E+04
5.43000E+00        2.30047278341E+04
5.43600E+00        2.29624246097E+04
5.44200E+00        2.29202356609E+04
5.44800E+00        2.28781605870E+04
5.45400E+00        2.28361989891E+04
5.46000E+00        2.27943504700E+04
5.46600E+00        2.27526146342E+04
5.47200E+00        2.27109910876E+04
5.47800E+00        2.26694794382E+04
5.48400E+00        2.26280792952E+04
5.49000E+00        2.25867902698E+04
5.49600E+00        2.25456119747E+04
5.50200E+00        2.25045440241E+04
5.50800E+00        2.24635860341E+04
5.51400E+00        2.24227376221E+04
5.52000E+00        2.23819984074E+04
5.52600E+00        2.23413680107E+04
5.53200E+00        2.23008460543E+04
5.53800E+00        2.22604321622E+04
5.54400E+00        2.22201259599E+04
5.55000E+00        2.21799270745E+04
5.55600E+00        2.21398351345E+04
5.56200E+00        2.20998497702E+04
5.56800E+00        2.20599706134E+04
5.57400E+00        2.20201972971E+04
5.58000E+00        2.19805294563E+04
5.58600E+00        2.19409667273E+04
