output_bb_noLD/Noodles_2021-02-26/SED_12.dat
# %ECSV 0.9
# ---
# datatype:
# - {name: wavelength, unit: micron, datatype: float64}
# - {name: flux, unit: microJansky, datatype: float64}
# schema: astropy-2.0
#
#
#  - - File generated by ExoNoodle - -
#         V1.0.0 - MML (CEA-Saclay)
#       2021-02-26 14:01:48.325215
wavelength flux 
[from data line 1730]
1.33800E+01        4.59742234064E+03
1.33860E+01        4.59356727052E+03
1.33920E+01        4.58971703557E+03
1.33980E+01        4.58587162771E+03
1.34040E+01        4.58203103892E+03
1.34100E+01        4.57819526116E+03
1.34160E+01        4.57436428642E+03
1.34220E+01        4.57053810671E+03
1.34280E+01        4.56671671404E+03
1.34340E+01        4.56290010046E+03
1.34400E+01        4.55908825802E+03
1.34460E+01        4.55528117880E+03
1.34520E+01        4.55147885487E+03
1.34580E+01        4.54768127835E+03
1.34640E+01        4.54388844135E+03
1.34700E+01        4.54010033602E+03
1.34760E+01        4.53631695450E+03
1.34820E+01        4.53253828897E+03
1.34880E+01        4.52876433160E+03
1.34940E+01        4.52499507461E+03
1.35000E+01        4.52123051021E+03
1.35060E+01        4.51747063063E+03
1.35120E+01        4.51371542812E+03
1.35180E+01        4.50996489495E+03
1.35240E+01        4.50621902340E+03
1.35300E+01        4.50247780577E+03
1.35360E+01        4.49874123437E+03
1.35420E+01        4.49500930154E+03
1.35480E+01        4.49128199960E+03
1.35540E+01        4.48755932094E+03
1.35600E+01        4.48384125792E+03
1.35660E+01        4.48012780293E+03
1.35720E+01        4.47641894839E+03
1.35780E+01        4.47271468671E+03
1.35840E+01        4.46901501034E+03
1.35900E+01        4.46531991173E+03
1.35960E+01        4.46162938334E+03
1.36020E+01        4.45794341768E+03
1.36080E+01        4.45426200723E+03
1.36140E+01        4.45058514451E+03
1.36200E+01        4.44691282205E+03
1.36260E+01        4.44324503241E+03
1.36320E+01        4.43958176813E+03
1.36380E+01        4.43592302181E+03
1.36440E+01        4.43226878603E+03
1.36500E+01        4.42861905339E+03
1.36560E+01        4.42497381653E+03
1.36620E+01        4.42133306808E+03
1.36680E+01        4.41769680068E+03
1.36740E+01        4.41406500702E+03
1.36800E+01        4.41043767977E+03
1.36860E+01        4.40681481163E+03
1.36920E+01        4.40319639531E+03
1.36980E+01        4.39958242354E+03
1.37040E+01        4.39597288906E+03
1.37100E+01        4.39236778463E+03
1.37160E+01        4.38876710302E+03
1.37220E+01        4.38517083701E+03
1.37280E+01        4.38157897941E+03
1.37340E+01        4.37799152304E+03
1.37400E+01        4.37440846071E+03
1.37460E+01        4.37082978528E+03
1.37520E+01        4.36725548961E+03
1.37580E+01        4.36368556657E+03
1.37640E+01        4.36012000904E+03
1.37700E+01        4.35655880994E+03
1.37760E+01        4.35300196217E+03
1.37820E+01        4.34944945867E+03
1.37880E+01        4.34590129238E+03
1.37940E+01        4.34235745627E+03
1.38000E+01        4.33881794330E+03
1.38060E+01        4.33528274648E+03
1.38120E+01        4.33175185879E+03
1.38180E+01        4.32822527325E+03
1.38240E+01        4.32470298290E+03
1.38300E+01        4.32118498078E+03
1.38360E+01        4.31767125995E+03
1.38420E+01        4.31416181349E+03
1.38480E+01        4.31065663447E+03
1.38540E+01        4.30715571600E+03
1.38600E+01        4.30365905119E+03
1.38660E+01        4.30016663318E+03
1.38720E+01        4.29667845510E+03
1.38780E+01        4.29319451012E+03
1.38840E+01        4.28971479139E+03
1.38900E+01        4.28623929211E+03
1.38960E+01        4.28276800547E+03
1.39020E+01        4.27930092468E+03
1.39080E+01        4.27583804298E+03
1.39140E+01        4.27237935358E+03
1.39200E+01        4.26892484976E+03
1.39260E+01        4.26547452476E+03
1.39320E+01        4.26202837188E+03
1.39380E+01        4.25858638440E+03
1.39440E+01        4.25514855563E+03
1.39500E+01        4.25171487889E+03
1.39560E+01        4.24828534751E+03
1.39620E+01        4.24485995484E+03
1.39680E+01        4.24143869423E+03
1.39740E+01        4.23802155906E+03
1.39800E+01        4.23460854272E+03
1.39860E+01        4.23119963860E+03
1.39920E+01        4.22779484011E+03
1.39980E+01        4.22439414069E+03
1.40040E+01        4.22099753376E+03
