TauREX/WASP43b_day_emission_exonoodle.txt
# %ECSV 0.9
# ---
# datatype:
# - {name: wavelength, unit: micron, datatype: float64, format: .3f}
# - {name: flux_ratio, datatype: float64, format: .3e}
# meta: !!omap
# - __serialized_columns__:
#     wavelength:
#       __class__: astropy.units.quantity.Quantity
#       __info__: {format: .3f}
#       unit: !astropy.units.Unit {unit: micron}
#       value: !astropy.table.SerializedColumn {name: wavelength}
# schema: astropy-2.0
wavelength flux_ratio
[from data line 39492]
3.594 3.173e-03
3.594 3.173e-03
3.594 3.173e-03
3.594 3.172e-03
3.593 3.172e-03
3.593 3.172e-03
3.593 3.172e-03
3.593 3.172e-03
3.592 3.171e-03
3.592 3.171e-03
3.592 3.171e-03
3.592 3.171e-03
3.591 3.171e-03
3.591 3.170e-03
3.591 3.170e-03
3.591 3.170e-03
3.590 3.170e-03
3.590 3.170e-03
3.590 3.169e-03
3.590 3.169e-03
3.589 3.169e-03
3.589 3.169e-03
3.589 3.169e-03
3.589 3.168e-03
3.589 3.168e-03
3.588 3.168e-03
3.588 3.168e-03
3.588 3.168e-03
3.588 3.167e-03
3.587 3.167e-03
3.587 3.167e-03
3.587 3.167e-03
3.587 3.167e-03
3.586 3.166e-03
3.586 3.166e-03
3.586 3.166e-03
3.586 3.166e-03
3.585 3.166e-03
3.585 3.165e-03
3.585 3.165e-03
3.585 3.165e-03
3.584 3.165e-03
3.584 3.164e-03
3.584 3.164e-03
3.584 3.164e-03
3.584 3.164e-03
3.583 3.164e-03
3.583 3.163e-03
3.583 3.163e-03
3.583 3.163e-03
3.582 3.163e-03
3.582 3.163e-03
3.582 3.162e-03
3.582 3.162e-03
3.581 3.162e-03
3.581 3.162e-03
3.581 3.162e-03
3.581 3.161e-03
3.580 3.161e-03
3.580 3.161e-03
3.580 3.161e-03
3.580 3.161e-03
3.579 3.160e-03
3.579 3.160e-03
3.579 3.160e-03
3.579 3.160e-03
3.579 3.160e-03
3.578 3.159e-03
3.578 3.159e-03
3.578 3.159e-03
3.578 3.159e-03
3.577 3.159e-03
3.577 3.158e-03
3.577 3.158e-03
3.577 3.158e-03
3.576 3.158e-03
3.576 3.157e-03
3.576 3.157e-03
3.576 3.157e-03
3.575 3.157e-03
3.575 3.157e-03
3.575 3.156e-03
3.575 3.156e-03
3.574 3.156e-03
3.574 3.156e-03
3.574 3.156e-03
3.574 3.155e-03
3.573 3.155e-03
3.573 3.155e-03
3.573 3.155e-03
3.573 3.155e-03
3.573 3.154e-03
3.572 3.154e-03
3.572 3.154e-03
3.572 3.154e-03
3.572 3.154e-03
3.571 3.153e-03
3.571 3.153e-03
3.571 3.153e-03
3.571 3.153e-03
3.570 3.152e-03
3.570 3.152e-03
3.570 3.152e-03
3.570 3.152e-03
3.569 3.152e-03
3.569 3.151e-03
3.569 3.151e-03
3.569 3.151e-03
3.568 3.151e-03
3.568 3.151e-03
3.568 3.150e-03
3.568 3.150e-03
3.568 3.150e-03
3.567 3.150e-03
3.567 3.150e-03
3.567 3.149e-03
3.567 3.149e-03
3.566 3.149e-03
3.566 3.149e-03
3.566 3.149e-03
3.566 3.148e-03
3.565 3.148e-03
3.565 3.148e-03
3.565 3.148e-03
3.565 3.148e-03
3.564 3.147e-03
3.564 3.147e-03
3.564 3.147e-03
3.564 3.147e-03
3.564 3.146e-03
3.563 3.146e-03
3.563 3.146e-03
3.563 3.146e-03
3.563 3.146e-03
3.562 3.145e-03
3.562 3.145e-03
3.562 3.145e-03
3.562 3.145e-03
3.561 3.145e-03
3.561 3.144e-03
3.561 3.144e-03
3.561 3.144e-03
3.560 3.144e-03
3.560 3.144e-03
3.560 3.143e-03
3.560 3.143e-03
3.559 3.143e-03
3.559 3.143e-03
3.559 3.143e-03
3.559 3.142e-03
3.559 3.142e-03
3.558 3.142e-03
3.558 3.142e-03
3.558 3.141e-03
3.558 3.141e-03
3.557 3.141e-03
3.557 3.141e-03
3.557 3.141e-03
3.557 3.140e-03
3.556 3.140e-03
3.556 3.140e-03
3.556 3.140e-03
3.556 3.140e-03
3.555 3.139e-03
3.555 3.139e-03
3.555 3.139e-03
3.555 3.139e-03
3.554 3.139e-03
3.554 3.138e-03
3.554 3.138e-03
3.554 3.138e-03
3.554 3.138e-03
3.553 3.138e-03
3.553 3.137e-03
3.553 3.137e-03
3.553 3.137e-03
3.552 3.137e-03
3.552 3.136e-03
3.552 3.136e-03
3.552 3.136e-03
3.551 3.136e-03
3.551 3.136e-03
3.551 3.135e-03
3.551 3.135e-03
3.550 3.135e-03
3.550 3.135e-03
3.550 3.135e-03
3.550 3.134e-03
3.550 3.134e-03
3.549 3.134e-03
3.549 3.134e-03
3.549 3.134e-03
3.549 3.133e-03
3.548 3.133e-03
3.548 3.133e-03
3.548 3.133e-03
3.548 3.132e-03
3.547 3.132e-03
3.547 3.132e-03
3.547 3.132e-03
3.547 3.132e-03
3.546 3.131e-03
3.546 3.131e-03
3.546 3.131e-03
3.546 3.131e-03
3.545 3.131e-03
3.545 3.130e-03
3.545 3.130e-03
3.545 3.130e-03
3.545 3.130e-03
3.544 3.130e-03
3.544 3.129e-03
3.544 3.129e-03
3.544 3.129e-03
3.543 3.129e-03
3.543 3.128e-03
3.543 3.128e-03
3.543 3.128e-03
3.542 3.128e-03
3.542 3.128e-03
3.542 3.127e-03
3.542 3.127e-03
3.541 3.127e-03
3.541 3.127e-03
3.541 3.127e-03
3.541 3.126e-03
3.541 3.126e-03
3.540 3.126e-03
3.540 3.126e-03
3.540 3.126e-03
3.540 3.125e-03
3.539 3.125e-03
3.539 3.125e-03
3.539 3.125e-03
3.539 3.124e-03
3.538 3.124e-03
3.538 3.124e-03
3.538 3.124e-03
3.538 3.124e-03
3.537 3.123e-03
3.537 3.123e-03
3.537 3.123e-03
3.537 3.123e-03
3.537 3.123e-03
3.536 3.122e-03
3.536 3.122e-03
3.536 3.122e-03
3.536 3.122e-03
3.535 3.122e-03
3.535 3.121e-03
3.535 3.121e-03
3.535 3.121e-03
3.534 3.121e-03
3.534 3.120e-03
3.534 3.120e-03
3.534 3.120e-03
3.533 3.120e-03
3.533 3.120e-03
3.533 3.119e-03
3.533 3.119e-03
3.533 3.119e-03
3.532 3.119e-03
3.532 3.119e-03
3.532 3.118e-03
3.532 3.118e-03
3.531 3.118e-03
3.531 3.118e-03
3.531 3.118e-03
3.531 3.117e-03
3.530 3.117e-03
3.530 3.117e-03
3.530 3.117e-03
3.530 3.116e-03
3.529 3.116e-03
3.529 3.116e-03
3.529 3.116e-03
3.529 3.116e-03
3.529 3.115e-03
3.528 3.115e-03
3.528 3.115e-03
3.528 3.115e-03
3.528 3.115e-03
3.527 3.114e-03
3.527 3.114e-03
3.527 3.114e-03
3.527 3.114e-03
3.526 3.114e-03
3.526 3.113e-03
3.526 3.113e-03
3.526 3.113e-03
3.525 3.113e-03
3.525 3.112e-03
3.525 3.112e-03
3.525 3.112e-03
3.525 3.112e-03
3.524 3.112e-03
3.524 3.111e-03
3.524 3.111e-03
3.524 3.111e-03
3.523 3.111e-03
3.523 3.111e-03
3.523 3.110e-03
3.523 3.110e-03
3.522 3.110e-03
3.522 3.110e-03
3.522 3.109e-03
3.522 3.109e-03
3.521 3.109e-03
3.521 3.109e-03
3.521 3.109e-03
3.521 3.108e-03
3.521 3.108e-03
3.520 3.108e-03
3.520 3.108e-03
3.520 3.108e-03
3.520 3.107e-03
3.519 3.107e-03
3.519 3.107e-03
3.519 3.107e-03
3.519 3.106e-03
3.518 3.106e-03
3.518 3.106e-03
3.518 3.106e-03
3.518 3.106e-03
3.517 3.105e-03
3.517 3.105e-03
3.517 3.105e-03
3.517 3.105e-03
3.517 3.105e-03
3.516 3.104e-03
3.516 3.104e-03
3.516 3.104e-03
3.516 3.104e-03
3.515 3.103e-03
3.515 3.103e-03
3.515 3.103e-03
3.515 3.103e-03
3.514 3.103e-03
3.514 3.102e-03
3.514 3.102e-03
3.514 3.102e-03
3.513 3.102e-03
3.513 3.102e-03
3.513 3.101e-03
3.513 3.101e-03
3.513 3.101e-03
3.512 3.101e-03
3.512 3.101e-03
3.512 3.100e-03
3.512 3.100e-03
3.511 3.100e-03
3.511 3.100e-03
3.511 3.099e-03
3.511 3.099e-03
3.510 3.099e-03
3.510 3.099e-03
3.510 3.099e-03
3.510 3.098e-03
3.510 3.098e-03
3.509 3.098e-03
3.509 3.098e-03
3.509 3.097e-03
3.509 3.097e-03
3.508 3.097e-03
3.508 3.097e-03
3.508 3.097e-03
3.508 3.096e-03
3.507 3.096e-03
3.507 3.096e-03
3.507 3.096e-03
3.507 3.096e-03
3.506 3.095e-03
3.506 3.095e-03
3.506 3.095e-03
3.506 3.095e-03
3.506 3.095e-03
3.505 3.094e-03
3.505 3.094e-03
3.505 3.094e-03
3.505 3.094e-03
3.504 3.093e-03
3.504 3.093e-03
3.504 3.093e-03
3.504 3.093e-03
3.503 3.093e-03
3.503 3.092e-03
3.503 3.092e-03
3.503 3.092e-03
3.503 3.092e-03
3.502 3.092e-03
3.502 3.091e-03
3.502 3.091e-03
3.502 3.091e-03
3.501 3.091e-03
3.501 3.090e-03
3.501 3.090e-03
3.501 3.090e-03
3.500 3.090e-03
3.500 3.090e-03
3.500 3.089e-03
3.500 3.089e-03
3.499 3.089e-03
3.499 3.089e-03
3.499 3.089e-03
3.499 3.088e-03
3.499 3.088e-03
3.498 3.088e-03
3.498 3.088e-03
3.498 3.087e-03
3.498 3.087e-03
3.497 3.087e-03
3.497 3.087e-03
3.497 3.087e-03
3.497 3.086e-03
3.496 3.086e-03
3.496 3.086e-03
3.496 3.086e-03
3.496 3.085e-03
3.496 3.085e-03
3.495 3.085e-03
3.495 3.085e-03
3.495 3.085e-03
3.495 3.084e-03
3.494 3.084e-03
3.494 3.084e-03
3.494 3.084e-03
3.494 3.084e-03
3.493 3.083e-03
3.493 3.083e-03
3.493 3.083e-03
3.493 3.083e-03
3.492 3.082e-03
3.492 3.082e-03
3.492 3.082e-03
3.492 3.082e-03
3.492 3.082e-03
3.491 3.081e-03
3.491 3.081e-03
3.491 3.081e-03
3.491 3.081e-03
3.490 3.081e-03
3.490 3.080e-03
3.490 3.080e-03
3.490 3.080e-03
3.489 3.080e-03
3.489 3.079e-03
3.489 3.079e-03
3.489 3.079e-03
3.489 3.079e-03
3.488 3.079e-03
3.488 3.078e-03
3.488 3.078e-03
3.488 3.078e-03
3.487 3.078e-03
3.487 3.077e-03
3.487 3.077e-03
3.487 3.077e-03
3.486 3.077e-03
3.486 3.077e-03
3.486 3.076e-03
3.486 3.076e-03
3.486 3.076e-03
3.485 3.076e-03
3.485 3.076e-03
3.485 3.075e-03
3.485 3.075e-03
3.484 3.075e-03
3.484 3.075e-03
3.484 3.074e-03
3.484 3.074e-03
3.483 3.074e-03
3.483 3.074e-03
3.483 3.074e-03
3.483 3.073e-03
3.482 3.073e-03
3.482 3.073e-03
3.482 3.073e-03
3.482 3.072e-03
3.482 3.072e-03
3.481 3.072e-03
3.481 3.072e-03
3.481 3.072e-03
3.481 3.071e-03
3.480 3.071e-03
3.480 3.071e-03
3.480 3.071e-03
3.480 3.071e-03
3.479 3.070e-03
3.479 3.070e-03
3.479 3.070e-03
3.479 3.070e-03
3.479 3.069e-03
3.478 3.069e-03
3.478 3.069e-03
3.478 3.069e-03
3.478 3.069e-03
3.477 3.068e-03
3.477 3.068e-03
3.477 3.068e-03
3.477 3.068e-03
3.476 3.067e-03
3.476 3.067e-03
3.476 3.067e-03
3.476 3.067e-03
3.476 3.067e-03
3.475 3.066e-03
3.475 3.066e-03
3.475 3.066e-03
3.475 3.066e-03
3.474 3.066e-03
3.474 3.065e-03
3.474 3.065e-03
3.474 3.065e-03
3.473 3.065e-03
3.473 3.064e-03
3.473 3.064e-03
3.473 3.064e-03
3.473 3.064e-03
3.472 3.064e-03
3.472 3.063e-03
3.472 3.063e-03
3.472 3.063e-03
3.471 3.063e-03
3.471 3.062e-03
3.471 3.062e-03
3.471 3.062e-03
3.470 3.062e-03
3.470 3.062e-03
3.470 3.061e-03
3.470 3.061e-03
3.470 3.061e-03
3.469 3.061e-03
3.469 3.061e-03
3.469 3.060e-03
3.469 3.060e-03
3.468 3.060e-03
3.468 3.060e-03
3.468 3.059e-03
3.468 3.059e-03
3.467 3.059e-03
3.467 3.059e-03
3.467 3.059e-03
3.467 3.058e-03
3.467 3.058e-03
3.466 3.058e-03
3.466 3.058e-03
3.466 3.057e-03
3.466 3.057e-03
3.465 3.057e-03
3.465 3.057e-03
3.465 3.057e-03
3.465 3.056e-03
3.464 3.056e-03
3.464 3.056e-03
3.464 3.056e-03
3.464 3.055e-03
3.463 3.055e-03
3.463 3.055e-03
3.463 3.055e-03
3.463 3.055e-03
3.463 3.054e-03
3.462 3.054e-03
3.462 3.054e-03
3.462 3.054e-03
3.462 3.054e-03
3.461 3.053e-03
3.461 3.053e-03
3.461 3.053e-03
3.461 3.053e-03
3.460 3.052e-03
3.460 3.052e-03
3.460 3.052e-03
3.460 3.052e-03
3.460 3.052e-03
3.459 3.051e-03
3.459 3.051e-03
3.459 3.051e-03
3.459 3.051e-03
3.458 3.050e-03
3.458 3.050e-03
3.458 3.050e-03
3.458 3.050e-03
3.457 3.050e-03
3.457 3.049e-03
3.457 3.049e-03
3.457 3.049e-03
3.457 3.049e-03
3.456 3.048e-03
3.456 3.048e-03
3.456 3.048e-03
3.456 3.048e-03
3.455 3.048e-03
3.455 3.047e-03
3.455 3.047e-03
3.455 3.047e-03
3.455 3.047e-03
3.454 3.046e-03
3.454 3.046e-03
3.454 3.046e-03
3.454 3.046e-03
3.453 3.046e-03
3.453 3.045e-03
3.453 3.045e-03
3.453 3.045e-03
3.452 3.045e-03
3.452 3.044e-03
3.452 3.044e-03
3.452 3.044e-03
3.452 3.044e-03
3.451 3.044e-03
3.451 3.043e-03
3.451 3.043e-03
3.451 3.043e-03
3.450 3.043e-03
3.450 3.043e-03
3.450 3.042e-03
3.450 3.042e-03
3.449 3.042e-03
3.449 3.042e-03
3.449 3.041e-03
3.449 3.041e-03
3.449 3.041e-03
3.448 3.041e-03
3.448 3.041e-03
3.448 3.040e-03
3.448 3.040e-03
3.447 3.040e-03
3.447 3.040e-03
3.447 3.039e-03
3.447 3.039e-03
3.446 3.039e-03
3.446 3.039e-03
3.446 3.039e-03
3.446 3.038e-03
3.446 3.038e-03
3.445 3.038e-03
3.445 3.038e-03
3.445 3.037e-03
3.445 3.037e-03
3.444 3.037e-03
3.444 3.037e-03
3.444 3.037e-03
3.444 3.036e-03
3.443 3.036e-03
3.443 3.036e-03
3.443 3.036e-03
3.443 3.035e-03
3.443 3.035e-03
3.442 3.035e-03
3.442 3.035e-03
3.442 3.035e-03
3.442 3.034e-03
3.441 3.034e-03
3.441 3.034e-03
3.441 3.034e-03
3.441 3.033e-03
3.440 3.033e-03
3.440 3.033e-03
3.440 3.033e-03
3.440 3.033e-03
3.440 3.032e-03
3.439 3.032e-03
3.439 3.032e-03
3.439 3.032e-03
3.439 3.031e-03
3.438 3.031e-03
3.438 3.031e-03
3.438 3.031e-03
3.438 3.031e-03
3.438 3.030e-03
3.437 3.030e-03
3.437 3.030e-03
3.437 3.030e-03
3.437 3.029e-03
3.436 3.029e-03
3.436 3.029e-03
3.436 3.029e-03
3.436 3.029e-03
3.435 3.028e-03
3.435 3.028e-03
3.435 3.028e-03
3.435 3.028e-03
3.435 3.027e-03
3.434 3.027e-03
3.434 3.027e-03
3.434 3.027e-03
3.434 3.027e-03
3.433 3.026e-03
3.433 3.026e-03
3.433 3.026e-03
3.433 3.026e-03
3.432 3.025e-03
3.432 3.025e-03
3.432 3.025e-03
3.432 3.025e-03
3.432 3.025e-03
3.431 3.024e-03
3.431 3.024e-03
3.431 3.024e-03
3.431 3.024e-03
3.430 3.023e-03
3.430 3.023e-03
3.430 3.023e-03
3.430 3.023e-03
3.429 3.023e-03
3.429 3.022e-03
3.429 3.022e-03
3.429 3.022e-03
3.429 3.022e-03
3.428 3.021e-03
3.428 3.021e-03
3.428 3.021e-03
3.428 3.021e-03
3.427 3.021e-03
3.427 3.020e-03
3.427 3.020e-03
3.427 3.020e-03
3.427 3.020e-03
3.426 3.019e-03
3.426 3.019e-03
3.426 3.019e-03
3.426 3.019e-03
3.425 3.019e-03
3.425 3.018e-03
3.425 3.018e-03
3.425 3.018e-03
3.424 3.018e-03
3.424 3.017e-03
3.424 3.017e-03
3.424 3.017e-03
3.424 3.017e-03
3.423 3.016e-03
3.423 3.016e-03
3.423 3.016e-03
3.423 3.016e-03
3.422 3.016e-03
3.422 3.015e-03
3.422 3.015e-03
3.422 3.015e-03
3.422 3.015e-03
3.421 3.014e-03
3.421 3.014e-03
3.421 3.014e-03
3.421 3.014e-03
3.420 3.014e-03
3.420 3.013e-03
3.420 3.013e-03
3.420 3.013e-03
3.419 3.013e-03
3.419 3.012e-03
3.419 3.012e-03
3.419 3.012e-03
3.419 3.012e-03
3.418 3.012e-03
3.418 3.011e-03
3.418 3.011e-03
3.418 3.011e-03
3.417 3.011e-03
3.417 3.010e-03
3.417 3.010e-03
3.417 3.010e-03
3.416 3.010e-03
3.416 3.010e-03
3.416 3.009e-03
3.416 3.009e-03
3.416 3.009e-03
3.415 3.009e-03
3.415 3.008e-03
3.415 3.008e-03
3.415 3.008e-03
3.414 3.008e-03
3.414 3.008e-03
3.414 3.007e-03
3.414 3.007e-03
3.414 3.007e-03
3.413 3.007e-03
3.413 3.006e-03
3.413 3.006e-03
3.413 3.006e-03
3.412 3.006e-03
3.412 3.005e-03
3.412 3.005e-03
3.412 3.005e-03
3.411 3.005e-03
3.411 3.005e-03
3.411 3.004e-03
3.411 3.004e-03
3.411 3.004e-03
3.410 3.004e-03
3.410 3.003e-03
3.410 3.003e-03
3.410 3.003e-03
3.409 3.003e-03
3.409 3.003e-03
3.409 3.002e-03
3.409 3.002e-03
3.409 3.002e-03
3.408 3.002e-03
3.408 3.001e-03
3.408 3.001e-03
3.408 3.001e-03
3.407 3.001e-03
3.407 3.001e-03
3.407 3.000e-03
3.407 3.000e-03
3.406 3.000e-03
3.406 3.000e-03
3.406 2.999e-03
3.406 2.999e-03
3.406 2.999e-03
3.405 2.999e-03
3.405 2.998e-03
3.405 2.998e-03
3.405 2.998e-03
3.404 2.998e-03
3.404 2.998e-03
3.404 2.997e-03
3.404 2.997e-03
3.404 2.997e-03
3.403 2.997e-03
3.403 2.996e-03
3.403 2.996e-03
3.403 2.996e-03
3.402 2.996e-03
3.402 2.996e-03
3.402 2.995e-03
3.402 2.995e-03
3.401 2.995e-03
3.401 2.995e-03
3.401 2.994e-03
3.401 2.994e-03
3.401 2.994e-03
3.400 2.994e-03
3.400 2.994e-03
3.400 2.993e-03
3.400 2.993e-03
3.399 2.993e-03
3.399 2.993e-03
3.399 2.992e-03
3.399 2.992e-03
3.399 2.992e-03
3.398 2.992e-03
3.398 2.991e-03
3.398 2.991e-03
3.398 2.991e-03
3.397 2.991e-03
3.397 2.991e-03
3.397 2.990e-03
3.397 2.990e-03
3.397 2.990e-03
3.396 2.990e-03
3.396 2.989e-03
3.396 2.989e-03
3.396 2.989e-03
3.395 2.989e-03
3.395 2.989e-03
3.395 2.988e-03
3.395 2.988e-03
3.394 2.988e-03
3.394 2.988e-03
3.394 2.987e-03
3.394 2.987e-03
3.394 2.987e-03
3.393 2.987e-03
3.393 2.986e-03
3.393 2.986e-03
3.393 2.986e-03
3.392 2.986e-03
3.392 2.986e-03
3.392 2.985e-03
3.392 2.985e-03
3.392 2.985e-03
3.391 2.985e-03
3.391 2.984e-03
3.391 2.984e-03
3.391 2.984e-03
3.390 2.984e-03
3.390 2.984e-03
3.390 2.983e-03
3.390 2.983e-03
3.389 2.983e-03
3.389 2.983e-03
3.389 2.982e-03
3.389 2.982e-03
3.389 2.982e-03
3.388 2.982e-03
3.388 2.981e-03
3.388 2.981e-03
3.388 2.981e-03
3.387 2.981e-03
3.387 2.981e-03
3.387 2.980e-03
3.387 2.980e-03
3.387 2.980e-03
3.386 2.980e-03
3.386 2.979e-03
3.386 2.979e-03
3.386 2.979e-03
3.385 2.979e-03
3.385 2.979e-03
3.385 2.978e-03
3.385 2.978e-03
3.385 2.978e-03
3.384 2.978e-03
3.384 2.977e-03
3.384 2.977e-03
3.384 2.977e-03
3.383 2.977e-03
3.383 2.976e-03
3.383 2.976e-03
3.383 2.976e-03
3.382 2.976e-03
3.382 2.976e-03
3.382 2.975e-03
3.382 2.975e-03
3.382 2.975e-03
3.381 2.975e-03
3.381 2.974e-03
3.381 2.974e-03
3.381 2.974e-03
3.380 2.974e-03
3.380 2.973e-03
3.380 2.973e-03
3.380 2.973e-03
3.380 2.973e-03
3.379 2.973e-03
3.379 2.972e-03
3.379 2.972e-03
3.379 2.972e-03
3.378 2.972e-03
3.378 2.971e-03
3.378 2.971e-03
3.378 2.971e-03
3.378 2.971e-03
3.377 2.970e-03
3.377 2.970e-03
3.377 2.970e-03
3.377 2.970e-03
3.376 2.970e-03
3.376 2.969e-03
3.376 2.969e-03
3.376 2.969e-03
3.376 2.969e-03
3.375 2.968e-03
3.375 2.968e-03
3.375 2.968e-03
3.375 2.968e-03
3.374 2.968e-03
3.374 2.967e-03
3.374 2.967e-03
3.374 2.967e-03
3.373 2.967e-03
3.373 2.966e-03
3.373 2.966e-03
3.373 2.966e-03
3.373 2.966e-03
3.372 2.965e-03
3.372 2.965e-03
3.372 2.965e-03
3.372 2.965e-03
3.371 2.965e-03
3.371 2.964e-03
3.371 2.964e-03
3.371 2.964e-03
3.371 2.964e-03
3.370 2.963e-03
3.370 2.963e-03
3.370 2.963e-03
3.370 2.963e-03
3.369 2.962e-03
3.369 2.962e-03
3.369 2.962e-03
3.369 2.962e-03
3.369 2.962e-03
3.368 2.961e-03
3.368 2.961e-03
3.368 2.961e-03
3.368 2.961e-03
3.367 2.960e-03
3.367 2.960e-03
3.367 2.960e-03
3.367 2.960e-03
3.367 2.960e-03
3.366 2.959e-03
3.366 2.959e-03
3.366 2.959e-03
3.366 2.959e-03
3.365 2.958e-03
3.365 2.958e-03
3.365 2.958e-03
3.365 2.958e-03
3.365 2.957e-03
3.364 2.957e-03
3.364 2.957e-03
3.364 2.957e-03
3.364 2.956e-03
3.363 2.956e-03
3.363 2.956e-03
3.363 2.956e-03
