TauREX/WASP43b_day_emission_exonoodle.txt
# %ECSV 0.9
# ---
# datatype:
# - {name: wavelength, unit: micron, datatype: float64, format: .3f}
# - {name: flux_ratio, datatype: float64, format: .3e}
# meta: !!omap
# - __serialized_columns__:
#     wavelength:
#       __class__: astropy.units.quantity.Quantity
#       __info__: {format: .3f}
#       unit: !astropy.units.Unit {unit: micron}
#       value: !astropy.table.SerializedColumn {name: wavelength}
# schema: astropy-2.0
wavelength flux_ratio
[from data line 67492]
0.556 3.336e-06
0.556 3.334e-06
0.556 3.331e-06
0.556 3.329e-06
0.556 3.327e-06
0.556 3.325e-06
0.556 3.323e-06
0.556 3.321e-06
0.556 3.319e-06
0.556 3.317e-06
0.555 3.315e-06
0.555 3.313e-06
0.555 3.310e-06
0.555 3.308e-06
0.555 3.306e-06
0.555 3.304e-06
0.555 3.302e-06
0.555 3.300e-06
0.555 3.298e-06
0.555 3.296e-06
0.555 3.294e-06
0.555 3.292e-06
0.555 3.290e-06
0.555 3.287e-06
0.555 3.285e-06
0.555 3.283e-06
0.555 3.281e-06
0.555 3.279e-06
0.555 3.277e-06
0.555 3.275e-06
0.555 3.273e-06
0.555 3.271e-06
0.555 3.269e-06
0.555 3.267e-06
0.555 3.265e-06
0.555 3.263e-06
0.555 3.261e-06
0.554 3.258e-06
0.554 3.256e-06
0.554 3.254e-06
0.554 3.252e-06
0.554 3.250e-06
0.554 3.248e-06
0.554 3.246e-06
0.554 3.244e-06
0.554 3.242e-06
0.554 3.240e-06
0.554 3.238e-06
0.554 3.236e-06
0.554 3.234e-06
0.554 3.232e-06
0.554 3.230e-06
0.554 3.228e-06
0.554 3.226e-06
0.554 3.224e-06
0.554 3.221e-06
0.554 3.219e-06
0.554 3.217e-06
0.554 3.215e-06
0.554 3.213e-06
0.554 3.211e-06
0.554 3.209e-06
0.554 3.207e-06
0.554 3.205e-06
0.553 3.203e-06
0.553 3.201e-06
0.553 3.199e-06
0.553 3.197e-06
0.553 3.195e-06
0.553 3.193e-06
0.553 3.191e-06
0.553 3.189e-06
0.553 3.187e-06
0.553 3.185e-06
0.553 3.183e-06
0.553 3.181e-06
0.553 3.179e-06
0.553 3.177e-06
0.553 3.175e-06
0.553 3.173e-06
0.553 3.171e-06
0.553 3.169e-06
0.553 3.167e-06
0.553 3.165e-06
0.553 3.163e-06
0.553 3.161e-06
0.553 3.159e-06
0.553 3.157e-06
0.553 3.155e-06
0.553 3.153e-06
0.553 3.151e-06
0.552 3.149e-06
0.552 3.147e-06
0.552 3.145e-06
0.552 3.143e-06
0.552 3.141e-06
0.552 3.139e-06
0.552 3.137e-06
0.552 3.135e-06
0.552 3.133e-06
0.552 3.131e-06
0.552 3.129e-06
0.552 3.127e-06
0.552 3.125e-06
0.552 3.123e-06
0.552 3.121e-06
0.552 3.119e-06
0.552 3.117e-06
0.552 3.115e-06
0.552 3.113e-06
0.552 3.111e-06
0.552 3.109e-06
0.552 3.107e-06
0.552 3.105e-06
0.552 3.103e-06
0.552 3.101e-06
0.552 3.099e-06
0.552 3.097e-06
0.551 3.095e-06
0.551 3.093e-06
0.551 3.091e-06
0.551 3.089e-06
0.551 3.087e-06
0.551 3.085e-06
0.551 3.083e-06
0.551 3.081e-06
0.551 3.079e-06
0.551 3.077e-06
0.551 3.075e-06
0.551 3.073e-06
0.551 3.071e-06
0.551 3.069e-06
0.551 3.067e-06
0.551 3.065e-06
0.551 3.063e-06
0.551 3.061e-06
0.551 3.060e-06
0.551 3.058e-06
0.551 3.056e-06
0.551 3.054e-06
0.551 3.052e-06
0.551 3.050e-06
0.551 3.048e-06
0.551 3.046e-06
0.551 3.044e-06
0.551 3.042e-06
0.550 3.040e-06
0.550 3.038e-06
0.550 3.036e-06
0.550 3.034e-06
0.550 3.032e-06
0.550 3.030e-06
0.550 3.028e-06
0.550 3.026e-06
0.550 3.024e-06
0.550 3.023e-06
0.550 3.021e-06
0.550 3.019e-06
0.550 3.017e-06
0.550 3.015e-06
0.550 3.013e-06
0.550 3.011e-06
0.550 3.009e-06
0.550 3.007e-06
0.550 3.005e-06
0.550 3.003e-06
0.550 3.001e-06
0.550 2.999e-06
0.550 2.997e-06
0.550 2.996e-06
0.550 2.994e-06
0.550 2.992e-06
0.550 2.990e-06
0.549 2.988e-06
0.549 2.986e-06
0.549 2.984e-06
0.549 2.982e-06
0.549 2.980e-06
0.549 2.978e-06
0.549 2.976e-06
0.549 2.975e-06
0.549 2.973e-06
0.549 2.971e-06
0.549 2.969e-06
0.549 2.967e-06
0.549 2.965e-06
0.549 2.963e-06
0.549 2.961e-06
0.549 2.959e-06
0.549 2.957e-06
0.549 2.955e-06
0.549 2.954e-06
0.549 2.952e-06
0.549 2.950e-06
0.549 2.948e-06
0.549 2.946e-06
0.549 2.944e-06
0.549 2.942e-06
0.549 2.940e-06
0.549 2.938e-06
0.548 2.937e-06
0.548 2.935e-06
0.548 2.933e-06
0.548 2.931e-06
0.548 2.929e-06
0.548 2.927e-06
0.548 2.925e-06
0.548 2.923e-06
0.548 2.921e-06
0.548 2.920e-06
0.548 2.918e-06
0.548 2.916e-06
0.548 2.914e-06
0.548 2.912e-06
0.548 2.910e-06
0.548 2.908e-06
0.548 2.906e-06
0.548 2.905e-06
0.548 2.903e-06
0.548 2.901e-06
0.548 2.899e-06
0.548 2.897e-06
0.548 2.895e-06
0.548 2.893e-06
0.548 2.892e-06
0.548 2.890e-06
0.548 2.888e-06
0.547 2.886e-06
0.547 2.884e-06
0.547 2.882e-06
0.547 2.880e-06
0.547 2.879e-06
0.547 2.877e-06
0.547 2.875e-06
0.547 2.873e-06
0.547 2.871e-06
0.547 2.869e-06
0.547 2.867e-06
0.547 2.866e-06
0.547 2.864e-06
0.547 2.862e-06
0.547 2.860e-06
0.547 2.858e-06
0.547 2.856e-06
0.547 2.855e-06
0.547 2.853e-06
0.547 2.851e-06
0.547 2.849e-06
0.547 2.847e-06
0.547 2.845e-06
0.547 2.843e-06
0.547 2.842e-06
0.547 2.840e-06
0.547 2.838e-06
0.547 2.836e-06
0.546 2.834e-06
0.546 2.832e-06
0.546 2.831e-06
0.546 2.829e-06
0.546 2.827e-06
0.546 2.825e-06
0.546 2.823e-06
0.546 2.822e-06
0.546 2.820e-06
0.546 2.818e-06
0.546 2.816e-06
0.546 2.814e-06
0.546 2.812e-06
0.546 2.811e-06
0.546 2.809e-06
0.546 2.807e-06
0.546 2.805e-06
0.546 2.803e-06
0.546 2.802e-06
0.546 2.800e-06
0.546 2.798e-06
0.546 2.796e-06
0.546 2.794e-06
0.546 2.792e-06
0.546 2.791e-06
0.546 2.789e-06
0.546 2.787e-06
0.545 2.785e-06
0.545 2.783e-06
0.545 2.782e-06
0.545 2.780e-06
0.545 2.778e-06
0.545 2.776e-06
0.545 2.774e-06
0.545 2.773e-06
0.545 2.771e-06
0.545 2.769e-06
0.545 2.767e-06
0.545 2.765e-06
0.545 2.764e-06
0.545 2.762e-06
0.545 2.760e-06
0.545 2.758e-06
0.545 2.757e-06
0.545 2.755e-06
0.545 2.753e-06
0.545 2.751e-06
0.545 2.749e-06
0.545 2.748e-06
0.545 2.746e-06
0.545 2.744e-06
0.545 2.742e-06
0.545 2.740e-06
0.545 2.739e-06
0.545 2.737e-06
0.544 2.735e-06
0.544 2.733e-06
0.544 2.732e-06
0.544 2.730e-06
0.544 2.728e-06
0.544 2.726e-06
0.544 2.725e-06
0.544 2.723e-06
0.544 2.721e-06
0.544 2.719e-06
0.544 2.717e-06
0.544 2.716e-06
0.544 2.714e-06
0.544 2.712e-06
0.544 2.710e-06
0.544 2.709e-06
0.544 2.707e-06
0.544 2.705e-06
0.544 2.703e-06
0.544 2.702e-06
0.544 2.700e-06
0.544 2.698e-06
0.544 2.696e-06
0.544 2.695e-06
0.544 2.693e-06
0.544 2.691e-06
0.544 2.689e-06
0.543 2.688e-06
0.543 2.686e-06
0.543 2.684e-06
0.543 2.682e-06
0.543 2.681e-06
0.543 2.679e-06
0.543 2.677e-06
0.543 2.675e-06
0.543 2.674e-06
0.543 2.672e-06
0.543 2.670e-06
0.543 2.668e-06
0.543 2.667e-06
0.543 2.665e-06
0.543 2.663e-06
0.543 2.661e-06
0.543 2.660e-06
0.543 2.658e-06
0.543 2.656e-06
0.543 2.655e-06
0.543 2.653e-06
0.543 2.651e-06
0.543 2.649e-06
0.543 2.648e-06
0.543 2.646e-06
0.543 2.644e-06
0.543 2.642e-06
0.543 2.641e-06
0.542 2.639e-06
0.542 2.637e-06
0.542 2.636e-06
0.542 2.634e-06
0.542 2.632e-06
0.542 2.630e-06
0.542 2.629e-06
0.542 2.627e-06
0.542 2.625e-06
0.542 2.624e-06
0.542 2.622e-06
0.542 2.620e-06
0.542 2.618e-06
0.542 2.617e-06
0.542 2.615e-06
0.542 2.613e-06
0.542 2.612e-06
0.542 2.610e-06
0.542 2.608e-06
0.542 2.606e-06
0.542 2.605e-06
0.542 2.603e-06
0.542 2.601e-06
0.542 2.600e-06
0.542 2.598e-06
0.542 2.596e-06
0.542 2.595e-06
0.542 2.593e-06
0.541 2.591e-06
0.541 2.589e-06
0.541 2.588e-06
0.541 2.586e-06
0.541 2.584e-06
0.541 2.583e-06
0.541 2.581e-06
0.541 2.579e-06
0.541 2.578e-06
0.541 2.576e-06
0.541 2.574e-06
0.541 2.573e-06
0.541 2.571e-06
0.541 2.569e-06
0.541 2.568e-06
0.541 2.566e-06
0.541 2.564e-06
0.541 2.563e-06
0.541 2.561e-06
0.541 2.559e-06
0.541 2.557e-06
0.541 2.556e-06
0.541 2.554e-06
0.541 2.552e-06
0.541 2.551e-06
0.541 2.549e-06
0.541 2.547e-06
0.541 2.546e-06
0.540 2.544e-06
0.540 2.542e-06
0.540 2.541e-06
0.540 2.539e-06
0.540 2.537e-06
0.540 2.536e-06
0.540 2.534e-06
0.540 2.532e-06
0.540 2.531e-06
0.540 2.529e-06
0.540 2.527e-06
0.540 2.526e-06
0.540 2.524e-06
0.540 2.522e-06
0.540 2.521e-06
0.540 2.519e-06
0.540 2.518e-06
0.540 2.516e-06
0.540 2.514e-06
0.540 2.513e-06
0.540 2.511e-06
0.540 2.509e-06
0.540 2.508e-06
0.540 2.506e-06
0.540 2.504e-06
0.540 2.503e-06
0.540 2.501e-06
0.539 2.499e-06
0.539 2.498e-06
0.539 2.496e-06
0.539 2.494e-06
0.539 2.493e-06
0.539 2.491e-06
0.539 2.490e-06
0.539 2.488e-06
0.539 2.486e-06
0.539 2.485e-06
0.539 2.483e-06
0.539 2.481e-06
0.539 2.480e-06
0.539 2.478e-06
0.539 2.477e-06
0.539 2.475e-06
0.539 2.473e-06
0.539 2.472e-06
0.539 2.470e-06
0.539 2.468e-06
0.539 2.467e-06
0.539 2.465e-06
0.539 2.464e-06
0.539 2.462e-06
0.539 2.460e-06
0.539 2.459e-06
0.539 2.457e-06
0.539 2.455e-06
0.538 2.454e-06
0.538 2.452e-06
0.538 2.451e-06
0.538 2.449e-06
0.538 2.447e-06
0.538 2.446e-06
0.538 2.444e-06
0.538 2.442e-06
0.538 2.441e-06
0.538 2.439e-06
0.538 2.438e-06
0.538 2.436e-06
0.538 2.434e-06
0.538 2.433e-06
0.538 2.431e-06
0.538 2.430e-06
0.538 2.428e-06
0.538 2.426e-06
0.538 2.425e-06
0.538 2.423e-06
0.538 2.422e-06
0.538 2.420e-06
0.538 2.418e-06
0.538 2.417e-06
0.538 2.415e-06
0.538 2.414e-06
0.538 2.412e-06
0.538 2.410e-06
0.537 2.409e-06
0.537 2.407e-06
0.537 2.406e-06
0.537 2.404e-06
0.537 2.403e-06
0.537 2.401e-06
0.537 2.399e-06
0.537 2.398e-06
0.537 2.396e-06
0.537 2.395e-06
0.537 2.393e-06
0.537 2.391e-06
0.537 2.390e-06
0.537 2.388e-06
0.537 2.387e-06
0.537 2.385e-06
0.537 2.384e-06
0.537 2.382e-06
0.537 2.380e-06
0.537 2.379e-06
0.537 2.377e-06
0.537 2.376e-06
0.537 2.374e-06
0.537 2.373e-06
0.537 2.371e-06
0.537 2.369e-06
0.537 2.368e-06
0.537 2.366e-06
0.536 2.365e-06
0.536 2.363e-06
0.536 2.362e-06
0.536 2.360e-06
0.536 2.358e-06
0.536 2.357e-06
0.536 2.355e-06
0.536 2.354e-06
0.536 2.352e-06
0.536 2.351e-06
0.536 2.349e-06
0.536 2.348e-06
0.536 2.346e-06
0.536 2.344e-06
0.536 2.343e-06
0.536 2.341e-06
0.536 2.340e-06
0.536 2.338e-06
0.536 2.337e-06
0.536 2.335e-06
0.536 2.334e-06
0.536 2.332e-06
0.536 2.330e-06
0.536 2.329e-06
0.536 2.327e-06
0.536 2.326e-06
0.536 2.324e-06
0.536 2.323e-06
0.535 2.321e-06
0.535 2.320e-06
0.535 2.318e-06
0.535 2.317e-06
0.535 2.315e-06
0.535 2.314e-06
0.535 2.312e-06
0.535 2.310e-06
0.535 2.309e-06
0.535 2.307e-06
0.535 2.306e-06
0.535 2.304e-06
0.535 2.303e-06
0.535 2.301e-06
0.535 2.300e-06
0.535 2.298e-06
0.535 2.297e-06
0.535 2.295e-06
0.535 2.294e-06
0.535 2.292e-06
0.535 2.291e-06
0.535 2.289e-06
0.535 2.288e-06
0.535 2.286e-06
0.535 2.284e-06
0.535 2.283e-06
0.535 2.281e-06
0.535 2.280e-06
0.534 2.278e-06
0.534 2.277e-06
0.534 2.275e-06
0.534 2.274e-06
0.534 2.272e-06
0.534 2.271e-06
0.534 2.269e-06
0.534 2.268e-06
0.534 2.266e-06
0.534 2.265e-06
0.534 2.263e-06
0.534 2.262e-06
0.534 2.260e-06
0.534 2.259e-06
0.534 2.257e-06
0.534 2.256e-06
0.534 2.254e-06
0.534 2.253e-06
0.534 2.251e-06
0.534 2.250e-06
0.534 2.248e-06
0.534 2.247e-06
0.534 2.245e-06
0.534 2.244e-06
0.534 2.242e-06
0.534 2.241e-06
0.534 2.239e-06
0.534 2.238e-06
0.533 2.236e-06
0.533 2.235e-06
0.533 2.233e-06
0.533 2.232e-06
0.533 2.230e-06
0.533 2.229e-06
0.533 2.227e-06
0.533 2.226e-06
0.533 2.224e-06
0.533 2.223e-06
0.533 2.221e-06
0.533 2.220e-06
0.533 2.218e-06
0.533 2.217e-06
0.533 2.216e-06
0.533 2.214e-06
0.533 2.213e-06
0.533 2.211e-06
0.533 2.210e-06
0.533 2.208e-06
0.533 2.207e-06
0.533 2.205e-06
0.533 2.204e-06
0.533 2.202e-06
0.533 2.201e-06
0.533 2.199e-06
0.533 2.198e-06
0.533 2.196e-06
0.532 2.195e-06
0.532 2.193e-06
0.532 2.192e-06
0.532 2.190e-06
0.532 2.189e-06
0.532 2.188e-06
0.532 2.186e-06
0.532 2.185e-06
0.532 2.183e-06
0.532 2.182e-06
0.532 2.180e-06
0.532 2.179e-06
0.532 2.177e-06
0.532 2.176e-06
0.532 2.174e-06
0.532 2.173e-06
0.532 2.172e-06
0.532 2.170e-06
0.532 2.169e-06
0.532 2.167e-06
0.532 2.166e-06
0.532 2.164e-06
0.532 2.163e-06
0.532 2.161e-06
0.532 2.160e-06
0.532 2.158e-06
0.532 2.157e-06
0.532 2.156e-06
0.531 2.154e-06
0.531 2.153e-06
0.531 2.151e-06
0.531 2.150e-06
0.531 2.148e-06
0.531 2.147e-06
0.531 2.145e-06
0.531 2.144e-06
0.531 2.143e-06
0.531 2.141e-06
0.531 2.140e-06
0.531 2.138e-06
0.531 2.137e-06
0.531 2.135e-06
0.531 2.134e-06
0.531 2.133e-06
0.531 2.131e-06
0.531 2.130e-06
0.531 2.128e-06
0.531 2.127e-06
0.531 2.125e-06
0.531 2.124e-06
0.531 2.123e-06
0.531 2.121e-06
0.531 2.120e-06
0.531 2.118e-06
0.531 2.117e-06
0.531 2.115e-06
0.531 2.114e-06
0.530 2.113e-06
0.530 2.111e-06
0.530 2.110e-06
0.530 2.108e-06
0.530 2.107e-06
0.530 2.105e-06
0.530 2.104e-06
0.530 2.103e-06
0.530 2.101e-06
0.530 2.100e-06
0.530 2.098e-06
0.530 2.097e-06
0.530 2.096e-06
0.530 2.094e-06
0.530 2.093e-06
0.530 2.091e-06
0.530 2.090e-06
0.530 2.089e-06
0.530 2.087e-06
0.530 2.086e-06
0.530 2.084e-06
0.530 2.083e-06
0.530 2.082e-06
0.530 2.080e-06
0.530 2.079e-06
0.530 2.077e-06
0.530 2.076e-06
0.530 2.075e-06
0.529 2.073e-06
0.529 2.072e-06
0.529 2.070e-06
0.529 2.069e-06
0.529 2.068e-06
0.529 2.066e-06
0.529 2.065e-06
0.529 2.063e-06
0.529 2.062e-06
0.529 2.061e-06
0.529 2.059e-06
0.529 2.058e-06
0.529 2.056e-06
0.529 2.055e-06
0.529 2.054e-06
0.529 2.052e-06
0.529 2.051e-06
0.529 2.050e-06
0.529 2.048e-06
0.529 2.047e-06
0.529 2.045e-06
0.529 2.044e-06
0.529 2.043e-06
0.529 2.041e-06
0.529 2.040e-06
0.529 2.038e-06
0.529 2.037e-06
0.529 2.036e-06
0.528 2.034e-06
0.528 2.033e-06
0.528 2.032e-06
0.528 2.030e-06
0.528 2.029e-06
0.528 2.027e-06
0.528 2.026e-06
0.528 2.025e-06
0.528 2.023e-06
0.528 2.022e-06
0.528 2.021e-06
0.528 2.019e-06
0.528 2.018e-06
0.528 2.017e-06
0.528 2.015e-06
0.528 2.014e-06
0.528 2.012e-06
0.528 2.011e-06
0.528 2.010e-06
0.528 2.008e-06
0.528 2.007e-06
0.528 2.006e-06
0.528 2.004e-06
0.528 2.003e-06
0.528 2.002e-06
0.528 2.000e-06
0.528 1.999e-06
0.528 1.998e-06
0.528 1.996e-06
0.527 1.995e-06
0.527 1.993e-06
0.527 1.992e-06
0.527 1.991e-06
0.527 1.989e-06
0.527 1.988e-06
0.527 1.987e-06
0.527 1.985e-06
0.527 1.984e-06
0.527 1.983e-06
0.527 1.981e-06
0.527 1.980e-06
0.527 1.979e-06
0.527 1.977e-06
0.527 1.976e-06
0.527 1.975e-06
0.527 1.973e-06
0.527 1.972e-06
0.527 1.971e-06
0.527 1.969e-06
0.527 1.968e-06
0.527 1.967e-06
0.527 1.965e-06
0.527 1.964e-06
0.527 1.963e-06
0.527 1.961e-06
0.527 1.960e-06
0.527 1.959e-06
0.526 1.957e-06
0.526 1.956e-06
0.526 1.955e-06
0.526 1.953e-06
0.526 1.952e-06
0.526 1.951e-06
0.526 1.949e-06
0.526 1.948e-06
0.526 1.947e-06
0.526 1.945e-06
0.526 1.944e-06
0.526 1.943e-06
0.526 1.941e-06
0.526 1.940e-06
0.526 1.939e-06
0.526 1.937e-06
0.526 1.936e-06
0.526 1.935e-06
0.526 1.934e-06
0.526 1.932e-06
0.526 1.931e-06
0.526 1.930e-06
0.526 1.928e-06
0.526 1.927e-06
0.526 1.926e-06
0.526 1.924e-06
0.526 1.923e-06
0.526 1.922e-06
0.526 1.920e-06
0.525 1.919e-06
0.525 1.918e-06
0.525 1.916e-06
0.525 1.915e-06
0.525 1.914e-06
0.525 1.913e-06
0.525 1.911e-06
0.525 1.910e-06
0.525 1.909e-06
0.525 1.907e-06
0.525 1.906e-06
0.525 1.905e-06
0.525 1.903e-06
0.525 1.902e-06
0.525 1.901e-06
0.525 1.900e-06
0.525 1.898e-06
0.525 1.897e-06
0.525 1.896e-06
0.525 1.894e-06
0.525 1.893e-06
0.525 1.892e-06
0.525 1.891e-06
0.525 1.889e-06
0.525 1.888e-06
0.525 1.887e-06
0.525 1.885e-06
0.525 1.884e-06
0.524 1.883e-06
0.524 1.882e-06
0.524 1.880e-06
0.524 1.879e-06
0.524 1.878e-06
0.524 1.876e-06
0.524 1.875e-06
0.524 1.874e-06
0.524 1.873e-06
0.524 1.871e-06
0.524 1.870e-06
0.524 1.869e-06
0.524 1.867e-06
0.524 1.866e-06
0.524 1.865e-06
0.524 1.864e-06
0.524 1.862e-06
0.524 1.861e-06
0.524 1.860e-06
0.524 1.859e-06
0.524 1.857e-06
0.524 1.856e-06
0.524 1.855e-06
0.524 1.853e-06
0.524 1.852e-06
0.524 1.851e-06
0.524 1.850e-06
0.524 1.848e-06
0.524 1.847e-06
0.523 1.846e-06
0.523 1.845e-06
0.523 1.843e-06
0.523 1.842e-06
0.523 1.841e-06
0.523 1.840e-06
0.523 1.838e-06
0.523 1.837e-06
0.523 1.836e-06
0.523 1.835e-06
0.523 1.833e-06
0.523 1.832e-06
0.523 1.831e-06
0.523 1.830e-06
0.523 1.828e-06
0.523 1.827e-06
0.523 1.826e-06
0.523 1.825e-06
0.523 1.823e-06
0.523 1.822e-06
0.523 1.821e-06
0.523 1.820e-06
0.523 1.818e-06
0.523 1.817e-06
0.523 1.816e-06
0.523 1.815e-06
0.523 1.813e-06
0.523 1.812e-06
0.523 1.811e-06
0.522 1.810e-06
0.522 1.808e-06
0.522 1.807e-06
0.522 1.806e-06
0.522 1.805e-06
0.522 1.803e-06
0.522 1.802e-06
0.522 1.801e-06
0.522 1.800e-06
0.522 1.798e-06
0.522 1.797e-06
0.522 1.796e-06
0.522 1.795e-06
0.522 1.793e-06
0.522 1.792e-06
0.522 1.791e-06
0.522 1.790e-06
0.522 1.789e-06
0.522 1.787e-06
0.522 1.786e-06
0.522 1.785e-06
0.522 1.784e-06
0.522 1.782e-06
0.522 1.781e-06
0.522 1.780e-06
0.522 1.779e-06
0.522 1.778e-06
0.522 1.776e-06
0.521 1.775e-06
0.521 1.774e-06
0.521 1.773e-06
0.521 1.771e-06
0.521 1.770e-06
0.521 1.769e-06
0.521 1.768e-06
0.521 1.767e-06
0.521 1.765e-06
0.521 1.764e-06
0.521 1.763e-06
0.521 1.762e-06
0.521 1.760e-06
0.521 1.759e-06
0.521 1.758e-06
0.521 1.757e-06
0.521 1.756e-06
0.521 1.754e-06
0.521 1.753e-06
0.521 1.752e-06
0.521 1.751e-06
0.521 1.750e-06
0.521 1.748e-06
0.521 1.747e-06
0.521 1.746e-06
0.521 1.745e-06
0.521 1.744e-06
0.521 1.742e-06
0.521 1.741e-06
0.520 1.740e-06
0.520 1.739e-06
0.520 1.738e-06
0.520 1.736e-06
0.520 1.735e-06
0.520 1.734e-06
0.520 1.733e-06
0.520 1.732e-06
0.520 1.730e-06
0.520 1.729e-06
0.520 1.728e-06
0.520 1.727e-06
0.520 1.726e-06
