TauREX/WASP43b_day_emission_exonoodle.txt
# %ECSV 0.9
# ---
# datatype:
# - {name: wavelength, unit: micron, datatype: float64, format: .3f}
# - {name: flux_ratio, datatype: float64, format: .3e}
# meta: !!omap
# - __serialized_columns__:
#     wavelength:
#       __class__: astropy.units.quantity.Quantity
#       __info__: {format: .3f}
#       unit: !astropy.units.Unit {unit: micron}
#       value: !astropy.table.SerializedColumn {name: wavelength}
# schema: astropy-2.0
wavelength flux_ratio
[from data line 16942]
16.161 6.290e-03
16.160 6.290e-03
16.159 6.290e-03
16.158 6.290e-03
16.157 6.290e-03
16.156 6.290e-03
16.155 6.290e-03
16.154 6.290e-03
16.153 6.290e-03
16.152 6.290e-03
16.151 6.290e-03
16.150 6.289e-03
16.149 6.289e-03
16.147 6.289e-03
16.146 6.289e-03
16.145 6.289e-03
16.144 6.289e-03
16.143 6.289e-03
16.142 6.289e-03
16.141 6.289e-03
16.140 6.289e-03
16.139 6.289e-03
16.138 6.288e-03
16.137 6.288e-03
16.136 6.288e-03
16.135 6.288e-03
16.133 6.288e-03
16.132 6.288e-03
16.131 6.288e-03
16.130 6.288e-03
16.129 6.288e-03
16.128 6.288e-03
16.127 6.288e-03
16.126 6.287e-03
16.125 6.287e-03
16.124 6.287e-03
16.123 6.287e-03
16.122 6.287e-03
16.121 6.287e-03
16.119 6.287e-03
16.118 6.287e-03
16.117 6.287e-03
16.116 6.287e-03
16.115 6.287e-03
16.114 6.287e-03
16.113 6.286e-03
16.112 6.286e-03
16.111 6.286e-03
16.110 6.286e-03
16.109 6.286e-03
16.108 6.286e-03
16.107 6.286e-03
16.106 6.286e-03
16.104 6.286e-03
16.103 6.286e-03
16.102 6.286e-03
16.101 6.285e-03
16.100 6.285e-03
16.099 6.285e-03
16.098 6.285e-03
16.097 6.285e-03
16.096 6.285e-03
16.095 6.285e-03
16.094 6.285e-03
16.093 6.285e-03
16.092 6.285e-03
16.090 6.285e-03
16.089 6.284e-03
16.088 6.284e-03
16.087 6.284e-03
16.086 6.284e-03
16.085 6.284e-03
16.084 6.284e-03
16.083 6.284e-03
16.082 6.284e-03
16.081 6.284e-03
16.080 6.284e-03
16.079 6.284e-03
16.078 6.283e-03
16.077 6.283e-03
16.075 6.283e-03
16.074 6.283e-03
16.073 6.283e-03
16.072 6.283e-03
16.071 6.283e-03
16.070 6.283e-03
16.069 6.283e-03
16.068 6.283e-03
16.067 6.283e-03
16.066 6.282e-03
16.065 6.282e-03
16.064 6.282e-03
16.063 6.282e-03
16.062 6.282e-03
16.060 6.282e-03
16.059 6.282e-03
16.058 6.282e-03
16.057 6.282e-03
16.056 6.282e-03
16.055 6.282e-03
16.054 6.282e-03
16.053 6.281e-03
16.052 6.281e-03
16.051 6.281e-03
16.050 6.281e-03
16.049 6.281e-03
16.048 6.281e-03
16.047 6.281e-03
16.045 6.281e-03
16.044 6.281e-03
16.043 6.281e-03
16.042 6.281e-03
16.041 6.280e-03
16.040 6.280e-03
16.039 6.280e-03
16.038 6.280e-03
16.037 6.280e-03
16.036 6.280e-03
16.035 6.280e-03
16.034 6.280e-03
16.033 6.280e-03
16.032 6.280e-03
16.031 6.280e-03
16.029 6.279e-03
16.028 6.279e-03
16.027 6.279e-03
16.026 6.279e-03
16.025 6.279e-03
16.024 6.279e-03
16.023 6.279e-03
16.022 6.279e-03
16.021 6.279e-03
16.020 6.279e-03
16.019 6.279e-03
16.018 6.278e-03
16.017 6.278e-03
16.016 6.278e-03
16.015 6.278e-03
16.013 6.278e-03
16.012 6.278e-03
16.011 6.278e-03
16.010 6.278e-03
16.009 6.278e-03
16.008 6.278e-03
16.007 6.278e-03
16.006 6.277e-03
16.005 6.277e-03
16.004 6.277e-03
16.003 6.277e-03
16.002 6.277e-03
16.001 6.277e-03
16.000 6.277e-03
15.998 6.277e-03
15.997 6.277e-03
15.996 6.277e-03
15.995 6.277e-03
15.994 6.276e-03
15.993 6.276e-03
15.992 6.276e-03
15.991 6.276e-03
15.990 6.276e-03
15.989 6.276e-03
15.988 6.276e-03
15.987 6.276e-03
15.986 6.276e-03
15.985 6.276e-03
15.984 6.276e-03
15.983 6.276e-03
15.981 6.275e-03
15.980 6.275e-03
15.979 6.275e-03
15.978 6.275e-03
15.977 6.275e-03
15.976 6.275e-03
15.975 6.275e-03
15.974 6.275e-03
15.973 6.275e-03
15.972 6.275e-03
15.971 6.275e-03
15.970 6.274e-03
15.969 6.274e-03
15.968 6.274e-03
15.967 6.274e-03
15.965 6.274e-03
15.964 6.274e-03
15.963 6.274e-03
15.962 6.274e-03
15.961 6.274e-03
15.960 6.274e-03
15.959 6.274e-03
15.958 6.273e-03
15.957 6.273e-03
15.956 6.273e-03
15.955 6.273e-03
15.954 6.273e-03
15.953 6.273e-03
15.952 6.273e-03
15.951 6.273e-03
15.950 6.273e-03
15.948 6.273e-03
15.947 6.273e-03
15.946 6.272e-03
15.945 6.272e-03
15.944 6.272e-03
15.943 6.272e-03
15.942 6.272e-03
15.941 6.272e-03
15.940 6.272e-03
15.939 6.272e-03
15.938 6.272e-03
15.937 6.272e-03
15.936 6.272e-03
15.935 6.271e-03
15.934 6.271e-03
15.933 6.271e-03
15.931 6.271e-03
15.930 6.271e-03
15.929 6.271e-03
15.928 6.271e-03
15.927 6.271e-03
15.926 6.271e-03
15.925 6.271e-03
15.924 6.271e-03
15.923 6.270e-03
15.922 6.270e-03
15.921 6.270e-03
15.920 6.270e-03
15.919 6.270e-03
15.918 6.270e-03
15.917 6.270e-03
15.916 6.270e-03
15.914 6.270e-03
15.913 6.270e-03
15.912 6.270e-03
15.911 6.269e-03
15.910 6.269e-03
15.909 6.269e-03
15.908 6.269e-03
15.907 6.269e-03
15.906 6.269e-03
15.905 6.269e-03
15.904 6.269e-03
15.903 6.269e-03
15.902 6.269e-03
15.901 6.269e-03
15.900 6.268e-03
15.899 6.268e-03
15.897 6.268e-03
15.896 6.268e-03
15.895 6.268e-03
15.894 6.268e-03
15.893 6.268e-03
15.892 6.268e-03
15.891 6.268e-03
15.890 6.268e-03
15.889 6.268e-03
15.888 6.268e-03
15.887 6.267e-03
15.886 6.267e-03
15.885 6.267e-03
15.884 6.267e-03
15.883 6.267e-03
15.882 6.267e-03
15.881 6.267e-03
15.879 6.267e-03
15.878 6.267e-03
15.877 6.267e-03
15.876 6.267e-03
15.875 6.266e-03
15.874 6.266e-03
15.873 6.266e-03
15.872 6.266e-03
15.871 6.266e-03
15.870 6.266e-03
15.869 6.266e-03
15.868 6.266e-03
15.867 6.266e-03
15.866 6.266e-03
15.865 6.266e-03
15.864 6.265e-03
15.863 6.265e-03
15.862 6.265e-03
15.860 6.265e-03
15.859 6.265e-03
15.858 6.265e-03
15.857 6.265e-03
15.856 6.265e-03
15.855 6.265e-03
15.854 6.265e-03
15.853 6.265e-03
15.852 6.264e-03
15.851 6.264e-03
15.850 6.264e-03
15.849 6.264e-03
15.848 6.264e-03
15.847 6.264e-03
15.846 6.264e-03
15.845 6.264e-03
15.844 6.264e-03
15.842 6.264e-03
15.841 6.264e-03
15.840 6.263e-03
15.839 6.263e-03
15.838 6.263e-03
15.837 6.263e-03
15.836 6.263e-03
15.835 6.263e-03
15.834 6.263e-03
15.833 6.263e-03
15.832 6.263e-03
15.831 6.263e-03
15.830 6.263e-03
15.829 6.262e-03
15.828 6.262e-03
15.827 6.262e-03
15.826 6.262e-03
15.825 6.262e-03
15.823 6.262e-03
15.822 6.262e-03
15.821 6.262e-03
15.820 6.262e-03
15.819 6.262e-03
15.818 6.262e-03
15.817 6.261e-03
15.816 6.261e-03
15.815 6.261e-03
15.814 6.261e-03
15.813 6.261e-03
15.812 6.261e-03
15.811 6.261e-03
15.810 6.261e-03
15.809 6.261e-03
15.808 6.261e-03
15.807 6.261e-03
15.806 6.260e-03
15.805 6.260e-03
15.803 6.260e-03
15.802 6.260e-03
15.801 6.260e-03
15.800 6.260e-03
15.799 6.260e-03
15.798 6.260e-03
15.797 6.260e-03
15.796 6.260e-03
15.795 6.260e-03
15.794 6.259e-03
15.793 6.259e-03
15.792 6.259e-03
15.791 6.259e-03
15.790 6.259e-03
15.789 6.259e-03
15.788 6.259e-03
15.787 6.259e-03
15.786 6.259e-03
15.784 6.259e-03
15.783 6.259e-03
15.782 6.258e-03
15.781 6.258e-03
15.780 6.258e-03
15.779 6.258e-03
15.778 6.258e-03
15.777 6.258e-03
15.776 6.258e-03
15.775 6.258e-03
15.774 6.258e-03
15.773 6.258e-03
15.772 6.258e-03
15.771 6.258e-03
15.770 6.257e-03
15.769 6.257e-03
15.768 6.257e-03
15.767 6.257e-03
15.766 6.257e-03
15.765 6.257e-03
15.763 6.257e-03
15.762 6.257e-03
15.761 6.257e-03
15.760 6.257e-03
15.759 6.257e-03
15.758 6.256e-03
15.757 6.256e-03
15.756 6.256e-03
15.755 6.256e-03
15.754 6.256e-03
15.753 6.256e-03
15.752 6.256e-03
15.751 6.256e-03
15.750 6.256e-03
15.749 6.256e-03
15.748 6.256e-03
15.747 6.255e-03
15.746 6.255e-03
15.745 6.255e-03
15.744 6.255e-03
15.742 6.255e-03
15.741 6.255e-03
15.740 6.255e-03
15.739 6.255e-03
15.738 6.255e-03
15.737 6.255e-03
15.736 6.255e-03
15.735 6.254e-03
15.734 6.254e-03
15.733 6.254e-03
15.732 6.254e-03
15.731 6.254e-03
15.730 6.254e-03
15.729 6.254e-03
15.728 6.254e-03
15.727 6.254e-03
15.726 6.254e-03
15.725 6.254e-03
15.724 6.253e-03
15.723 6.253e-03
15.721 6.253e-03
15.720 6.253e-03
15.719 6.253e-03
15.718 6.253e-03
15.717 6.253e-03
15.716 6.253e-03
15.715 6.253e-03
15.714 6.253e-03
15.713 6.253e-03
15.712 6.252e-03
15.711 6.252e-03
15.710 6.252e-03
15.709 6.252e-03
15.708 6.252e-03
15.707 6.252e-03
15.706 6.252e-03
15.705 6.252e-03
15.704 6.252e-03
15.703 6.252e-03
15.702 6.252e-03
15.701 6.251e-03
15.699 6.251e-03
15.698 6.251e-03
15.697 6.251e-03
15.696 6.251e-03
15.695 6.251e-03
15.694 6.251e-03
15.693 6.251e-03
15.692 6.251e-03
15.691 6.251e-03
15.690 6.251e-03
15.689 6.250e-03
15.688 6.250e-03
15.687 6.250e-03
15.686 6.250e-03
15.685 6.250e-03
15.684 6.250e-03
15.683 6.250e-03
15.682 6.250e-03
15.681 6.250e-03
15.680 6.250e-03
15.679 6.250e-03
15.678 6.249e-03
15.676 6.249e-03
15.675 6.249e-03
15.674 6.249e-03
15.673 6.249e-03
15.672 6.249e-03
15.671 6.249e-03
15.670 6.249e-03
15.669 6.249e-03
15.668 6.249e-03
15.667 6.249e-03
15.666 6.248e-03
15.665 6.248e-03
15.664 6.248e-03
15.663 6.248e-03
15.662 6.248e-03
15.661 6.248e-03
15.660 6.248e-03
15.659 6.248e-03
15.658 6.248e-03
15.657 6.248e-03
15.656 6.248e-03
15.655 6.247e-03
15.654 6.247e-03
15.652 6.247e-03
15.651 6.247e-03
15.650 6.247e-03
15.649 6.247e-03
15.648 6.247e-03
15.647 6.247e-03
15.646 6.247e-03
15.645 6.247e-03
15.644 6.247e-03
15.643 6.246e-03
15.642 6.246e-03
15.641 6.246e-03
15.640 6.246e-03
15.639 6.246e-03
15.638 6.246e-03
15.637 6.246e-03
15.636 6.246e-03
15.635 6.246e-03
15.634 6.246e-03
15.633 6.246e-03
15.632 6.245e-03
15.631 6.245e-03
15.630 6.245e-03
15.628 6.245e-03
15.627 6.245e-03
15.626 6.245e-03
15.625 6.245e-03
15.624 6.245e-03
15.623 6.245e-03
15.622 6.245e-03
15.621 6.245e-03
15.620 6.244e-03
15.619 6.244e-03
15.618 6.244e-03
15.617 6.244e-03
15.616 6.244e-03
15.615 6.244e-03
15.614 6.244e-03
15.613 6.244e-03
15.612 6.244e-03
15.611 6.244e-03
15.610 6.244e-03
15.609 6.243e-03
15.608 6.243e-03
15.607 6.243e-03
15.606 6.243e-03
15.605 6.243e-03
15.604 6.243e-03
15.602 6.243e-03
15.601 6.243e-03
15.600 6.243e-03
15.599 6.243e-03
15.598 6.243e-03
15.597 6.242e-03
15.596 6.242e-03
15.595 6.242e-03
15.594 6.242e-03
15.593 6.242e-03
15.592 6.242e-03
15.591 6.242e-03
15.590 6.242e-03
15.589 6.242e-03
15.588 6.242e-03
15.587 6.242e-03
15.586 6.241e-03
15.585 6.241e-03
15.584 6.241e-03
15.583 6.241e-03
15.582 6.241e-03
15.581 6.241e-03
15.580 6.241e-03
15.579 6.241e-03
15.578 6.241e-03
15.576 6.241e-03
15.575 6.241e-03
15.574 6.240e-03
15.573 6.240e-03
15.572 6.240e-03
15.571 6.240e-03
15.570 6.240e-03
15.569 6.240e-03
15.568 6.240e-03
15.567 6.240e-03
15.566 6.240e-03
15.565 6.240e-03
15.564 6.240e-03
15.563 6.239e-03
15.562 6.239e-03
15.561 6.239e-03
15.560 6.239e-03
15.559 6.239e-03
15.558 6.239e-03
15.557 6.239e-03
15.556 6.239e-03
15.555 6.239e-03
15.554 6.239e-03
15.553 6.239e-03
15.552 6.238e-03
15.551 6.238e-03
15.550 6.238e-03
15.548 6.238e-03
15.547 6.238e-03
15.546 6.238e-03
15.545 6.238e-03
15.544 6.238e-03
15.543 6.238e-03
15.542 6.238e-03
15.541 6.238e-03
15.540 6.237e-03
15.539 6.237e-03
15.538 6.237e-03
15.537 6.237e-03
15.536 6.237e-03
15.535 6.237e-03
15.534 6.237e-03
15.533 6.237e-03
15.532 6.237e-03
15.531 6.237e-03
15.530 6.237e-03
15.529 6.236e-03
15.528 6.236e-03
15.527 6.236e-03
15.526 6.236e-03
15.525 6.236e-03
15.524 6.236e-03
15.523 6.236e-03
15.522 6.236e-03
15.521 6.236e-03
15.519 6.236e-03
15.518 6.236e-03
15.517 6.235e-03
15.516 6.235e-03
15.515 6.235e-03
15.514 6.235e-03
15.513 6.235e-03
15.512 6.235e-03
15.511 6.235e-03
15.510 6.235e-03
15.509 6.235e-03
15.508 6.235e-03
15.507 6.235e-03
15.506 6.234e-03
15.505 6.234e-03
15.504 6.234e-03
15.503 6.234e-03
15.502 6.234e-03
15.501 6.234e-03
15.500 6.234e-03
15.499 6.234e-03
15.498 6.234e-03
15.497 6.234e-03
15.496 6.233e-03
15.495 6.233e-03
15.494 6.233e-03
15.493 6.233e-03
15.492 6.233e-03
15.491 6.233e-03
15.490 6.233e-03
15.488 6.233e-03
15.487 6.233e-03
15.486 6.233e-03
15.485 6.233e-03
15.484 6.232e-03
15.483 6.232e-03
15.482 6.232e-03
15.481 6.232e-03
15.480 6.232e-03
15.479 6.232e-03
15.478 6.232e-03
15.477 6.232e-03
15.476 6.232e-03
15.475 6.232e-03
15.474 6.232e-03
15.473 6.231e-03
15.472 6.231e-03
15.471 6.231e-03
15.470 6.231e-03
15.469 6.231e-03
15.468 6.231e-03
15.467 6.231e-03
15.466 6.231e-03
15.465 6.231e-03
15.464 6.231e-03
15.463 6.231e-03
15.462 6.230e-03
15.461 6.230e-03
15.460 6.230e-03
15.459 6.230e-03
15.458 6.230e-03
15.456 6.230e-03
15.455 6.230e-03
15.454 6.230e-03
15.453 6.230e-03
15.452 6.230e-03
15.451 6.230e-03
15.450 6.229e-03
15.449 6.229e-03
15.448 6.229e-03
15.447 6.229e-03
15.446 6.229e-03
15.445 6.229e-03
15.444 6.229e-03
15.443 6.229e-03
15.442 6.229e-03
15.441 6.229e-03
15.440 6.229e-03
15.439 6.228e-03
15.438 6.228e-03
15.437 6.228e-03
15.436 6.228e-03
15.435 6.228e-03
15.434 6.228e-03
15.433 6.228e-03
15.432 6.228e-03
15.431 6.228e-03
15.430 6.228e-03
15.429 6.228e-03
15.428 6.227e-03
15.427 6.227e-03
15.426 6.227e-03
15.425 6.227e-03
15.424 6.227e-03
15.423 6.227e-03
15.421 6.227e-03
15.420 6.227e-03
15.419 6.227e-03
15.418 6.227e-03
15.417 6.227e-03
15.416 6.226e-03
15.415 6.226e-03
15.414 6.226e-03
15.413 6.226e-03
15.412 6.226e-03
15.411 6.226e-03
15.410 6.226e-03
15.409 6.226e-03
15.408 6.226e-03
15.407 6.226e-03
15.406 6.226e-03
15.405 6.225e-03
15.404 6.225e-03
15.403 6.225e-03
15.402 6.225e-03
15.401 6.225e-03
15.400 6.225e-03
15.399 6.225e-03
15.398 6.225e-03
15.397 6.225e-03
15.396 6.225e-03
15.395 6.224e-03
15.394 6.224e-03
15.393 6.224e-03
15.392 6.224e-03
15.391 6.224e-03
15.390 6.224e-03
15.389 6.224e-03
15.388 6.224e-03
15.387 6.224e-03
15.386 6.224e-03
15.385 6.224e-03
15.384 6.223e-03
15.382 6.223e-03
15.381 6.223e-03
15.380 6.223e-03
15.379 6.223e-03
15.378 6.223e-03
15.377 6.223e-03
15.376 6.223e-03
15.375 6.223e-03
15.374 6.223e-03
15.373 6.223e-03
15.372 6.222e-03
15.371 6.222e-03
15.370 6.222e-03
15.369 6.222e-03
15.368 6.222e-03
15.367 6.222e-03
15.366 6.222e-03
15.365 6.222e-03
15.364 6.222e-03
15.363 6.222e-03
15.362 6.222e-03
15.361 6.221e-03
15.360 6.221e-03
15.359 6.221e-03
15.358 6.221e-03
15.357 6.221e-03
15.356 6.221e-03
15.355 6.221e-03
15.354 6.221e-03
15.353 6.221e-03
15.352 6.221e-03
15.351 6.221e-03
15.350 6.220e-03
15.349 6.220e-03
15.348 6.220e-03
15.347 6.220e-03
15.346 6.220e-03
15.345 6.220e-03
15.344 6.220e-03
15.343 6.220e-03
15.342 6.220e-03
15.340 6.220e-03
15.339 6.220e-03
15.338 6.219e-03
15.337 6.219e-03
15.336 6.219e-03
15.335 6.219e-03
15.334 6.219e-03
15.333 6.219e-03
15.332 6.219e-03
15.331 6.219e-03
15.330 6.219e-03
15.329 6.219e-03
15.328 6.219e-03
15.327 6.218e-03
15.326 6.218e-03
15.325 6.218e-03
15.324 6.218e-03
15.323 6.218e-03
15.322 6.218e-03
15.321 6.218e-03
15.320 6.218e-03
15.319 6.218e-03
15.318 6.218e-03
15.317 6.217e-03
15.316 6.217e-03
15.315 6.217e-03
15.314 6.217e-03
15.313 6.217e-03
15.312 6.217e-03
15.311 6.217e-03
15.310 6.217e-03
15.309 6.217e-03
15.308 6.217e-03
15.307 6.217e-03
15.306 6.216e-03
15.305 6.216e-03
15.304 6.216e-03
15.303 6.216e-03
15.302 6.216e-03
15.301 6.216e-03
15.300 6.216e-03
15.299 6.216e-03
15.298 6.216e-03
15.297 6.216e-03
15.296 6.216e-03
15.295 6.215e-03
15.294 6.215e-03
15.293 6.215e-03
15.291 6.215e-03
15.290 6.215e-03
15.289 6.215e-03
15.288 6.215e-03
15.287 6.215e-03
15.286 6.215e-03
15.285 6.215e-03
15.284 6.215e-03
15.283 6.214e-03
15.282 6.214e-03
15.281 6.214e-03
15.280 6.214e-03
15.279 6.214e-03
15.278 6.214e-03
15.277 6.214e-03
15.276 6.214e-03
15.275 6.214e-03
15.274 6.214e-03
15.273 6.214e-03
15.272 6.213e-03
15.271 6.213e-03
15.270 6.213e-03
15.269 6.213e-03
15.268 6.213e-03
15.267 6.213e-03
15.266 6.213e-03
15.265 6.213e-03
15.264 6.213e-03
15.263 6.213e-03
15.262 6.212e-03
15.261 6.212e-03
15.260 6.212e-03
15.259 6.212e-03
15.258 6.212e-03
15.257 6.212e-03
15.256 6.212e-03
15.255 6.212e-03
15.254 6.212e-03
15.253 6.212e-03
15.252 6.212e-03
15.251 6.211e-03
15.250 6.211e-03
15.249 6.211e-03
15.248 6.211e-03
15.247 6.211e-03
15.246 6.211e-03
15.245 6.211e-03
15.244 6.211e-03
15.243 6.211e-03
15.242 6.211e-03
15.241 6.211e-03
15.240 6.210e-03
15.239 6.210e-03
15.238 6.210e-03
15.237 6.210e-03
15.236 6.210e-03
15.235 6.210e-03
15.233 6.210e-03
15.232 6.210e-03
15.231 6.210e-03
15.230 6.210e-03
15.229 6.210e-03
15.228 6.209e-03
15.227 6.209e-03
15.226 6.209e-03
15.225 6.209e-03
15.224 6.209e-03
15.223 6.209e-03
15.222 6.209e-03
15.221 6.209e-03
15.220 6.209e-03
15.219 6.209e-03
15.218 6.209e-03
15.217 6.208e-03
15.216 6.208e-03
15.215 6.208e-03
15.214 6.208e-03
15.213 6.208e-03
15.212 6.208e-03
15.211 6.208e-03
15.210 6.208e-03
15.209 6.208e-03
15.208 6.208e-03
15.207 6.207e-03
15.206 6.207e-03
15.205 6.207e-03
15.204 6.207e-03
15.203 6.207e-03
15.202 6.207e-03
15.201 6.207e-03
15.200 6.207e-03
15.199 6.207e-03
15.198 6.207e-03
15.197 6.207e-03
15.196 6.206e-03
15.195 6.206e-03
15.194 6.206e-03
15.193 6.206e-03
15.192 6.206e-03
15.191 6.206e-03
15.190 6.206e-03
15.189 6.206e-03
15.188 6.206e-03
15.187 6.206e-03
15.186 6.206e-03
15.185 6.205e-03
15.184 6.205e-03
15.183 6.205e-03
15.182 6.205e-03
15.181 6.205e-03
