TauREX/WASP43b_day_emission_exonoodle.txt
# %ECSV 0.9
# ---
# datatype:
# - {name: wavelength, unit: micron, datatype: float64, format: .3f}
# - {name: flux_ratio, datatype: float64, format: .3e}
# meta: !!omap
# - __serialized_columns__:
#     wavelength:
#       __class__: astropy.units.quantity.Quantity
#       __info__: {format: .3f}
#       unit: !astropy.units.Unit {unit: micron}
#       value: !astropy.table.SerializedColumn {name: wavelength}
# schema: astropy-2.0
wavelength flux_ratio
[from data line 68492]
0.520 1.723e-06
0.520 1.722e-06
0.520 1.721e-06
0.520 1.720e-06
0.520 1.718e-06
0.520 1.717e-06
0.520 1.716e-06
0.520 1.715e-06
0.520 1.714e-06
0.520 1.713e-06
0.520 1.711e-06
0.520 1.710e-06
0.520 1.709e-06
0.520 1.708e-06
0.520 1.707e-06
0.519 1.705e-06
0.519 1.704e-06
0.519 1.703e-06
0.519 1.702e-06
0.519 1.701e-06
0.519 1.700e-06
0.519 1.698e-06
0.519 1.697e-06
0.519 1.696e-06
0.519 1.695e-06
0.519 1.694e-06
0.519 1.693e-06
0.519 1.691e-06
0.519 1.690e-06
0.519 1.689e-06
0.519 1.688e-06
0.519 1.687e-06
0.519 1.686e-06
0.519 1.684e-06
0.519 1.683e-06
0.519 1.682e-06
0.519 1.681e-06
0.519 1.680e-06
0.519 1.679e-06
0.519 1.677e-06
0.519 1.676e-06
0.519 1.675e-06
0.519 1.674e-06
0.519 1.673e-06
0.518 1.672e-06
0.518 1.670e-06
0.518 1.669e-06
0.518 1.668e-06
0.518 1.667e-06
0.518 1.666e-06
0.518 1.665e-06
0.518 1.663e-06
0.518 1.662e-06
0.518 1.661e-06
0.518 1.660e-06
0.518 1.659e-06
0.518 1.658e-06
0.518 1.657e-06
0.518 1.655e-06
0.518 1.654e-06
0.518 1.653e-06
0.518 1.652e-06
0.518 1.651e-06
0.518 1.650e-06
0.518 1.649e-06
0.518 1.647e-06
0.518 1.646e-06
0.518 1.645e-06
0.518 1.644e-06
0.518 1.643e-06
0.518 1.642e-06
0.518 1.641e-06
0.518 1.639e-06
0.517 1.638e-06
0.517 1.637e-06
0.517 1.636e-06
0.517 1.635e-06
0.517 1.634e-06
0.517 1.633e-06
0.517 1.631e-06
0.517 1.630e-06
0.517 1.629e-06
0.517 1.628e-06
0.517 1.627e-06
0.517 1.626e-06
0.517 1.625e-06
0.517 1.624e-06
0.517 1.622e-06
0.517 1.621e-06
0.517 1.620e-06
0.517 1.619e-06
0.517 1.618e-06
0.517 1.617e-06
0.517 1.616e-06
0.517 1.615e-06
0.517 1.613e-06
0.517 1.612e-06
0.517 1.611e-06
0.517 1.610e-06
0.517 1.609e-06
0.517 1.608e-06
0.517 1.607e-06
0.516 1.606e-06
0.516 1.604e-06
0.516 1.603e-06
0.516 1.602e-06
0.516 1.601e-06
0.516 1.600e-06
0.516 1.599e-06
0.516 1.598e-06
0.516 1.597e-06
0.516 1.595e-06
0.516 1.594e-06
0.516 1.593e-06
0.516 1.592e-06
0.516 1.591e-06
0.516 1.590e-06
0.516 1.589e-06
0.516 1.588e-06
0.516 1.587e-06
0.516 1.586e-06
0.516 1.584e-06
0.516 1.583e-06
0.516 1.582e-06
0.516 1.581e-06
0.516 1.580e-06
0.516 1.579e-06
0.516 1.578e-06
0.516 1.577e-06
0.516 1.576e-06
0.516 1.574e-06
0.515 1.573e-06
0.515 1.572e-06
0.515 1.571e-06
0.515 1.570e-06
0.515 1.569e-06
0.515 1.568e-06
0.515 1.567e-06
0.515 1.566e-06
0.515 1.565e-06
0.515 1.564e-06
0.515 1.562e-06
0.515 1.561e-06
0.515 1.560e-06
0.515 1.559e-06
0.515 1.558e-06
0.515 1.557e-06
0.515 1.556e-06
0.515 1.555e-06
0.515 1.554e-06
0.515 1.553e-06
0.515 1.552e-06
0.515 1.550e-06
0.515 1.549e-06
0.515 1.548e-06
0.515 1.547e-06
0.515 1.546e-06
0.515 1.545e-06
0.515 1.544e-06
0.515 1.543e-06
0.514 1.542e-06
0.514 1.541e-06
0.514 1.540e-06
0.514 1.539e-06
0.514 1.537e-06
0.514 1.536e-06
0.514 1.535e-06
0.514 1.534e-06
0.514 1.533e-06
0.514 1.532e-06
0.514 1.531e-06
0.514 1.530e-06
0.514 1.529e-06
0.514 1.528e-06
0.514 1.527e-06
0.514 1.526e-06
0.514 1.525e-06
0.514 1.524e-06
0.514 1.522e-06
0.514 1.521e-06
0.514 1.520e-06
0.514 1.519e-06
0.514 1.518e-06
0.514 1.517e-06
0.514 1.516e-06
0.514 1.515e-06
0.514 1.514e-06
0.514 1.513e-06
0.514 1.512e-06
0.513 1.511e-06
0.513 1.510e-06
0.513 1.509e-06
0.513 1.508e-06
0.513 1.506e-06
0.513 1.505e-06
0.513 1.504e-06
0.513 1.503e-06
0.513 1.502e-06
0.513 1.501e-06
0.513 1.500e-06
0.513 1.499e-06
0.513 1.498e-06
0.513 1.497e-06
0.513 1.496e-06
0.513 1.495e-06
0.513 1.494e-06
0.513 1.493e-06
0.513 1.492e-06
0.513 1.491e-06
0.513 1.490e-06
0.513 1.489e-06
0.513 1.488e-06
0.513 1.486e-06
0.513 1.485e-06
0.513 1.484e-06
0.513 1.483e-06
0.513 1.482e-06
0.513 1.481e-06
0.512 1.480e-06
0.512 1.479e-06
0.512 1.478e-06
0.512 1.477e-06
0.512 1.476e-06
0.512 1.475e-06
0.512 1.474e-06
0.512 1.473e-06
0.512 1.472e-06
0.512 1.471e-06
0.512 1.470e-06
0.512 1.469e-06
0.512 1.468e-06
0.512 1.467e-06
0.512 1.466e-06
0.512 1.465e-06
0.512 1.464e-06
0.512 1.463e-06
0.512 1.462e-06
0.512 1.461e-06
0.512 1.460e-06
0.512 1.458e-06
0.512 1.457e-06
0.512 1.456e-06
0.512 1.455e-06
0.512 1.454e-06
0.512 1.453e-06
0.512 1.452e-06
0.512 1.451e-06
0.512 1.450e-06
0.511 1.449e-06
0.511 1.448e-06
0.511 1.447e-06
0.511 1.446e-06
0.511 1.445e-06
0.511 1.444e-06
0.511 1.443e-06
0.511 1.442e-06
0.511 1.441e-06
0.511 1.440e-06
0.511 1.439e-06
0.511 1.438e-06
0.511 1.437e-06
0.511 1.436e-06
0.511 1.435e-06
0.511 1.434e-06
0.511 1.433e-06
0.511 1.432e-06
0.511 1.431e-06
0.511 1.430e-06
0.511 1.429e-06
0.511 1.428e-06
0.511 1.427e-06
0.511 1.426e-06
0.511 1.425e-06
0.511 1.424e-06
0.511 1.423e-06
0.511 1.422e-06
0.511 1.421e-06
0.510 1.420e-06
0.510 1.419e-06
0.510 1.418e-06
0.510 1.417e-06
0.510 1.416e-06
0.510 1.415e-06
0.510 1.414e-06
0.510 1.413e-06
0.510 1.412e-06
0.510 1.411e-06
0.510 1.410e-06
0.510 1.409e-06
0.510 1.408e-06
0.510 1.407e-06
0.510 1.406e-06
0.510 1.405e-06
0.510 1.404e-06
0.510 1.403e-06
0.510 1.402e-06
0.510 1.401e-06
0.510 1.400e-06
0.510 1.399e-06
0.510 1.398e-06
0.510 1.397e-06
0.510 1.396e-06
0.510 1.395e-06
0.510 1.394e-06
0.510 1.393e-06
0.510 1.392e-06
0.510 1.391e-06
0.509 1.390e-06
0.509 1.389e-06
0.509 1.388e-06
0.509 1.387e-06
0.509 1.386e-06
0.509 1.385e-06
0.509 1.384e-06
0.509 1.383e-06
0.509 1.382e-06
0.509 1.381e-06
0.509 1.380e-06
0.509 1.379e-06
0.509 1.378e-06
0.509 1.377e-06
0.509 1.376e-06
0.509 1.375e-06
0.509 1.374e-06
0.509 1.373e-06
0.509 1.372e-06
0.509 1.371e-06
0.509 1.370e-06
0.509 1.369e-06
0.509 1.368e-06
0.509 1.367e-06
0.509 1.366e-06
0.509 1.365e-06
0.509 1.365e-06
0.509 1.364e-06
0.509 1.363e-06
0.508 1.362e-06
0.508 1.361e-06
0.508 1.360e-06
0.508 1.359e-06
0.508 1.358e-06
0.508 1.357e-06
0.508 1.356e-06
0.508 1.355e-06
0.508 1.354e-06
0.508 1.353e-06
0.508 1.352e-06
0.508 1.351e-06
0.508 1.350e-06
0.508 1.349e-06
0.508 1.348e-06
0.508 1.347e-06
0.508 1.346e-06
0.508 1.345e-06
0.508 1.344e-06
0.508 1.343e-06
0.508 1.342e-06
0.508 1.341e-06
0.508 1.340e-06
0.508 1.339e-06
0.508 1.339e-06
0.508 1.338e-06
0.508 1.337e-06
0.508 1.336e-06
0.508 1.335e-06
0.508 1.334e-06
0.507 1.333e-06
0.507 1.332e-06
0.507 1.331e-06
0.507 1.330e-06
0.507 1.329e-06
0.507 1.328e-06
0.507 1.327e-06
0.507 1.326e-06
0.507 1.325e-06
0.507 1.324e-06
0.507 1.323e-06
0.507 1.322e-06
0.507 1.321e-06
0.507 1.320e-06
0.507 1.320e-06
0.507 1.319e-06
0.507 1.318e-06
0.507 1.317e-06
0.507 1.316e-06
0.507 1.315e-06
0.507 1.314e-06
0.507 1.313e-06
0.507 1.312e-06
0.507 1.311e-06
0.507 1.310e-06
0.507 1.309e-06
0.507 1.308e-06
0.507 1.307e-06
0.507 1.306e-06
0.506 1.305e-06
0.506 1.305e-06
0.506 1.304e-06
0.506 1.303e-06
0.506 1.302e-06
0.506 1.301e-06
0.506 1.300e-06
0.506 1.299e-06
0.506 1.298e-06
0.506 1.297e-06
0.506 1.296e-06
0.506 1.295e-06
0.506 1.294e-06
0.506 1.293e-06
0.506 1.292e-06
0.506 1.291e-06
0.506 1.291e-06
0.506 1.290e-06
0.506 1.289e-06
0.506 1.288e-06
0.506 1.287e-06
0.506 1.286e-06
0.506 1.285e-06
0.506 1.284e-06
0.506 1.283e-06
0.506 1.282e-06
0.506 1.281e-06
0.506 1.280e-06
0.506 1.280e-06
0.506 1.279e-06
0.505 1.278e-06
0.505 1.277e-06
0.505 1.276e-06
0.505 1.275e-06
0.505 1.274e-06
0.505 1.273e-06
0.505 1.272e-06
0.505 1.271e-06
0.505 1.270e-06
0.505 1.269e-06
0.505 1.269e-06
0.505 1.268e-06
0.505 1.267e-06
0.505 1.266e-06
0.505 1.265e-06
0.505 1.264e-06
0.505 1.263e-06
0.505 1.262e-06
0.505 1.261e-06
0.505 1.260e-06
0.505 1.259e-06
0.505 1.259e-06
0.505 1.258e-06
0.505 1.257e-06
0.505 1.256e-06
0.505 1.255e-06
0.505 1.254e-06
0.505 1.253e-06
0.505 1.252e-06
0.504 1.251e-06
0.504 1.250e-06
0.504 1.250e-06
0.504 1.249e-06
0.504 1.248e-06
0.504 1.247e-06
0.504 1.246e-06
0.504 1.245e-06
0.504 1.244e-06
0.504 1.243e-06
0.504 1.242e-06
0.504 1.241e-06
0.504 1.241e-06
0.504 1.240e-06
0.504 1.239e-06
0.504 1.238e-06
0.504 1.237e-06
0.504 1.236e-06
0.504 1.235e-06
0.504 1.234e-06
0.504 1.233e-06
0.504 1.233e-06
0.504 1.232e-06
0.504 1.231e-06
0.504 1.230e-06
0.504 1.229e-06
0.504 1.228e-06
0.504 1.227e-06
0.504 1.226e-06
0.504 1.225e-06
0.503 1.225e-06
0.503 1.224e-06
0.503 1.223e-06
0.503 1.222e-06
0.503 1.221e-06
0.503 1.220e-06
0.503 1.219e-06
0.503 1.218e-06
0.503 1.218e-06
0.503 1.217e-06
0.503 1.216e-06
0.503 1.215e-06
0.503 1.214e-06
0.503 1.213e-06
0.503 1.212e-06
0.503 1.211e-06
0.503 1.211e-06
0.503 1.210e-06
0.503 1.209e-06
0.503 1.208e-06
0.503 1.207e-06
0.503 1.206e-06
0.503 1.205e-06
0.503 1.204e-06
0.503 1.204e-06
0.503 1.203e-06
0.503 1.202e-06
0.503 1.201e-06
0.503 1.200e-06
0.503 1.199e-06
0.502 1.198e-06
0.502 1.197e-06
0.502 1.197e-06
0.502 1.196e-06
0.502 1.195e-06
0.502 1.194e-06
0.502 1.193e-06
0.502 1.192e-06
0.502 1.191e-06
0.502 1.191e-06
0.502 1.190e-06
0.502 1.189e-06
0.502 1.188e-06
0.502 1.187e-06
0.502 1.186e-06
0.502 1.185e-06
0.502 1.185e-06
0.502 1.184e-06
0.502 1.183e-06
0.502 1.182e-06
0.502 1.181e-06
0.502 1.180e-06
0.502 1.179e-06
0.502 1.179e-06
0.502 1.178e-06
0.502 1.177e-06
0.502 1.176e-06
0.502 1.175e-06
0.502 1.174e-06
0.502 1.173e-06
0.501 1.173e-06
0.501 1.172e-06
0.501 1.171e-06
0.501 1.170e-06
0.501 1.169e-06
0.501 1.168e-06
0.501 1.167e-06
0.501 1.167e-06
0.501 1.166e-06
0.501 1.165e-06
0.501 1.164e-06
0.501 1.163e-06
0.501 1.162e-06
0.501 1.162e-06
0.501 1.161e-06
0.501 1.160e-06
0.501 1.159e-06
0.501 1.158e-06
0.501 1.157e-06
0.501 1.156e-06
0.501 1.156e-06
0.501 1.155e-06
0.501 1.154e-06
0.501 1.153e-06
0.501 1.152e-06
0.501 1.151e-06
0.501 1.151e-06
0.501 1.150e-06
0.501 1.149e-06
0.501 1.148e-06
0.500 1.147e-06
0.500 1.146e-06
0.500 1.146e-06
0.500 1.145e-06
0.500 1.144e-06
0.500 1.143e-06
0.500 1.142e-06
0.500 1.141e-06
0.500 1.141e-06
0.500 1.140e-06
0.500 1.139e-06
0.500 1.138e-06
0.500 1.137e-06
0.500 1.136e-06
0.500 1.136e-06
0.500 1.135e-06
0.500 1.134e-06
0.500 1.133e-06
0.500 1.132e-06
0.500 1.132e-06
0.500 1.131e-06
0.500 1.130e-06
0.500 1.129e-06
0.500 1.128e-06
0.500 1.127e-06
0.500 1.127e-06
0.500 1.126e-06
0.500 1.125e-06
0.500 1.124e-06
0.500 1.123e-06
0.499 1.122e-06
0.499 1.122e-06
0.499 1.121e-06
0.499 1.120e-06
0.499 1.119e-06
0.499 1.118e-06
0.499 1.118e-06
0.499 1.117e-06
0.499 1.116e-06
0.499 1.115e-06
0.499 1.114e-06
0.499 1.114e-06
0.499 1.113e-06
0.499 1.112e-06
0.499 1.111e-06
0.499 1.110e-06
0.499 1.109e-06
0.499 1.109e-06
0.499 1.108e-06
0.499 1.107e-06
0.499 1.106e-06
0.499 1.105e-06
0.499 1.105e-06
0.499 1.104e-06
0.499 1.103e-06
0.499 1.102e-06
0.499 1.101e-06
0.499 1.101e-06
0.499 1.100e-06
0.499 1.099e-06
0.498 1.098e-06
0.498 1.097e-06
0.498 1.097e-06
0.498 1.096e-06
0.498 1.095e-06
0.498 1.094e-06
0.498 1.093e-06
0.498 1.093e-06
0.498 1.092e-06
0.498 1.091e-06
0.498 1.090e-06
0.498 1.089e-06
0.498 1.089e-06
0.498 1.088e-06
0.498 1.087e-06
0.498 1.086e-06
0.498 1.085e-06
0.498 1.085e-06
0.498 1.084e-06
0.498 1.083e-06
0.498 1.082e-06
0.498 1.081e-06
0.498 1.081e-06
0.498 1.080e-06
0.498 1.079e-06
0.498 1.078e-06
0.498 1.077e-06
0.498 1.077e-06
0.498 1.076e-06
0.498 1.075e-06
0.497 1.074e-06
0.497 1.074e-06
0.497 1.073e-06
0.497 1.072e-06
0.497 1.071e-06
0.497 1.070e-06
0.497 1.070e-06
0.497 1.069e-06
0.497 1.068e-06
0.497 1.067e-06
0.497 1.066e-06
0.497 1.066e-06
0.497 1.065e-06
0.497 1.064e-06
0.497 1.063e-06
0.497 1.063e-06
0.497 1.062e-06
0.497 1.061e-06
0.497 1.060e-06
0.497 1.059e-06
0.497 1.059e-06
0.497 1.058e-06
0.497 1.057e-06
0.497 1.056e-06
0.497 1.056e-06
0.497 1.055e-06
0.497 1.054e-06
0.497 1.053e-06
0.497 1.052e-06
0.497 1.052e-06
0.496 1.051e-06
0.496 1.050e-06
0.496 1.049e-06
0.496 1.049e-06
0.496 1.048e-06
0.496 1.047e-06
0.496 1.046e-06
0.496 1.045e-06
0.496 1.045e-06
0.496 1.044e-06
0.496 1.043e-06
0.496 1.042e-06
0.496 1.042e-06
0.496 1.041e-06
0.496 1.040e-06
0.496 1.039e-06
0.496 1.039e-06
0.496 1.038e-06
0.496 1.037e-06
0.496 1.036e-06
0.496 1.036e-06
0.496 1.035e-06
0.496 1.034e-06
0.496 1.033e-06
0.496 1.032e-06
0.496 1.032e-06
0.496 1.031e-06
0.496 1.030e-06
0.496 1.029e-06
0.496 1.029e-06
0.495 1.028e-06
0.495 1.027e-06
0.495 1.026e-06
0.495 1.026e-06
0.495 1.025e-06
0.495 1.024e-06
0.495 1.023e-06
0.495 1.023e-06
0.495 1.022e-06
0.495 1.021e-06
0.495 1.020e-06
0.495 1.020e-06
0.495 1.019e-06
0.495 1.018e-06
0.495 1.017e-06
0.495 1.017e-06
0.495 1.016e-06
0.495 1.015e-06
0.495 1.014e-06
0.495 1.014e-06
0.495 1.013e-06
0.495 1.012e-06
0.495 1.011e-06
0.495 1.011e-06
0.495 1.010e-06
0.495 1.009e-06
0.495 1.008e-06
0.495 1.008e-06
0.495 1.007e-06
0.495 1.006e-06
0.495 1.005e-06
0.494 1.005e-06
0.494 1.004e-06
0.494 1.003e-06
0.494 1.002e-06
0.494 1.002e-06
0.494 1.001e-06
0.494 1.000e-06
0.494 9.995e-07
0.494 9.987e-07
0.494 9.980e-07
0.494 9.973e-07
0.494 9.965e-07
0.494 9.958e-07
0.494 9.950e-07
0.494 9.943e-07
0.494 9.936e-07
0.494 9.928e-07
0.494 9.921e-07
0.494 9.914e-07
0.494 9.906e-07
0.494 9.899e-07
0.494 9.892e-07
0.494 9.884e-07
0.494 9.877e-07
0.494 9.870e-07
0.494 9.862e-07
0.494 9.855e-07
0.494 9.848e-07
0.494 9.840e-07
0.494 9.833e-07
0.493 9.826e-07
0.493 9.819e-07
0.493 9.811e-07
0.493 9.804e-07
0.493 9.797e-07
0.493 9.789e-07
0.493 9.782e-07
0.493 9.775e-07
0.493 9.768e-07
0.493 9.760e-07
0.493 9.753e-07
0.493 9.746e-07
0.493 9.739e-07
0.493 9.732e-07
0.493 9.724e-07
0.493 9.717e-07
0.493 9.710e-07
0.493 9.703e-07
0.493 9.695e-07
0.493 9.688e-07
0.493 9.681e-07
0.493 9.674e-07
0.493 9.667e-07
0.493 9.660e-07
0.493 9.652e-07
0.493 9.645e-07
0.493 9.638e-07
0.493 9.631e-07
0.493 9.624e-07
0.493 9.617e-07
0.493 9.609e-07
0.492 9.602e-07
0.492 9.595e-07
0.492 9.588e-07
0.492 9.581e-07
0.492 9.574e-07
0.492 9.567e-07
0.492 9.559e-07
0.492 9.552e-07
0.492 9.545e-07
0.492 9.538e-07
0.492 9.531e-07
0.492 9.524e-07
0.492 9.517e-07
0.492 9.510e-07
0.492 9.503e-07
0.492 9.496e-07
0.492 9.489e-07
0.492 9.482e-07
0.492 9.474e-07
0.492 9.467e-07
0.492 9.460e-07
0.492 9.453e-07
0.492 9.446e-07
0.492 9.439e-07
0.492 9.432e-07
0.492 9.425e-07
0.492 9.418e-07
0.492 9.411e-07
0.492 9.404e-07
0.492 9.397e-07
0.491 9.390e-07
0.491 9.383e-07
0.491 9.376e-07
0.491 9.369e-07
0.491 9.362e-07
0.491 9.355e-07
0.491 9.348e-07
0.491 9.341e-07
0.491 9.334e-07
0.491 9.327e-07
0.491 9.320e-07
0.491 9.313e-07
0.491 9.306e-07
0.491 9.299e-07
0.491 9.293e-07
0.491 9.286e-07
0.491 9.279e-07
0.491 9.272e-07
0.491 9.265e-07
0.491 9.258e-07
0.491 9.251e-07
0.491 9.244e-07
0.491 9.237e-07
0.491 9.230e-07
0.491 9.223e-07
0.491 9.216e-07
0.491 9.210e-07
0.491 9.203e-07
0.491 9.196e-07
0.491 9.189e-07
0.491 9.182e-07
0.490 9.175e-07
0.490 9.168e-07
0.490 9.162e-07
0.490 9.155e-07
0.490 9.148e-07
0.490 9.141e-07
0.490 9.134e-07
0.490 9.127e-07
0.490 9.120e-07
0.490 9.114e-07
0.490 9.107e-07
0.490 9.100e-07
0.490 9.093e-07
0.490 9.086e-07
0.490 9.080e-07
0.490 9.073e-07
0.490 9.066e-07
0.490 9.059e-07
0.490 9.052e-07
0.490 9.046e-07
0.490 9.039e-07
0.490 9.032e-07
0.490 9.025e-07
0.490 9.019e-07
0.490 9.012e-07
0.490 9.005e-07
0.490 8.998e-07
0.490 8.992e-07
0.490 8.985e-07
0.490 8.978e-07
0.489 8.971e-07
0.489 8.965e-07
0.489 8.958e-07
0.489 8.951e-07
0.489 8.945e-07
0.489 8.938e-07
0.489 8.931e-07
0.489 8.924e-07
0.489 8.918e-07
0.489 8.911e-07
0.489 8.904e-07
0.489 8.898e-07
0.489 8.891e-07
0.489 8.884e-07
0.489 8.878e-07
0.489 8.871e-07
0.489 8.864e-07
0.489 8.858e-07
0.489 8.851e-07
0.489 8.844e-07
0.489 8.838e-07
0.489 8.831e-07
0.489 8.824e-07
0.489 8.818e-07
0.489 8.811e-07
0.489 8.805e-07
0.489 8.798e-07
0.489 8.791e-07
0.489 8.785e-07
0.489 8.778e-07
0.489 8.772e-07
0.488 8.765e-07
0.488 8.758e-07
0.488 8.752e-07
0.488 8.745e-07
0.488 8.739e-07
0.488 8.732e-07
0.488 8.725e-07
0.488 8.719e-07
0.488 8.712e-07
0.488 8.706e-07
0.488 8.699e-07
0.488 8.693e-07
0.488 8.686e-07
0.488 8.680e-07
0.488 8.673e-07
0.488 8.667e-07
0.488 8.660e-07
0.488 8.654e-07
0.488 8.647e-07
0.488 8.641e-07
0.488 8.634e-07
0.488 8.628e-07
0.488 8.621e-07
0.488 8.615e-07
0.488 8.608e-07
0.488 8.602e-07
0.488 8.595e-07
0.488 8.589e-07
0.488 8.582e-07
0.488 8.576e-07
0.488 8.569e-07
0.487 8.563e-07
0.487 8.556e-07
0.487 8.550e-07
0.487 8.543e-07
0.487 8.537e-07
0.487 8.530e-07
0.487 8.524e-07
0.487 8.518e-07
0.487 8.511e-07
0.487 8.505e-07
0.487 8.498e-07
0.487 8.492e-07
0.487 8.486e-07
0.487 8.479e-07
0.487 8.473e-07
0.487 8.466e-07
0.487 8.460e-07
0.487 8.454e-07
0.487 8.447e-07
0.487 8.441e-07
0.487 8.434e-07
0.487 8.428e-07
0.487 8.422e-07
0.487 8.415e-07
0.487 8.409e-07
0.487 8.403e-07
0.487 8.396e-07
0.487 8.390e-07
0.487 8.384e-07
0.487 8.377e-07
