exonoodle/wasp43b_ersspectra_bb_noLD/Noodles_2021-03-26/SED_03.dat
# %ECSV 0.9
# ---
# datatype:
# - {name: wavelength, unit: micron, datatype: float64}
# - {name: flux, unit: microJansky, datatype: float64}
# schema: astropy-2.0
#
#
#  - - File generated by ExoNoodle - -
#         V1.0.0 - MML (CEA-Saclay)
#       2021-03-25 15:37:33.308590
wavelength flux 
[from data line 865]
8.19000E+00        1.44159066191E+04
8.19600E+00        1.43970022328E+04
8.20200E+00        1.43781397218E+04
8.20800E+00        1.43593140219E+04
8.21400E+00        1.43405200953E+04
8.22000E+00        1.43217677394E+04
8.22600E+00        1.43030469807E+04
8.23200E+00        1.42843675914E+04
8.23800E+00        1.42657196243E+04
8.24400E+00        1.42471128265E+04
8.25000E+00        1.42285465593E+04
8.25600E+00        1.42100119681E+04
8.26200E+00        1.41915084527E+04
8.26800E+00        1.41730457100E+04
8.27400E+00        1.41546138715E+04
8.28000E+00        1.41362226093E+04
8.28600E+00        1.41178620809E+04
8.29200E+00        1.40995419336E+04
8.29800E+00        1.40812523507E+04
8.30400E+00        1.40630029548E+04
8.31000E+00        1.40447839552E+04
8.31600E+00        1.40266049498E+04
8.32200E+00        1.40084561735E+04
8.32800E+00        1.39903471998E+04
8.33400E+00        1.39722682891E+04
8.34000E+00        1.39542289906E+04
8.34600E+00        1.39362195902E+04
8.35200E+00        1.39182496126E+04
8.35800E+00        1.39003184371E+04
8.36400E+00        1.38824174167E+04
8.37000E+00        1.38645459677E+04
8.37600E+00        1.38467087939E+04
8.38200E+00        1.38289105748E+04
8.38800E+00        1.38111416848E+04
8.39400E+00        1.37934115641E+04
8.40000E+00        1.37757106123E+04
8.40600E+00        1.37580482458E+04
8.41200E+00        1.37404148890E+04
8.41800E+00        1.37228199344E+04
8.42400E+00        1.37052538314E+04
8.43000E+00        1.36877259486E+04
8.43600E+00        1.36702267603E+04
8.44200E+00        1.36527656114E+04
8.44800E+00        1.36353330009E+04
8.45400E+00        1.36179335566E+04
8.46000E+00        1.36005718825E+04
8.46600E+00        1.35832385145E+04
8.47200E+00        1.35659427387E+04
8.47800E+00        1.35486751152E+04
8.48400E+00        1.35314449070E+04
8.49000E+00        1.35142426985E+04
8.49600E+00        1.34970777293E+04
8.50200E+00        1.34799406081E+04
8.50800E+00        1.34628405513E+04
8.51400E+00        1.34457681918E+04
8.52000E+00        1.34287280947E+04
8.52600E+00        1.34117248017E+04
8.53200E+00        1.33947489818E+04
8.53800E+00        1.33778097937E+04
8.54400E+00        1.33608979303E+04
8.55000E+00        1.33440312323E+04
8.55600E+00        1.33271743021E+04
8.56200E+00        1.33103664625E+04
8.56800E+00        1.32935861350E+04
8.57400E+00        1.32768327654E+04
8.58000E+00        1.32601154331E+04
8.58600E+00        1.32434249137E+04
8.59200E+00        1.32267657051E+04
8.59800E+00        1.32101422827E+04
8.60400E+00        1.31935454573E+04
8.61000E+00        1.31769842519E+04
8.61600E+00        1.31604495008E+04
8.62200E+00        1.31439456745E+04
8.62800E+00        1.31274772207E+04
8.63400E+00        1.31110350088E+04
8.64000E+00        1.30946280057E+04
8.64600E+00        1.30782471040E+04
8.65200E+00        1.30619012486E+04
8.65800E+00        1.30455813548E+04
8.66400E+00        1.30292918549E+04
8.67000E+00        1.30130371591E+04
8.67600E+00        1.29968082171E+04
8.68200E+00        1.29806139188E+04
8.68800E+00        1.29644452369E+04
8.69400E+00        1.29483065768E+04
8.70000E+00        1.29322023216E+04
8.70600E+00        1.29161234783E+04
8.71200E+00        1.29000788821E+04
8.71800E+00        1.28840595625E+04
8.72400E+00        1.28680698980E+04
8.73000E+00        1.28521142454E+04
8.73600E+00        1.28361836680E+04
8.74200E+00        1.28202825284E+04
8.74800E+00        1.28044151677E+04
8.75400E+00        1.27885726827E+04
8.76000E+00        1.27727638222E+04
8.76600E+00        1.27569797055E+04
8.77200E+00        1.27412246689E+04
8.77800E+00        1.27255030272E+04
8.78400E+00        1.27098059329E+04
8.79000E+00        1.26941377066E+04
8.79600E+00        1.26785026475E+04
8.80200E+00        1.26628919412E+04
8.80800E+00        1.26473142515E+04
8.81400E+00        1.26317607860E+04
8.82000E+00        1.26162358392E+04
8.82600E+00        1.26007436847E+04
8.83200E+00        1.25852755627E+04
8.83800E+00        1.25698357525E+04
8.84400E+00        1.25544285122E+04
8.85000E+00        1.25390451147E+04
8.85600E+00        1.25236898238E+04
8.86200E+00        1.25083668823E+04
8.86800E+00        1.24930675956E+04
8.87400E+00        1.24778005125E+04
8.88000E+00        1.24625569598E+04
8.88600E+00        1.24473411759E+04
8.89200E+00        1.24321573783E+04
8.89800E+00        1.24169969260E+04
8.90400E+00        1.24018640421E+04
8.91000E+00        1.23867629292E+04
8.91600E+00        1.23716849782E+04
8.92200E+00        1.23566263371E+04
8.92800E+00        1.23416153736E+04
8.93400E+00        1.23266193302E+04
8.94000E+00        1.23116504601E+04
8.94600E+00        1.22967129358E+04
8.95200E+00        1.22817982115E+04
8.95800E+00        1.22669104656E+04
8.96400E+00        1.22520538557E+04
8.97000E+00        1.22372118853E+04
8.97600E+00        1.22224126642E+04
8.98200E+00        1.22076284263E+04
8.98800E+00        1.21928746057E+04
8.99400E+00        1.21781473786E+04
9.00000E+00        1.21634508733E+04
9.00600E+00        1.21487766378E+04
9.01200E+00        1.21341288059E+04
9.01800E+00        1.21195114913E+04
9.02400E+00        1.21049162731E+04
9.03000E+00        1.20903472703E+04
9.03600E+00        1.20758085822E+04
9.04200E+00        1.20612918184E+04
9.04800E+00        1.20468010836E+04
9.05400E+00        1.20323404625E+04
9.06000E+00        1.20179094343E+04
9.06600E+00        1.20034964018E+04
9.07200E+00        1.19891132839E+04
9.07800E+00        1.19747439404E+04
9.08400E+00        1.19604080778E+04
9.09000E+00        1.19460978154E+04
9.09600E+00        1.19318172046E+04
9.10200E+00        1.19175579561E+04
9.10800E+00        1.19033318908E+04
9.11400E+00        1.18891275083E+04
9.12000E+00        1.18749443230E+04
9.12600E+00        1.18607863773E+04
9.13200E+00        1.18466499671E+04
9.13800E+00        1.18325500444E+04
9.14400E+00        1.18184674563E+04
9.15000E+00        1.18044139389E+04
9.15600E+00        1.17903812925E+04
9.16200E+00        1.17763735313E+04
9.16800E+00        1.17623905970E+04
9.17400E+00        1.17484364799E+04
9.18000E+00        1.17345030198E+04
9.18600E+00        1.17205942121E+04
9.19200E+00        1.17067140334E+04
9.19800E+00        1.16928543528E+04
9.20400E+00        1.16790191518E+04
9.21000E+00        1.16652123932E+04
9.21600E+00        1.16514259752E+04
9.22200E+00        1.16376638655E+04
9.22800E+00        1.16239260075E+04
9.23400E+00        1.16102163454E+04
9.24000E+00        1.15965268161E+04
9.24600E+00        1.15828613690E+04
9.25200E+00        1.15692239350E+04
9.25800E+00        1.15556064796E+04
9.26400E+00        1.15420129386E+04
9.27000E+00        1.15284432563E+04
9.27600E+00        1.15149013454E+04
9.28200E+00        1.15013792097E+04
9.28800E+00        1.14878807668E+04
9.29400E+00        1.14744099159E+04
9.30000E+00        1.14609586892E+04
9.30600E+00        1.14475309907E+04
9.31200E+00        1.14341267661E+04
9.31800E+00        1.14207498965E+04
9.32400E+00        1.14073924519E+04
9.33000E+00        1.13940583184E+04
9.33600E+00        1.13807513641E+04
9.34200E+00        1.13674636868E+04
9.34800E+00        1.13542065651E+04
9.35400E+00        1.13409651256E+04
9.36000E+00        1.13277506330E+04
9.36600E+00        1.13145552223E+04
9.37200E+00        1.13013827487E+04
9.37800E+00        1.12882331594E+04
9.38400E+00        1.12751102872E+04
9.39000E+00        1.12620063041E+04
9.39600E+00        1.12489250478E+04
9.40200E+00        1.12358664660E+04
9.40800E+00        1.12228343739E+04
9.41400E+00        1.12098209805E+04
9.42000E+00        1.11968301058E+04
9.42600E+00        1.11838655522E+04
9.43200E+00        1.11709195557E+04
9.43800E+00        1.11580032010E+04
9.44400E+00        1.11451018735E+04
9.45000E+00        1.11322266441E+04
9.45600E+00        1.11193697853E+04
9.46200E+00        1.11065350869E+04
9.46800E+00        1.10937224982E+04
9.47400E+00        1.10809357873E+04
9.48000E+00        1.10681672625E+04
9.48600E+00        1.10554206964E+04
9.49200E+00        1.10426960391E+04
9.49800E+00        1.10299970416E+04
9.50400E+00        1.10173160478E+04
9.51000E+00        1.10046639909E+04
9.51600E+00        1.09920302461E+04
9.52200E+00        1.09794143699E+04
9.52800E+00        1.09668201050E+04
9.53400E+00        1.09542474026E+04
9.54000E+00        1.09416999841E+04
9.54600E+00        1.09291702555E+04
9.55200E+00        1.09166619429E+04
9.55800E+00        1.09041749979E+04
9.56400E+00        1.08917131252E+04
9.57000E+00        1.08792687659E+04
9.57600E+00        1.08668527168E+04
9.58200E+00        1.08544507471E+04
9.58800E+00        1.08420699044E+04
9.59400E+00        1.08297138728E+04
9.60000E+00        1.08173751368E+04
9.60600E+00        1.08050573852E+04
9.61200E+00        1.07927605706E+04
9.61800E+00        1.07804883607E+04
9.62400E+00        1.07682332745E+04
9.63000E+00        1.07559989842E+04
9.63600E+00        1.07437854431E+04
9.64200E+00        1.07315963024E+04
9.64800E+00        1.07194311067E+04
9.65400E+00        1.07072795215E+04
9.66000E+00        1.06951484996E+04
9.66600E+00        1.06830416762E+04
9.67200E+00        1.06709516386E+04
9.67800E+00        1.06588820264E+04
9.68400E+00        1.06468327939E+04
9.69000E+00        1.06348038953E+04
9.69600E+00        1.06227989457E+04
9.70200E+00        1.06108105746E+04
9.70800E+00        1.05988424015E+04
9.71400E+00        1.05869012859E+04
9.72000E+00        1.05749733657E+04
9.72600E+00        1.05630691483E+04
9.73200E+00        1.05511813052E+04
9.73800E+00        1.05393134357E+04
9.74400E+00        1.05274654955E+04
9.75000E+00        1.05156410634E+04
9.75600E+00        1.05038328444E+04
9.76200E+00        1.04920444218E+04
9.76800E+00        1.04802757516E+04
9.77400E+00        1.04685267900E+04
9.78000E+00        1.04568079161E+04
9.78600E+00        1.04450982288E+04
9.79200E+00        1.04334081191E+04
9.79800E+00        1.04217375437E+04
9.80400E+00        1.04100864593E+04
9.81000E+00        1.03984584058E+04
9.81600E+00        1.03868461700E+04
9.82200E+00        1.03752532961E+04
9.82800E+00        1.03636797413E+04
9.83400E+00        1.03521322143E+04
9.84000E+00        1.03406007252E+04
9.84600E+00        1.03290848605E+04
9.85200E+00        1.03175881449E+04
9.85800E+00        1.03061105361E+04
9.86400E+00        1.02946519920E+04
9.87000E+00        1.02832160140E+04
9.87600E+00        1.02717954696E+04
9.88200E+00        1.02603938643E+04
9.88800E+00        1.02490178406E+04
9.89400E+00        1.02376539814E+04
9.90000E+00        1.02263124603E+04
9.90600E+00        1.02149861850E+04
9.91200E+00        1.02036786416E+04
9.91800E+00        1.01923897893E+04
9.92400E+00        1.01811195870E+04
9.93000E+00        1.01698714980E+04
9.93600E+00        1.01586384693E+04
9.94200E+00        1.01474305862E+04
9.94800E+00        1.01362345652E+04
9.95400E+00        1.01250569911E+04
9.96000E+00        1.01138978236E+04
9.96600E+00        1.01027605034E+04
9.97200E+00        1.00916380247E+04
9.97800E+00        1.00805338322E+04
9.98400E+00        1.00694478862E+04
9.99000E+00        1.00583801468E+04
9.99600E+00        1.00473371268E+04
1.00020E+01        1.00363091329E+04
1.00080E+01        1.00252957650E+04
1.00140E+01        1.00143004459E+04
1.00200E+01        1.00033231363E+04
1.00260E+01        9.99236379699E+03
1.00320E+01        9.98142582827E+03
1.00380E+01        9.97050230903E+03
1.00440E+01        9.95960313859E+03
1.00500E+01        9.94871528084E+03
1.00560E+01        9.93784519946E+03
1.00620E+01        9.92699285596E+03
1.00680E+01        9.91616162862E+03
1.00740E+01        9.90534464207E+03
1.00800E+01        9.89454527854E+03
1.00860E+01        9.88376349996E+03
1.00920E+01        9.87300570696E+03
1.00980E+01        9.86225897742E+03
1.01040E+01        9.85153311361E+03
1.01100E+01        9.84082128537E+03
1.01160E+01        9.83012685322E+03
1.01220E+01        9.81944977969E+03
1.01280E+01        9.80879002742E+03
1.01340E+01        9.79814755912E+03
1.01400E+01        9.78752872045E+03
1.01460E+01        9.77692407043E+03
1.01520E+01        9.76633322088E+03
1.01580E+01        9.75575950724E+03
1.01640E+01        9.74520289273E+03
1.01700E+01        9.73466334068E+03
1.01760E+01        9.72414081450E+03
1.01820E+01        9.71363862455E+03
1.01880E+01        9.70315003715E+03
1.01940E+01        9.69268468738E+03
1.02000E+01        9.68222989042E+03
1.02060E+01        9.67179193790E+03
1.02120E+01        9.66137079384E+03
1.02180E+01        9.65096642232E+03
1.02240E+01        9.64058210917E+03
1.02300E+01        9.63021117184E+03
1.02360E+01        9.61985689991E+03
1.02420E+01        9.60952552448E+03
1.02480E+01        9.59920447015E+03
1.02540E+01        9.58889997495E+03
1.02600E+01        9.57861200364E+03
1.02660E+01        9.56834052106E+03
1.02720E+01        9.55808878533E+03
1.02780E+01        9.54785017161E+03
1.02840E+01        9.53762794174E+03
1.02900E+01        9.52742206093E+03
1.02960E+01        9.51723870086E+03
1.03020E+01        9.50706540757E+03
1.03080E+01        9.49690835957E+03
1.03140E+01        9.48677079102E+03
1.03200E+01        9.47664612694E+03
1.03260E+01        9.46653760518E+03
1.03320E+01        9.45644519159E+03
1.03380E+01        9.44636885213E+03
1.03440E+01        9.43630855282E+03
1.03500E+01        9.42626425979E+03
1.03560E+01        9.41624207969E+03
1.03620E+01        9.40623293222E+03
1.03680E+01        9.39623644570E+03
1.03740E+01        9.38625583086E+03
1.03800E+01        9.37629105426E+03
1.03860E+01        9.36634208257E+03
1.03920E+01        9.35640888252E+03
1.03980E+01        9.34649142094E+03
1.04040E+01        9.33658966475E+03
1.04100E+01        9.32670966293E+03
1.04160E+01        9.31684242213E+03
1.04220E+01        9.30698757462E+03
1.04280E+01        9.29714830103E+03
1.04340E+01        9.28732456870E+03
1.04400E+01        9.27751634508E+03
1.04460E+01        9.26772359767E+03
1.04520E+01        9.25794629406E+03
1.04580E+01        9.24818440195E+03
1.04640E+01        9.23843788911E+03
1.04700E+01        9.22870672337E+03
1.04760E+01        9.21900006059E+03
1.04820E+01        9.20929948329E+03
1.04880E+01        9.19961415718E+03
1.04940E+01        9.18994405043E+03
1.05000E+01        9.18028913131E+03
1.05060E+01        9.17064936817E+03
1.05120E+01        9.16102472945E+03
1.05180E+01        9.15141518364E+03
1.05240E+01        9.14182069936E+03
1.05300E+01        9.13224439158E+03
1.05360E+01        9.12267993314E+03
1.05420E+01        9.11313044248E+03
1.05480E+01        9.10360182489E+03
1.05540E+01        9.09408217044E+03
1.05600E+01        9.08457739078E+03
1.05660E+01        9.07508745508E+03
1.05720E+01        9.06561233255E+03
1.05780E+01        9.05615199254E+03
1.05840E+01        9.04670640442E+03
1.05900E+01        9.03727553767E+03
1.05960E+01        9.02785936185E+03
1.06020E+01        9.01845784658E+03
1.06080E+01        9.00907406541E+03
1.06140E+01        8.99970177723E+03
1.06200E+01        8.99034992139E+03
1.06260E+01        8.98100673689E+03
1.06320E+01        8.97167806228E+03
1.06380E+01        8.96236386765E+03
1.06440E+01        8.95306412318E+03
1.06500E+01        8.94377879912E+03
1.06560E+01        8.93450786579E+03
1.06620E+01        8.92525129358E+03
1.06680E+01        8.91600905299E+03
1.06740E+01        8.90678111455E+03
1.06800E+01        8.89756744890E+03
1.06860E+01        8.88837108895E+03
1.06920E+01        8.87918587788E+03
1.06980E+01        8.87001485194E+03
1.07040E+01        8.86085798204E+03
1.07100E+01        8.85171523919E+03
1.07160E+01        8.84258659446E+03
1.07220E+01        8.83347201900E+03
1.07280E+01        8.82437148402E+03
1.07340E+01        8.81529070899E+03
1.07400E+01        8.80621816302E+03
1.07460E+01        8.79715957166E+03
1.07520E+01        8.78811490640E+03
1.07580E+01        8.77908413884E+03
1.07640E+01        8.77006724062E+03
1.07700E+01        8.76106418349E+03
1.07760E+01        8.75207493924E+03
