exonoodle/wasp43b_ersspectra_bb_noLD/Noodles_2021-03-26/SED_08.dat
# %ECSV 0.9
# ---
# datatype:
# - {name: wavelength, unit: micron, datatype: float64}
# - {name: flux, unit: microJansky, datatype: float64}
# schema: astropy-2.0
#
#
#  - - File generated by ExoNoodle - -
#         V1.0.0 - MML (CEA-Saclay)
#       2021-03-25 15:37:33.308590
wavelength flux 
[from data line 1298]
1.07880E+01        8.75065940990E+03
1.07940E+01        8.74169406655E+03
1.08000E+01        8.73275061962E+03
1.08060E+01        8.72381269523E+03
1.08120E+01        8.71488844274E+03
1.08180E+01        8.70597783440E+03
1.08240E+01        8.69708084252E+03
1.08300E+01        8.68819743946E+03
1.08360E+01        8.67932759770E+03
1.08420E+01        8.67047128975E+03
1.08480E+01        8.66162848819E+03
1.08540E+01        8.65279916569E+03
1.08600E+01        8.64398329497E+03
1.08660E+01        8.63518084883E+03
1.08720E+01        8.62639180014E+03
1.08780E+01        8.61761612182E+03
1.08840E+01        8.60885378688E+03
1.08900E+01        8.60010476839E+03
1.08960E+01        8.59136903948E+03
1.09020E+01        8.58264657335E+03
1.09080E+01        8.57393734329E+03
1.09140E+01        8.56524132262E+03
1.09200E+01        8.55655848475E+03
1.09260E+01        8.54789184648E+03
1.09320E+01        8.53923529215E+03
1.09380E+01        8.53059184123E+03
1.09440E+01        8.52196146739E+03
1.09500E+01        8.51334414438E+03
1.09560E+01        8.50473984599E+03
1.09620E+01        8.49614854609E+03
1.09680E+01        8.48757021861E+03
1.09740E+01        8.47901285797E+03
1.09800E+01        8.47046030072E+03
1.09860E+01        8.46191281100E+03
1.09920E+01        8.45338611383E+03
1.09980E+01        8.44487225970E+03
1.10040E+01        8.43637122295E+03
1.10100E+01        8.42789086184E+03
1.10160E+01        8.41941537511E+03
1.10220E+01        8.41095262911E+03
1.10280E+01        8.40250259840E+03
1.10340E+01        8.39406525762E+03
1.10400E+01        8.38564058148E+03
1.10460E+01        8.37722854473E+03
1.10520E+01        8.36882912221E+03
1.10580E+01        8.36044228879E+03
1.10640E+01        8.35206801943E+03
1.10700E+01        8.34370628914E+03
1.10760E+01        8.33535707299E+03
1.10820E+01        8.32702034612E+03
1.10880E+01        8.31869608372E+03
1.10940E+01        8.31038426105E+03
1.11000E+01        8.30208485343E+03
1.11060E+01        8.29379783624E+03
1.11120E+01        8.28552318492E+03
1.11180E+01        8.27726383996E+03
1.11240E+01        8.26901384451E+03
1.11300E+01        8.26076841369E+03
1.11360E+01        8.25254298674E+03
1.11420E+01        8.24432980376E+03
1.11480E+01        8.23612884054E+03
1.11540E+01        8.22794777015E+03
1.11600E+01        8.21976347693E+03
1.11660E+01        8.21159902843E+03
1.11720E+01        8.20344670350E+03
1.11780E+01        8.19530647823E+03
1.11840E+01        8.18717832878E+03
1.11900E+01        8.17906223136E+03
1.11960E+01        8.17095816226E+03
1.12020E+01        8.16286609778E+03
1.12080E+01        8.15478601434E+03
1.12140E+01        8.14671788837E+03
1.12200E+01        8.13866169637E+03
1.12260E+01        8.13061741490E+03
1.12320E+01        8.12258502060E+03
1.12380E+01        8.11456440526E+03
1.12440E+01        8.10655571543E+03
1.12500E+01        8.09855884296E+03
1.12560E+01        8.09057376468E+03
1.12620E+01        8.08260045750E+03
1.12680E+01        8.07463889838E+03
1.12740E+01        8.06668906433E+03
1.12800E+01        8.05875093243E+03
1.12860E+01        8.05082447980E+03
1.12920E+01        8.04290968362E+03
1.12980E+01        8.03500652114E+03
1.13040E+01        8.02711496963E+03
1.13100E+01        8.01923500646E+03
1.13160E+01        8.01136949570E+03
1.13220E+01        8.00351263913E+03
1.13280E+01        7.99566730326E+03
1.13340E+01        7.98783346568E+03
1.13400E+01        7.98001110399E+03
1.13460E+01        7.97220019587E+03
1.13520E+01        7.96439318485E+03
1.13580E+01        7.95660512449E+03
1.13640E+01        7.94882845104E+03
1.13700E+01        7.94106314240E+03
1.13760E+01        7.93330917651E+03
1.13820E+01        7.92556653136E+03
1.13880E+01        7.91783518500E+03
1.13940E+01        7.91011511554E+03
1.14000E+01        7.90240630114E+03
1.14060E+01        7.89470872000E+03
1.14120E+01        7.88702235039E+03
1.14180E+01        7.87934717062E+03
1.14240E+01        7.87168315905E+03
1.14300E+01        7.86403021187E+03
1.14360E+01        7.85638847210E+03
1.14420E+01        7.84875783594E+03
1.14480E+01        7.84113828198E+03
1.14540E+01        7.83352978883E+03
1.14600E+01        7.82593233516E+03
1.14660E+01        7.81833858557E+03
1.14720E+01        7.81076315421E+03
1.14780E+01        7.80319869867E+03
1.14840E+01        7.79564519782E+03
1.14900E+01        7.78810263060E+03
1.14960E+01        7.78057097598E+03
1.15020E+01        7.77305013172E+03
1.15080E+01        7.76554023953E+03
1.15140E+01        7.75804119720E+03
1.15200E+01        7.75055579298E+03
1.15260E+01        7.74307838571E+03
1.15320E+01        7.73561176599E+03
1.15380E+01        7.72815591315E+03
1.15440E+01        7.72070358335E+03
1.15500E+01        7.71326920940E+03
1.15560E+01        7.70584554060E+03
1.15620E+01        7.69843255648E+03
1.15680E+01        7.69103015618E+03
1.15740E+01        7.68363848026E+03
1.15800E+01        7.67625742789E+03
1.15860E+01        7.66888697879E+03
1.15920E+01        7.66152711272E+03
1.15980E+01        7.65417780951E+03
1.16040E+01        7.64683904901E+03
1.16100E+01        7.63951081114E+03
1.16160E+01        7.63218593554E+03
1.16220E+01        7.62487868970E+03
1.16280E+01        7.61758190650E+03
1.16340E+01        7.61029548646E+03
1.16400E+01        7.60301956897E+03
1.16460E+01        7.59575405457E+03
1.16520E+01        7.58849892350E+03
1.16580E+01        7.58125415606E+03
1.16640E+01        7.57401973257E+03
1.16700E+01        7.56679563342E+03
1.16760E+01        7.55958183904E+03
1.16820E+01        7.55237118534E+03
1.16880E+01        7.54517794878E+03
1.16940E+01        7.53799495855E+03
1.17000E+01        7.53082219525E+03
1.17060E+01        7.52365963954E+03
1.17120E+01        7.51650727214E+03
1.17180E+01        7.50936507378E+03
1.17240E+01        7.50223302526E+03
1.17300E+01        7.49511292891E+03
1.17360E+01        7.48799494731E+03
1.17420E+01        7.48089323815E+03
1.17480E+01        7.47380160245E+03
1.17540E+01        7.46672002124E+03
1.17600E+01        7.45964847557E+03
1.17660E+01        7.45258694656E+03
1.17720E+01        7.44553541536E+03
1.17780E+01        7.43849386317E+03
1.17840E+01        7.43146227122E+03
1.17900E+01        7.42444054315E+03
1.17960E+01        7.41742187599E+03
1.18020E+01        7.41042005929E+03
1.18080E+01        7.40342812823E+03
1.18140E+01        7.39644606426E+03
1.18200E+01        7.38947384889E+03
1.18260E+01        7.38251146367E+03
1.18320E+01        7.37555889018E+03
1.18380E+01        7.36861603298E+03
1.18440E+01        7.36168302797E+03
1.18500E+01        7.35475289870E+03
1.18560E+01        7.34783939543E+03
1.18620E+01        7.34093561246E+03
1.18680E+01        7.33404153163E+03
1.18740E+01        7.32715713485E+03
1.18800E+01        7.32028232747E+03
1.18860E+01        7.31341724466E+03
1.18920E+01        7.30656179180E+03
1.18980E+01        7.29970912148E+03
1.19040E+01        7.29287288112E+03
1.19100E+01        7.28604621699E+03
1.19160E+01        7.27922911126E+03
1.19220E+01        7.27242147010E+03
1.19280E+01        7.26562342795E+03
1.19340E+01        7.25883489099E+03
1.19400E+01        7.25205584156E+03
1.19460E+01        7.24527948356E+03
1.19520E+01        7.23852201686E+03
1.19580E+01        7.23177132879E+03
1.19640E+01        7.22503005803E+03
1.19700E+01        7.21829811163E+03
1.19760E+01        7.21157562322E+03
1.19820E+01        7.20486249989E+03
1.19880E+01        7.19815198948E+03
1.19940E+01        7.19145755058E+03
1.20000E+01        7.18477242486E+03
1.20060E+01        7.17809659509E+03
1.20120E+01        7.17142996911E+03
1.20180E+01        7.16477267986E+03
1.20240E+01        7.15812463517E+03
1.20300E+01        7.15147912688E+03
1.20360E+01        7.14484952638E+03
1.20420E+01        7.13822911938E+03
1.20480E+01        7.13161781434E+03
1.20540E+01        7.12501574363E+03
1.20600E+01        7.11842281572E+03
1.20660E+01        7.11183235981E+03
1.20720E+01        7.10525767322E+03
1.20780E+01        7.09869207906E+03
1.20840E+01        7.09213556064E+03
1.20900E+01        7.08558802718E+03
1.20960E+01        7.07904961032E+03
1.21020E+01        7.07252021929E+03
1.21080E+01        7.06599322651E+03
1.21140E+01        7.05948184363E+03
1.21200E+01        7.05297943704E+03
1.21260E+01        7.04648591658E+03
1.21320E+01        7.04000141332E+03
1.21380E+01        7.03352583712E+03
1.21440E+01        7.02705259708E+03
1.21500E+01        7.02059483211E+03
1.21560E+01        7.01414594532E+03
1.21620E+01        7.00770584720E+03
1.21680E+01        7.00127466822E+03
1.21740E+01        6.99485486662E+03
1.21800E+01        6.98843482187E+03
1.21860E+01        6.98203008759E+03
1.21920E+01        6.97563413471E+03
1.21980E+01        6.96924687436E+03
1.22040E+01        6.96286843643E+03
1.22100E+01        6.95649873202E+03
1.22160E+01        6.95013774525E+03
1.22220E+01        6.94377896323E+03
1.22280E+01        6.93743529760E+03
1.22340E+01        6.93110037476E+03
1.22400E+01        6.92477410636E+03
1.22460E+01        6.91845647668E+03
1.22520E+01        6.91214100263E+03
1.22580E+01        6.90584060930E+03
1.22640E+01        6.89954873559E+03
1.22700E+01        6.89326551033E+03
1.22760E+01        6.88699084576E+03
1.22820E+01        6.88072472638E+03
1.22880E+01        6.87446070461E+03
1.22940E+01        6.86821156326E+03
1.23000E+01        6.86197099272E+03
1.23060E+01        6.85573890570E+03
1.23120E+01        6.84951528689E+03
1.23180E+01        6.84329371806E+03
1.23240E+01        6.83708699564E+03
1.23300E+01        6.83088862420E+03
1.23360E+01        6.82469873152E+03
1.23420E+01        6.81851723092E+03
1.23480E+01        6.81234410729E+03
1.23540E+01        6.80617297737E+03
1.23600E+01        6.80001649710E+03
1.23660E+01        6.79386841981E+03
1.23720E+01        6.78772865935E+03
1.23780E+01        6.78159720075E+03
1.23840E+01        6.77546768969E+03
1.23900E+01        6.76935272503E+03
1.23960E+01        6.76324608845E+03
1.24020E+01        6.75714769425E+03
1.24080E+01        6.75105752766E+03
1.24140E+01        6.74497176480E+03
1.24200E+01        6.73889794257E+03
1.24260E+01        6.73283237434E+03
1.24320E+01        6.72677497489E+03
1.24380E+01        6.72072572962E+03
1.24440E+01        6.71467834101E+03
1.24500E+01        6.70864529582E+03
1.24560E+01        6.70262043136E+03
1.24620E+01        6.69660366291E+03
1.24680E+01        6.69059497600E+03
1.24740E+01        6.68458810148E+03
1.24800E+01        6.67859547018E+03
1.24860E+01        6.67261094715E+03
1.24920E+01        6.66663444815E+03
1.24980E+01        6.66066595888E+03
1.25040E+01        6.65469923833E+03
1.25100E+01        6.64874666178E+03
1.25160E+01        6.64280212185E+03
1.25220E+01        6.63686553477E+03
1.25280E+01        6.63093068190E+03
1.25340E+01        6.62500996367E+03
1.25400E+01        6.61909708670E+03
1.25460E+01        6.61319217549E+03
1.25520E+01        6.60729514673E+03
1.25580E+01        6.60139980961E+03
1.25640E+01        6.59551850933E+03
1.25700E+01        6.58964498070E+03
1.25760E+01        6.58377934774E+03
1.25820E+01        6.57792152761E+03
1.25880E+01        6.57206535711E+03
1.25940E+01        6.56622305795E+03
1.26000E+01        6.56038859895E+03
1.26060E+01        6.55456189762E+03
1.26120E+01        6.54873681275E+03
1.26180E+01        6.54292559112E+03
1.26240E+01        6.53712201774E+03
1.26300E+01        6.53132621581E+03
1.26360E+01        6.52553810330E+03
1.26420E+01        6.51975156628E+03
1.26480E+01        6.51397879737E+03
1.26540E+01        6.50821375370E+03
1.26600E+01        6.50245855052E+03
1.26660E+01        6.49670260683E+03
1.26720E+01        6.49096035623E+03
1.26780E+01        6.48522563290E+03
1.26840E+01        6.47949855923E+03
1.26900E+01        6.47377905399E+03
1.26960E+01        6.46806105154E+03
1.27020E+01        6.46235664868E+03
1.27080E+01        6.45665970692E+03
1.27140E+01        6.45097034819E+03
1.27200E+01        6.44528246067E+03
1.27260E+01        6.43960809861E+03
1.27320E+01        6.43394114522E+03
1.27380E+01        6.42828172208E+03
1.27440E+01        6.42262373893E+03
1.27500E+01        6.41697920768E+03
1.27560E+01        6.41134203313E+03
1.27620E+01        6.40571233650E+03
1.27680E+01        6.40009003770E+03
1.27740E+01        6.39446914038E+03
1.27800E+01        6.38886160379E+03
1.27860E+01        6.38326135959E+03
1.27920E+01        6.37766852852E+03
1.27980E+01        6.37207706849E+03
1.28040E+01        6.36649889688E+03
1.28100E+01        6.36092796670E+03
1.28160E+01        6.35536439835E+03
1.28220E+01        6.34980217093E+03
1.28280E+01        6.34425316018E+03
1.28340E+01        6.33871134035E+03
1.28400E+01        6.33317683147E+03
1.28460E+01        6.32764363374E+03
1.28520E+01        6.32212358150E+03
1.28580E+01        6.31661067009E+03
1.28640E+01        6.31110501921E+03
1.28700E+01        6.30560065002E+03
1.28760E+01        6.30010935567E+03
1.28820E+01        6.29462515250E+03
1.28880E+01        6.28914815987E+03
1.28940E+01        6.28367241980E+03
1.29000E+01        6.27820968446E+03
1.29060E+01        6.27275399108E+03
1.29120E+01        6.26730781020E+03
1.29180E+01        6.26186049951E+03
1.29240E+01        6.25642612436E+03
1.29300E+01        6.25099874238E+03
1.29360E+01        6.24557847222E+03
1.29420E+01        6.24015939696E+03
1.29480E+01        6.23475318817E+03
1.29540E+01        6.22935398934E+03
1.29600E+01        6.22396172329E+03
1.29660E+01        6.21857068912E+03
1.29720E+01        6.21319245290E+03
1.29780E+01        6.20782111351E+03
1.29840E+01        6.20245098491E+03
1.29900E+01        6.19709360319E+03
1.29960E+01        6.19174314739E+03
1.30020E+01        6.18639954088E+03
1.30080E+01        6.18105711729E+03
1.30140E+01        6.17572737296E+03
1.30200E+01        6.17040450708E+03
1.30260E+01        6.16508844335E+03
1.30320E+01        6.15977353499E+03
1.30380E+01        6.15447123876E+03
1.30440E+01        6.14917577392E+03
1.30500E+01        6.14388131533E+03
1.30560E+01        6.13859948319E+03
1.30620E+01        6.13332444741E+03
1.30680E+01        6.12805619634E+03
1.30740E+01        6.12278892495E+03
1.30800E+01        6.11753421354E+03
1.30860E+01        6.11228625212E+03
1.30920E+01        6.10704502917E+03
1.30980E+01        6.10180475959E+03
1.31040E+01        6.09657698403E+03
1.31100E+01        6.09135591249E+03
1.31160E+01        6.08613577479E+03
1.31220E+01        6.08092808196E+03
1.31280E+01        6.07572705893E+03
1.31340E+01        6.07053269434E+03
1.31400E+01        6.06533923781E+03
1.31460E+01        6.06015816104E+03
1.31520E+01        6.05498370878E+03
1.31580E+01        6.04981586977E+03
1.31640E+01        6.04464891331E+03
1.31700E+01        6.03949655048E+03
1.31760E+01        6.03434848720E+03
1.31820E+01        6.02920128715E+03
1.31880E+01        6.02406635447E+03
1.31940E+01        6.01893796796E+03
1.32000E+01        6.01381611652E+03
1.32060E+01        6.00869510330E+03
1.32120E+01        6.00358629367E+03
1.32180E+01        5.99848398596E+03
1.32240E+01        5.99338256058E+03
1.32300E+01        5.98829316586E+03
1.32360E+01        5.98321030282E+03
1.32420E+01        5.97812830352E+03
1.32480E+01        5.97305828794E+03
1.32540E+01        5.96799477114E+03
1.32600E+01        5.96293767973E+03
1.32660E+01        5.95788142751E+03
1.32720E+01        5.95283709682E+03
1.32780E+01        5.94779922138E+03
1.32840E+01        5.94276216690E+03
1.32900E+01        5.93773704972E+03
1.32960E+01        5.93271823115E+03
1.33020E+01        5.92770582466E+03
1.33080E+01        5.92269421506E+03
1.33140E+01        5.91769441925E+03
1.33200E+01        5.91270100338E+03
1.33260E+01        5.90770836651E+03
1.33320E+01        5.90272749769E+03
1.33380E+01        5.89775297686E+03
1.33440E+01        5.89278473168E+03
1.33500E+01        5.88781724188E+03
1.33560E+01        5.88286145953E+03
1.33620E+01        5.87791198290E+03
1.33680E+01        5.87296324411E+03
