exonoodle/wasp43b_ersspectra_bb_noLD/Noodles_2021-03-26/SED_10.dat
# %ECSV 0.9
# ---
# datatype:
# - {name: wavelength, unit: micron, datatype: float64}
# - {name: flux, unit: microJansky, datatype: float64}
# schema: astropy-2.0
#
#
#  - - File generated by ExoNoodle - -
#         V1.0.0 - MML (CEA-Saclay)
#       2021-03-25 15:37:33.308590
wavelength flux 
[from data line 1730]
1.33800E+01        5.86006323091E+03
1.33860E+01        5.85513709607E+03
1.33920E+01        5.85022151965E+03
1.33980E+01        5.84531066506E+03
1.34040E+01        5.84040308014E+03
1.34100E+01        5.83550601164E+03
1.34160E+01        5.83061363773E+03
1.34220E+01        5.82572450992E+03
1.34280E+01        5.82084585679E+03
1.34340E+01        5.81597332001E+03
1.34400E+01        5.81110544177E+03
1.34460E+01        5.80624077847E+03
1.34520E+01        5.80138653452E+03
1.34580E+01        5.79653692228E+03
1.34640E+01        5.79169050180E+03
1.34700E+01        5.78685445946E+03
1.34760E+01        5.78202302215E+03
1.34820E+01        5.77719475359E+03
1.34880E+01        5.77237682219E+03
1.34940E+01        5.76756490612E+03
1.35000E+01        5.76275326237E+03
1.35060E+01        5.75795335180E+03
1.35120E+01        5.75315942666E+03
1.35180E+01        5.74837004503E+03
1.35240E+01        5.74358377905E+03
1.35300E+01        5.73880775548E+03
1.35360E+01        5.73403624933E+03
1.35420E+01        5.72926783635E+03
1.35480E+01        5.72450962554E+03
1.35540E+01        5.71975733110E+03
1.35600E+01        5.71500525777E+03
1.35660E+01        5.71026477147E+03
1.35720E+01        5.70553017225E+03
1.35780E+01        5.70079577905E+03
1.35840E+01        5.69607292954E+03
1.35900E+01        5.69135593799E+03
1.35960E+01        5.68663913752E+03
1.36020E+01        5.68193383762E+03
1.36080E+01        5.67723436676E+03
1.36140E+01        5.67253507214E+03
1.36200E+01        5.66784723523E+03
1.36260E+01        5.66316519860E+03
1.36320E+01        5.65848473309E+03
1.36380E+01        5.65381286347E+03
1.36440E+01        5.64914817513E+03
1.36500E+01        5.64448503985E+03
1.36560E+01        5.63983046502E+03
1.36620E+01        5.63518303959E+03
1.36680E+01        5.63053714926E+03
1.36740E+01        5.62589978416E+03
1.36800E+01        5.62126953675E+03
1.36860E+01        5.61664080665E+03
1.36920E+01        5.61202056674E+03
1.36980E+01        5.60740741299E+03
1.37040E+01        5.60279575889E+03
1.37100E+01        5.59819256014E+03
1.37160E+01        5.59359641621E+03
1.37220E+01        5.58900175440E+03
1.37280E+01        5.58441551330E+03
1.37340E+01        5.57983629587E+03
1.37400E+01        5.57525854315E+03
1.37460E+01        5.57068917669E+03
1.37520E+01        5.56612680293E+03
1.37580E+01        5.56156587662E+03
1.37640E+01        5.55701330231E+03
1.37700E+01        5.55246768991E+03
1.37760E+01        5.54792350781E+03
1.37820E+01        5.54338764366E+03
1.37880E+01        5.53885871080E+03
1.37940E+01        5.53433119123E+03
1.38000E+01        5.52981333324E+03
1.38060E+01        5.52529962110E+03
1.38120E+01        5.52078868288E+03
1.38180E+01        5.51628599503E+03
1.38240E+01        5.51179017780E+03
1.38300E+01        5.50729574022E+03
1.38360E+01        5.50281089030E+03
1.38420E+01        5.49832603927E+03
1.38480E+01        5.49385212221E+03
1.38540E+01        5.48938228865E+03
1.38600E+01        5.48491517562E+03
1.38660E+01        5.48045758926E+03
1.38720E+01        5.47600542737E+03
1.38780E+01        5.47155323808E+03
1.38840E+01        5.46711190323E+03
1.38900E+01        5.46267460578E+03
1.38960E+01        5.45823998948E+03
1.39020E+01        5.45381482740E+03
1.39080E+01        5.44939503736E+03
1.39140E+01        5.44497519407E+03
1.39200E+01        5.44056612651E+03
1.39260E+01        5.43616105086E+03
1.39320E+01        5.43175861751E+03
1.39380E+01        5.42736556670E+03
1.39440E+01        5.42297244141E+03
1.39500E+01        5.41859002690E+03
1.39560E+01        5.41421291551E+03
1.39620E+01        5.40983571707E+03
1.39680E+01        5.40546919071E+03
1.39740E+01        5.40110794191E+03
1.39800E+01        5.39674659358E+03
1.39860E+01        5.39239587882E+03
1.39920E+01        5.38805041622E+03
1.39980E+01        5.38370484172E+03
1.40040E+01        5.37936986248E+03
