exonoodle/wasp43b_ersspectra_bb_noLD/Noodles_2021-03-26/SED_14.dat
# %ECSV 0.9
# ---
# datatype:
# - {name: wavelength, unit: micron, datatype: float64}
# - {name: flux, unit: microJansky, datatype: float64}
# schema: astropy-2.0
#
#
#  - - File generated by ExoNoodle - -
#         V1.0.0 - MML (CEA-Saclay)
#       2021-03-25 15:37:33.308590
wavelength flux 
[from data line 1298]
1.07880E+01        8.72524137293E+03
1.07940E+01        8.71630252190E+03
1.08000E+01        8.70737773309E+03
1.08060E+01        8.69846622750E+03
1.08120E+01        8.68956835316E+03
1.08180E+01        8.68068408241E+03
1.08240E+01        8.67181338764E+03
1.08300E+01        8.66295624130E+03
1.08360E+01        8.65411261594E+03
1.08420E+01        8.64528248415E+03
1.08480E+01        8.63646581861E+03
1.08540E+01        8.62766259206E+03
1.08600E+01        8.61887277730E+03
1.08660E+01        8.61009634721E+03
1.08720E+01        8.60133327474E+03
1.08780E+01        8.59258353290E+03
1.08840E+01        8.58384709478E+03
1.08900E+01        8.57512393351E+03
1.08960E+01        8.56641402233E+03
1.09020E+01        8.55771733451E+03
1.09080E+01        8.54903384339E+03
1.09140E+01        8.54036352241E+03
1.09200E+01        8.53170634505E+03
1.09260E+01        8.52306228484E+03
1.09320E+01        8.51443131542E+03
1.09380E+01        8.50581341046E+03
1.09440E+01        8.49720854371E+03
1.09500E+01        8.48861668898E+03
1.09560E+01        8.48003782016E+03
1.09620E+01        8.47147191119E+03
1.09680E+01        8.46291893608E+03
1.09740E+01        8.45438730264E+03
1.09800E+01        8.44585204790E+03
1.09860E+01        8.43733735497E+03
1.09920E+01        8.42883585668E+03
1.09980E+01        8.42034716327E+03
1.10040E+01        8.41187124913E+03
1.10100E+01        8.40340845100E+03
1.10160E+01        8.39495801848E+03
1.10220E+01        8.38652028880E+03
1.10280E+01        8.37809523661E+03
1.10340E+01        8.36968283663E+03
1.10400E+01        8.36128306362E+03
1.10460E+01        8.35289589242E+03
1.10520E+01        8.34452129794E+03
1.10580E+01        8.33615925514E+03
1.10640E+01        8.32780973903E+03
1.10700E+01        8.31947272472E+03
1.10760E+01        8.31114818734E+03
1.10820E+01        8.30283610210E+03
1.10880E+01        8.29453644428E+03
1.10940E+01        8.28624918920E+03
1.11000E+01        8.27797431226E+03
1.11060E+01        8.26971178891E+03
1.11120E+01        8.26146159467E+03
1.11180E+01        8.25322370511E+03
1.11240E+01        8.24499809585E+03
1.11300E+01        8.23678438752E+03
1.11360E+01        8.22858326639E+03
1.11420E+01        8.22039435284E+03
1.11480E+01        8.21221762273E+03
1.11540E+01        8.20405340568E+03
1.11600E+01        8.19590061665E+03
1.11660E+01        8.18776029272E+03
1.11720E+01        8.17963205632E+03
1.11780E+01        8.17151588362E+03
1.11840E+01        8.16341175085E+03
1.11900E+01        8.15531963430E+03
1.11960E+01        8.14723951029E+03
1.12020E+01        8.13917135525E+03
1.12080E+01        8.13111514562E+03
1.12140E+01        8.12307085792E+03
1.12200E+01        8.11503846872E+03
1.12260E+01        8.10701795466E+03
1.12320E+01        8.09900929243E+03
1.12380E+01        8.09100473666E+03
1.12440E+01        8.08301971599E+03
1.12500E+01        8.07504647755E+03
1.12560E+01        8.06708499823E+03
1.12620E+01        8.05913525503E+03
1.12680E+01        8.05119722495E+03
1.12740E+01        8.04327088509E+03
1.12800E+01        8.03535621259E+03
1.12860E+01        8.02745318463E+03
1.12920E+01        8.01956177847E+03
1.12980E+01        8.01168197142E+03
1.13040E+01        8.00381374083E+03
1.13100E+01        7.99595706413E+03
1.13160E+01        7.98811191877E+03
1.13220E+01        7.98027828230E+03
1.13280E+01        7.97245613228E+03
1.13340E+01        7.96464544635E+03
1.13400E+01        7.95684620219E+03
1.13460E+01        7.94905837756E+03
1.13520E+01        7.94127402885E+03
1.13580E+01        7.93350898445E+03
1.13640E+01        7.92575529311E+03
1.13700E+01        7.91801293279E+03
1.13760E+01        7.91028188149E+03
1.13820E+01        7.90256211728E+03
1.13880E+01        7.89485361828E+03
1.13940E+01        7.88715636264E+03
1.14000E+01        7.87947032861E+03
1.14060E+01        7.87179549444E+03
1.14120E+01        7.86413183846E+03
1.14180E+01        7.85647933906E+03
1.14240E+01        7.84883797466E+03
1.14300E+01        7.84120024029E+03
1.14360E+01        7.83358108868E+03
1.14420E+01        7.82597300766E+03
1.14480E+01        7.81837597588E+03
1.14540E+01        7.81078997202E+03
1.14600E+01        7.80321497482E+03
1.14660E+01        7.79565062703E+03
1.14720E+01        7.78809757990E+03
1.14780E+01        7.78055547596E+03
1.14840E+01        7.77302429415E+03
1.14900E+01        7.76550401346E+03
1.14960E+01        7.75799461294E+03
1.15020E+01        7.75048867487E+03
1.15080E+01        7.74300097916E+03
1.15140E+01        7.73552410104E+03
1.15200E+01        7.72805801975E+03
1.15260E+01        7.72060271458E+03
1.15320E+01        7.71315816488E+03
1.15380E+01        7.70572435003E+03
1.15440E+01        7.69830091763E+03
1.15500E+01        7.69088851119E+03
1.15560E+01        7.68348677807E+03
1.15620E+01        7.67609569787E+03
1.15680E+01        7.66870793152E+03
1.15740E+01        7.66133810314E+03
1.15800E+01        7.65397886671E+03
1.15860E+01        7.64663020202E+03
1.15920E+01        7.63929208889E+03
1.15980E+01        7.63196450721E+03
1.16040E+01        7.62464743689E+03
1.16100E+01        7.61734085791E+03
1.16160E+01        7.61004442224E+03
1.16220E+01        7.60275876636E+03
1.16280E+01        7.59548354202E+03
1.16340E+01        7.58821148758E+03
1.16400E+01        7.58095707378E+03
1.16460E+01        7.57371303213E+03
1.16520E+01        7.56647934294E+03
1.16580E+01        7.55925598655E+03
1.16640E+01        7.55204294336E+03
1.16700E+01        7.54484019382E+03
1.16760E+01        7.53764771840E+03
1.16820E+01        7.53045798640E+03
1.16880E+01        7.52328600805E+03
1.16940E+01        7.51612424554E+03
1.17000E+01        7.50897267957E+03
1.17060E+01        7.50183129084E+03
1.17120E+01        7.49470006011E+03
1.17180E+01        7.48757896819E+03
1.17240E+01        7.48046799593E+03
1.17300E+01        7.47336712424E+03
1.17360E+01        7.46626888690E+03
1.17420E+01        7.45918816626E+03
1.17480E+01        7.45211748914E+03
1.17540E+01        7.44505683660E+03
1.17600E+01        7.43800618977E+03
1.17660E+01        7.43096552981E+03
1.17720E+01        7.42393483793E+03
1.17780E+01        7.41691409538E+03
1.17840E+01        7.40990328346E+03
1.17900E+01        7.40289531873E+03
1.17960E+01        7.39590400001E+03
1.18020E+01        7.38892287516E+03
1.18080E+01        7.38195160655E+03
1.18140E+01        7.37499017570E+03
1.18200E+01        7.36803856417E+03
1.18260E+01        7.36109675354E+03
1.18320E+01        7.35416472548E+03
1.18380E+01        7.34723545004E+03
1.18440E+01        7.34032293880E+03
1.18500E+01        7.33341983918E+03
1.18560E+01        7.32652676551E+03
1.18620E+01        7.31964338324E+03
1.18680E+01        7.31276967428E+03
1.18740E+01        7.30590562056E+03
1.18800E+01        7.29904423849E+03
1.18860E+01        7.29219944778E+03
1.18920E+01        7.28536425838E+03
1.18980E+01        7.27853833865E+03
1.19040E+01        7.27172229852E+03
1.19100E+01        7.26491580614E+03
1.19160E+01        7.25811884375E+03
1.19220E+01        7.25132447361E+03
1.19280E+01        7.24454652452E+03
1.19340E+01        7.23777805235E+03
1.19400E+01        7.23101903949E+03
1.19460E+01        7.22426915699E+03
1.19520E+01        7.21752901040E+03
1.19580E+01        7.21079827055E+03
1.19640E+01        7.20407692001E+03
1.19700E+01        7.19735807292E+03
1.19760E+01        7.19065545522E+03
1.19820E+01        7.18396217473E+03
1.19880E+01        7.17727790479E+03
1.19940E+01        7.17060324720E+03
1.20000E+01        7.16393787510E+03
1.20060E+01        7.15728177131E+03
1.20120E+01        7.15062809491E+03
1.20180E+01        7.14399048278E+03
1.20240E+01        7.13736208770E+03
1.20300E+01        7.13074258533E+03
1.20360E+01        7.12413257368E+03
1.20420E+01        7.11753172821E+03
1.20480E+01        7.11093324610E+03
1.20540E+01        7.10435068861E+03
1.20600E+01        7.09777724672E+03
1.20660E+01        7.09121259801E+03
1.20720E+01        7.08465733734E+03
1.20780E+01        7.07811114207E+03
1.20840E+01        7.07157399555E+03
1.20900E+01        7.06503913909E+03
1.20960E+01        7.05852004647E+03
1.21020E+01        7.05200995284E+03
1.21080E+01        7.04550853801E+03
1.21140E+01        7.03901639317E+03
1.21200E+01        7.03253319792E+03
1.21260E+01        7.02605223104E+03
1.21320E+01        7.01958689200E+03
1.21380E+01        7.01313045347E+03
1.21440E+01        7.00668259717E+03
1.21500E+01        7.00024391115E+03
1.21560E+01        6.99381407691E+03
1.21620E+01        6.98738641039E+03
1.21680E+01        6.98097423737E+03
1.21740E+01        6.97457086772E+03
1.21800E+01        6.96817598504E+03
1.21860E+01        6.96179017428E+03
1.21920E+01        6.95541311882E+03
1.21980E+01        6.94903817145E+03
1.22040E+01        6.94267858485E+03
1.22100E+01        6.93632770581E+03
1.22160E+01        6.92998551848E+03
1.22220E+01        6.92365170863E+03
1.22280E+01        6.91732025663E+03
1.22340E+01        6.91100405604E+03
1.22400E+01        6.90469648414E+03
1.22460E+01        6.89839752526E+03
1.22520E+01        6.89210686671E+03
1.22580E+01        6.88582508731E+03
1.22640E+01        6.87954530926E+03
1.22700E+01        6.87328065280E+03
1.22760E+01        6.86702453158E+03
1.22820E+01        6.86077693012E+03
1.22880E+01        6.85453753758E+03
1.22940E+01        6.84830039467E+03
1.23000E+01        6.84207826638E+03
1.23060E+01        6.83586459639E+03
1.23120E+01        6.82965936942E+03
1.23180E+01        6.82346227612E+03
1.23240E+01        6.81727388976E+03
1.23300E+01        6.81108740128E+03
1.23360E+01        6.80491580045E+03
1.23420E+01        6.79875256675E+03
1.23480E+01        6.79259768510E+03
1.23540E+01        6.78645084795E+03
1.23600E+01        6.78030615548E+03
1.23660E+01        6.77417624600E+03
1.23720E+01        6.76805462860E+03
1.23780E+01        6.76194128839E+03
1.23840E+01        6.75583591929E+03
1.23900E+01        6.74973264819E+03
1.23960E+01        6.74364405648E+03
1.24020E+01        6.73756368264E+03
1.24080E+01        6.73149151194E+03
1.24140E+01        6.72542723979E+03
1.24200E+01        6.71936501963E+03
1.24260E+01        6.71331737625E+03
1.24320E+01        6.70727787737E+03
1.24380E+01        6.70124650841E+03
1.24440E+01        6.69522296625E+03
1.24500E+01        6.68920143068E+03
1.24560E+01        6.68319437033E+03
1.24620E+01        6.67719538191E+03
1.24680E+01        6.67120445099E+03
1.24740E+01        6.66522127593E+03
1.24800E+01        6.65924006269E+03
1.24860E+01        6.65327322410E+03
1.24920E+01        6.64731438566E+03
1.24980E+01        6.64136353313E+03
1.25040E+01        6.63542036629E+03
1.25100E+01        6.62947911714E+03
1.25160E+01        6.62355214302E+03
1.25220E+01        6.61763309810E+03
1.25280E+01        6.61172168330E+03
1.25340E+01        6.60581845476E+03
1.25400E+01        6.59991681538E+03
1.25460E+01        6.59402935243E+03
1.25520E+01        6.58814974848E+03
1.25580E+01        6.58227770589E+03
1.25640E+01        6.57641377840E+03
1.25700E+01        6.57055139841E+03
1.25760E+01        6.56470309719E+03
1.25820E+01        6.55886258556E+03
1.25880E+01        6.55302956728E+03
1.25940E+01        6.54719834627E+03
1.26000E+01        6.54138112659E+03
1.26060E+01        6.53557164151E+03
1.26120E+01        6.52976959594E+03
1.26180E+01        6.52397553934E+03
1.26240E+01        6.51818295667E+03
1.26300E+01        6.51240427939E+03
1.26360E+01        6.50663326866E+03
1.26420E+01        6.50086963077E+03
1.26480E+01        6.49511391287E+03
1.26540E+01        6.48935962882E+03
1.26600E+01        6.48361915514E+03
1.26660E+01        6.47788600150E+03
1.26720E+01        6.47216071319E+03
1.26780E+01        6.46643682707E+03
1.26840E+01        6.46072667596E+03
1.26900E+01        6.45502407078E+03
1.26960E+01        6.44932872031E+03
1.27020E+01        6.44364116751E+03
1.27080E+01        6.43795497781E+03
1.27140E+01        6.43228242976E+03
1.27200E+01        6.42661708466E+03
1.27260E+01        6.42095948361E+03
1.27320E+01        6.41530321481E+03
1.27380E+01        6.40966051360E+03
1.27440E+01        6.40402496404E+03
1.27500E+01        6.39839710540E+03
1.27560E+01        6.39277054847E+03
1.27620E+01        6.38715748564E+03
1.27680E+01        6.38155179865E+03
1.27740E+01        6.37595319982E+03
1.27800E+01        6.37036222614E+03
1.27860E+01        6.36477251648E+03
1.27920E+01        6.35919620986E+03
1.27980E+01        6.35362694111E+03
1.28040E+01        6.34806524538E+03
1.28100E+01        6.34250478391E+03
1.28160E+01        6.33695765326E+03
1.28220E+01        6.33141751061E+03
1.28280E+01        6.32588488933E+03
1.28340E+01        6.32035347286E+03
1.28400E+01        6.31483531554E+03
1.28460E+01        6.30932409680E+03
1.28520E+01        6.30382034820E+03
1.28580E+01        6.29831777530E+03
1.28640E+01        6.29282839043E+03
1.28700E+01        6.28734589514E+03
1.28760E+01        6.28187081921E+03
1.28820E+01        6.27639689019E+03
1.28880E+01        6.27093607861E+03
1.28940E+01        6.26548210805E+03
1.29000E+01        6.26003550649E+03
1.29060E+01        6.25459002337E+03
1.29120E+01        6.24915758765E+03
1.29180E+01        6.24373194480E+03
1.29240E+01        6.23831362103E+03
1.29300E+01        6.23289638754E+03
1.29360E+01        6.22749213194E+03
1.29420E+01        6.22209462147E+03
1.29480E+01        6.21670438059E+03
1.29540E+01        6.21132112884E+03
1.29600E+01        6.20593893260E+03
1.29660E+01        6.20056936088E+03
1.29720E+01        6.19520700966E+03
1.29780E+01        6.18984569335E+03
1.29840E+01        6.18449695092E+03
1.29900E+01        6.17915539248E+03
1.29960E+01        6.17382073936E+03
1.30020E+01        6.16848709391E+03
1.30080E+01        6.16316595531E+03
1.30140E+01        6.15785195235E+03
1.30200E+01        6.15254480739E+03
1.30260E+01        6.14723864316E+03
1.30320E+01        6.14194491927E+03
1.30380E+01        6.13665828308E+03
1.30440E+01        6.13137845796E+03
1.30500E+01        6.12609932291E+03
1.30560E+01        6.12083309023E+03
1.30620E+01        6.11557363369E+03
1.30680E+01        6.11032094171E+03
1.30740E+01        6.10506891436E+03
1.30800E+01        6.09982972204E+03
1.30860E+01        6.09459725964E+03
1.30920E+01        6.08937151566E+03
1.30980E+01        6.08414641118E+03
1.31040E+01        6.07893407489E+03
1.31100E+01        6.07372842268E+03
1.31160E+01        6.06852339129E+03
1.31220E+01        6.06333107828E+03
1.31280E+01        6.05814541524E+03
1.31340E+01        6.05296639084E+03
1.31400E+01        6.04778796262E+03
1.31460E+01        6.04262218679E+03
1.31520E+01        6.03746301578E+03
1.31580E+01        6.03231043835E+03
1.31640E+01        6.02715843273E+03
1.31700E+01        6.02201901402E+03
1.31760E+01        6.01688615534E+03
1.31820E+01        6.01175385037E+03
1.31880E+01        6.00663408352E+03
1.31940E+01        6.00152084337E+03
1.32000E+01        5.99641411886E+03
1.32060E+01        5.99130792416E+03
1.32120E+01        5.98621420293E+03
1.32180E+01        5.98112696430E+03
1.32240E+01        5.97604593973E+03
1.32300E+01        5.97096593645E+03
1.32360E+01        5.96589808492E+03
1.32420E+01        5.96083641535E+03
1.32480E+01        5.95577574820E+03
1.32540E+01        5.95072718564E+03
1.32600E+01        5.94568502937E+03
1.32660E+01        5.94064901254E+03
1.32720E+01        5.93561397323E+03
1.32780E+01        5.93059097605E+03
1.32840E+01        5.92557408667E+03
1.32900E+01        5.92056380533E+03
1.32960E+01        5.91555422151E+03
1.33020E+01        5.91055661780E+03
1.33080E+01        5.90556508001E+03
1.33140E+01        5.90057447681E+03
1.33200E+01        5.89559580750E+03
1.33260E+01        5.89062317294E+03
1.33320E+01        5.88565145481E+03
1.33380E+01        5.88069162462E+03
1.33440E+01        5.87573805141E+03
1.33500E+01        5.87079047169E+03
1.33560E+01        5.86584378442E+03
1.33620E+01        5.86090892421E+03
1.33680E+01        5.85598002675E+03
