exonoodle/wasp43b_ersspectra_bb_noLD/Noodles_2021-03-26/SED_15.dat
# %ECSV 0.9
# ---
# datatype:
# - {name: wavelength, unit: micron, datatype: float64}
# - {name: flux, unit: microJansky, datatype: float64}
# schema: astropy-2.0
#
#
#  - - File generated by ExoNoodle - -
#         V1.0.0 - MML (CEA-Saclay)
#       2021-03-25 15:37:33.308590
wavelength flux 
3.00000E+00        7.19223987220E+04
3.00600E+00        7.17249247974E+04
3.01200E+00        7.15289515178E+04
3.01800E+00        7.13329310418E+04
3.02400E+00        7.11376376628E+04
3.03000E+00        7.09437936758E+04
3.03600E+00        7.07499510199E+04
3.04200E+00        7.05568122980E+04
3.04800E+00        7.03651227825E+04
3.05400E+00        7.01734102741E+04
3.06000E+00        6.99824147172E+04
3.06600E+00        6.97928323233E+04
3.07200E+00        6.96032528788E+04
3.07800E+00        6.94143532911E+04
3.08400E+00        6.92268667973E+04
3.09000E+00        6.90393592540E+04
3.09600E+00        6.88525514942E+04
3.10200E+00        6.86664265980E+04
3.10800E+00        6.84816887767E+04
3.11400E+00        6.82969333857E+04
3.12000E+00        6.81128594926E+04
3.12600E+00        6.79294643035E+04
3.13200E+00        6.77474374816E+04
3.13800E+00        6.75653825806E+04
3.14400E+00        6.73840049803E+04
3.15000E+00        6.72032881256E+04
3.15600E+00        6.70239212063E+04
3.16200E+00        6.68445363976E+04
3.16800E+00        6.66658041604E+04
3.17400E+00        6.64877354120E+04
3.18000E+00        6.63103138230E+04
3.18600E+00        6.61342194207E+04
3.19200E+00        6.59580958495E+04
3.19800E+00        6.57826383190E+04
3.20400E+00        6.56078104558E+04
3.21000E+00        6.54342985079E+04
3.21600E+00        6.52607471290E+04
3.22200E+00        6.50878442071E+04
3.22800E+00        6.49155670830E+04
3.23400E+00        6.47439131687E+04
3.24000E+00        6.45735596212E+04
3.24600E+00        6.44031755100E+04
3.25200E+00        6.42334067288E+04
3.25800E+00        6.40642572724E+04
3.26400E+00        6.38957310751E+04
3.27000E+00        6.37284702685E+04
3.27600E+00        6.35611744942E+04
3.28200E+00        6.33944746982E+04
3.28800E+00        6.32284007321E+04
3.29400E+00        6.30635621404E+04
3.30000E+00        6.28986851402E+04
3.30600E+00        6.27344133139E+04
3.31200E+00        6.25707313014E+04
3.31800E+00        6.24076430182E+04
3.32400E+00        6.22457884158E+04
3.33000E+00        6.20838784184E+04
3.33600E+00        6.19225546759E+04
3.34200E+00        6.17618147136E+04
3.34800E+00        6.16016623609E+04
3.35400E+00        6.14420825556E+04
3.36000E+00        6.12837054023E+04
3.36600E+00        6.11252618700E+04
3.37200E+00        6.09674024152E+04
3.37800E+00        6.08101120947E+04
3.38400E+00        6.06533761037E+04
3.39000E+00        6.04978350567E+04
3.39600E+00        6.03422238299E+04
3.40200E+00        6.01871783770E+04
3.40800E+00        6.00326840102E+04
3.41400E+00        5.98787506517E+04
3.42000E+00        5.97253575931E+04
3.42600E+00        5.95725208465E+04
3.43200E+00        5.94202319593E+04
3.43800E+00        5.92690881606E+04
3.44400E+00        5.91178804552E+04
3.45000E+00        5.89672076747E+04
3.45600E+00        5.88170795880E+04
3.46200E+00        5.86674818729E+04
3.46800E+00        5.85184182764E+04
3.47400E+00        5.83698865299E+04
3.48000E+00        5.82218784251E+04
3.48600E+00        5.80744036249E+04
3.49200E+00        5.79274480059E+04
3.49800E+00        5.77815938608E+04
3.50400E+00        5.76356803535E+04
3.51000E+00        5.74902853148E+04
3.51600E+00        5.73453948227E+04
3.52200E+00        5.72010243047E+04
3.52800E+00        5.70571598717E+04
3.53400E+00        5.69138052068E+04
3.54000E+00        5.67709581430E+04
3.54600E+00        5.66286165224E+04
3.55200E+00        5.64867724251E+04
3.55800E+00        5.63454237550E+04
3.56400E+00        5.62045856524E+04
3.57000E+00        5.60642329970E+04
3.57600E+00        5.59243751904E+04
3.58200E+00        5.57850101292E+04
3.58800E+00        5.56461357193E+04
3.59400E+00        5.55077442042E+04
3.60000E+00        5.53698392072E+04
3.60600E+00        5.52324186612E+04
3.61200E+00        5.50954748787E+04
3.61800E+00        5.49590170825E+04
3.62400E+00        5.48230319879E+04
3.63000E+00        5.46875231925E+04
3.63600E+00        5.45524886734E+04
3.64200E+00        5.44179152974E+04
3.64800E+00        5.42838233258E+04
3.65400E+00        5.41501940831E+04
3.66000E+00        5.40170256228E+04
3.66600E+00        5.38843215120E+04
3.67200E+00        5.37520797806E+04
3.67800E+00        5.36197506533E+04
3.68400E+00        5.34884236835E+04
3.69000E+00        5.33575587084E+04
3.69600E+00        5.32271428763E+04
3.70200E+00        5.30971797252E+04
3.70800E+00        5.29676673366E+04
3.71400E+00        5.28385984026E+04
3.72000E+00        5.27099818318E+04
3.72600E+00        5.25818049478E+04
3.73200E+00        5.24540766236E+04
3.73800E+00        5.23267789065E+04
3.74400E+00        5.21999260059E+04
3.75000E+00        5.20735107037E+04
3.75600E+00        5.19469951308E+04
3.76200E+00        5.18214507786E+04
3.76800E+00        5.16963332118E+04
3.77400E+00        5.15716406431E+04
3.78000E+00        5.14473818049E+04
3.78600E+00        5.13235496065E+04
3.79200E+00        5.12001422467E+04
3.79800E+00        5.10771527143E+04
3.80400E+00        5.09545844678E+04
3.81000E+00        5.08324409233E+04
3.81600E+00        5.07101866644E+04
3.82200E+00        5.05888780554E+04
3.82800E+00        5.04679733323E+04
3.83400E+00        5.03474862554E+04
3.84000E+00        5.02274047883E+04
3.84600E+00        5.01077374771E+04
3.85200E+00        4.99884723505E+04
3.85800E+00        4.98696179213E+04
3.86400E+00        4.97511572001E+04
3.87000E+00        4.96325967195E+04
3.87600E+00        4.95149399479E+04
3.88200E+00        4.93976921177E+04
3.88800E+00        4.92808313444E+04
3.89400E+00        4.91643660785E+04
3.90000E+00        4.90482946611E+04
3.90600E+00        4.89326154409E+04
3.91200E+00        4.88170198708E+04
3.91800E+00        4.87019294816E+04
3.92400E+00        4.85874132279E+04
3.93000E+00        4.84732876131E+04
3.93600E+00        4.83595411079E+04
3.94200E+00        4.82461819985E+04
3.94800E+00        4.81331938995E+04
3.95400E+00        4.80205900061E+04
3.96000E+00        4.79078743766E+04
3.96600E+00        4.77960205522E+04
3.97200E+00        4.76845412932E+04
3.97800E+00        4.75734398971E+04
3.98400E+00        4.74627050775E+04
3.99000E+00        4.73523401579E+04
3.99600E+00        4.72418609737E+04
4.00200E+00        4.71322275450E+04
4.00800E+00        4.70229642381E+04
4.01400E+00        4.69140599146E+04
4.02000E+00        4.68055178772E+04
4.02600E+00        4.66973413911E+04
4.03200E+00        4.65890434515E+04
4.03800E+00        4.64815756071E+04
4.04400E+00        4.63744735625E+04
4.05000E+00        4.62677168679E+04
4.05600E+00        4.61613182653E+04
4.06200E+00        4.60552668483E+04
4.06800E+00        4.59491011643E+04
4.07400E+00        4.58437502734E+04
4.08000E+00        4.57387469400E+04
4.08600E+00        4.56340897272E+04
4.09200E+00        4.55297772048E+04
4.09800E+00        4.54258079493E+04
4.10400E+00        4.53217129069E+04
4.11000E+00        4.52184270075E+04
4.11600E+00        4.51154709224E+04
4.12200E+00        4.50128617115E+04
4.12800E+00        4.49105841569E+04
4.13400E+00        4.48081882995E+04
4.14000E+00        4.47065801575E+04
4.14600E+00        4.46052995870E+04
4.15200E+00        4.45043543471E+04
4.15800E+00        4.44037430482E+04
4.16400E+00        4.43034280990E+04
4.17000E+00        4.42030335573E+04
4.17600E+00        4.41034168987E+04
4.18200E+00        4.40040792340E+04
4.18800E+00        4.39051092468E+04
4.19400E+00        4.38064158079E+04
4.20000E+00        4.37076406887E+04
4.20600E+00        4.36095872169E+04
4.21200E+00        4.35118957688E+04
4.21800E+00        4.34144760438E+04
4.22400E+00        4.33174155557E+04
4.23000E+00        4.32201828735E+04
4.23600E+00        4.31237051383E+04
4.24200E+00        4.30275825040E+04
4.24800E+00        4.29317256910E+04
4.25400E+00        4.28362212552E+04
4.26000E+00        4.27405436786E+04
4.26600E+00        4.26456533926E+04
4.27200E+00        4.25510243069E+04
4.27800E+00        4.24566988478E+04
4.28400E+00        4.23627190612E+04
4.29000E+00        4.22685652474E+04
4.29600E+00        4.21515541972E+04
4.30200E+00        4.20754100008E+04
4.30800E+00        4.19860078161E+04
4.31400E+00        4.18662583106E+04
4.32000E+00        4.17710522679E+04
4.32600E+00        4.16718416772E+04
4.33200E+00        4.16041451437E+04
4.33800E+00        4.15086818411E+04
4.34400E+00        4.14035217842E+04
4.35000E+00        4.13054309777E+04
4.35600E+00        4.11494424519E+04
4.36200E+00        4.10126667958E+04
4.36800E+00        4.10207367467E+04
4.37400E+00        4.09013599363E+04
4.38000E+00        4.08523078634E+04
4.38600E+00        4.06878197018E+04
4.39200E+00        4.06676804047E+04
4.39800E+00        4.05184247929E+04
4.40400E+00        4.04726581416E+04
4.41000E+00        4.03896773114E+04
4.41600E+00        4.02331040267E+04
4.42200E+00        4.01906587561E+04
4.42800E+00        4.01261545591E+04
4.43400E+00        4.00197483576E+04
4.44000E+00        3.96859104402E+04
4.44600E+00        3.98407955420E+04
4.45200E+00        3.97668163294E+04
4.45800E+00        3.96702297745E+04
4.46400E+00        3.95963025421E+04
4.47000E+00        3.95027324920E+04
4.47600E+00        3.93940936965E+04
4.48200E+00        3.93180003242E+04
4.48800E+00        3.92277113758E+04
4.49400E+00        3.91483890494E+04
4.50000E+00        3.90588362136E+04
4.50600E+00        3.88853229619E+04
4.51200E+00        3.88761179277E+04
4.51800E+00        3.88059376853E+04
4.52400E+00        3.87415858430E+04
4.53000E+00        3.86688794421E+04
4.53600E+00        3.85456417248E+04
4.54200E+00        3.84993505144E+04
4.54800E+00        3.83139639241E+04
4.55400E+00        3.82512041578E+04
4.56000E+00        3.82310452500E+04
4.56600E+00        3.79978816833E+04
4.57200E+00        3.80836593803E+04
4.57800E+00        3.80173004312E+04
4.58400E+00        3.78659223157E+04
4.59000E+00        3.78395537617E+04
4.59600E+00        3.77322301576E+04
4.60200E+00        3.74768813704E+04
4.60800E+00        3.74232324570E+04
4.61400E+00        3.74359269146E+04
4.62000E+00        3.74486402769E+04
4.62600E+00        3.73553819690E+04
4.63200E+00        3.72757176090E+04
4.63800E+00        3.72178062908E+04
4.64400E+00        3.71359209618E+04
4.65000E+00        3.70613077839E+04
4.65600E+00        3.70109348447E+04
4.66200E+00        3.69432314670E+04
4.66800E+00        3.68260184908E+04
4.67400E+00        3.66631091253E+04
4.68000E+00        3.67014112957E+04
4.68600E+00        3.66280805565E+04
4.69200E+00        3.64199107423E+04
4.69800E+00        3.64134211683E+04
4.70400E+00        3.63998422016E+04
4.71000E+00        3.63063886081E+04
4.71600E+00        3.62230711567E+04
4.72200E+00        3.61746512176E+04
4.72800E+00        3.60775931530E+04
4.73400E+00        3.59436438957E+04
4.74000E+00        3.59494981715E+04
4.74600E+00        3.58440201510E+04
4.75200E+00        3.57144750834E+04
4.75800E+00        3.56599234774E+04
4.76400E+00        3.55628220008E+04
4.77000E+00        3.55811586014E+04
4.77600E+00        3.54957812827E+04
4.78200E+00        3.54129956606E+04
4.78800E+00        3.53509404037E+04
4.79400E+00        3.51675403144E+04
4.80000E+00        3.52102913296E+04
4.80600E+00        3.51401717497E+04
4.81200E+00        3.50319620527E+04
4.81800E+00        3.50064758011E+04
4.82400E+00        3.46672308346E+04
4.83000E+00        3.48633811028E+04
4.83600E+00        3.47387132529E+04
4.84200E+00        3.47077463641E+04
4.84800E+00        3.46508294847E+04
4.85400E+00        3.45321593368E+04
4.86000E+00        3.45114399143E+04
4.86600E+00        3.43975905845E+04
4.87200E+00        3.43241706621E+04
4.87800E+00        3.42831955352E+04
4.88400E+00        3.41870823950E+04
4.89000E+00        3.40193882237E+04
4.89600E+00        3.40831639758E+04
4.90200E+00        3.40339882915E+04
4.90800E+00        3.39278409018E+04
4.91400E+00        3.38909767965E+04
4.92000E+00        3.37635121272E+04
4.92600E+00        3.37141259823E+04
4.93200E+00        3.36200373096E+04
4.93800E+00        3.33703712810E+04
4.94400E+00        3.35013044930E+04
4.95000E+00        3.34868293167E+04
4.95600E+00        3.34046091060E+04
4.96200E+00        3.33633471017E+04
4.96800E+00        3.32588134859E+04
4.97400E+00        3.32336156412E+04
4.98000E+00        3.31005512794E+04
4.98600E+00        3.31056520041E+04
4.99200E+00        3.29914608014E+04
4.99800E+00        3.29726951344E+04
5.00400E+00        3.28749364622E+04
5.01000E+00        3.27503994004E+04
5.01600E+00        3.27434000896E+04
5.02200E+00        3.26804520380E+04
5.02800E+00        3.24496400591E+04
5.03400E+00        3.25900290926E+04
5.04000E+00        3.24784718717E+04
5.04600E+00        3.24612468595E+04
5.05200E+00        3.23806311538E+04
5.05800E+00        3.23193538917E+04
5.06400E+00        3.22616649845E+04
5.07000E+00        3.22033345330E+04
5.07600E+00        3.21455226998E+04
5.08200E+00        3.20649447977E+04
5.08800E+00        3.20320968215E+04
5.09400E+00        3.18930259425E+04
5.10000E+00        3.19091572433E+04
5.10600E+00        3.17897543895E+04
5.11200E+00        3.17853310039E+04
5.11800E+00        3.16764661883E+04
5.12400E+00        3.16619079743E+04
5.13000E+00        3.15882725465E+04
5.13600E+00        3.15358476108E+04
5.14200E+00        3.14769421769E+04
5.14800E+00        3.14088040792E+04
5.15400E+00        3.13622827208E+04
5.16000E+00        3.12522962447E+04
5.16600E+00        3.12455786387E+04
5.17200E+00        3.11284982494E+04
5.17800E+00        3.11243447807E+04
5.18400E+00        3.10484622596E+04
5.19000E+00        3.09916549684E+04
5.19600E+00        3.09429970929E+04
5.20200E+00        3.08675427999E+04
5.20800E+00        3.08004227521E+04
5.21400E+00        3.07492470929E+04
5.22000E+00        3.07070771561E+04
5.22600E+00        3.06159922320E+04
5.23200E+00        3.05372618475E+04
5.23800E+00        3.05373370035E+04
5.24400E+00        3.04700658413E+04
5.25000E+00        3.04115067284E+04
5.25600E+00        3.03125740767E+04
5.26200E+00        3.02415598511E+04
5.26800E+00        3.02270296720E+04
5.27400E+00        3.00950780667E+04
5.28000E+00        3.01319280288E+04
5.28600E+00        2.99660734241E+04
5.29200E+00        2.99961471147E+04
5.29800E+00        2.99673517075E+04
5.30400E+00        2.99049480794E+04
5.31000E+00        2.98409320700E+04
5.31600E+00        2.95844729879E+04
5.32200E+00        2.97390930677E+04
5.32800E+00        2.96838402900E+04
5.33400E+00        2.96311310848E+04
5.34000E+00        2.95368545845E+04
5.34600E+00        2.95155200074E+04
5.35200E+00        2.94437559858E+04
5.35800E+00        2.93944432781E+04
5.36400E+00        2.93469238762E+04
5.37000E+00        2.92996936085E+04
5.37600E+00        2.92474075609E+04
5.38200E+00        2.91862611373E+04
5.38800E+00        2.91080257498E+04
5.39400E+00        2.90356844603E+04
5.40000E+00        2.90310332804E+04
5.40600E+00        2.89734654071E+04
5.41200E+00        2.89123062425E+04
5.41800E+00        2.87131928050E+04
5.42400E+00        2.87867468484E+04
5.43000E+00        2.87629947764E+04
5.43600E+00        2.87091367773E+04
5.44200E+00        2.86549908026E+04
5.44800E+00        2.86037323817E+04
5.45400E+00        2.85469402794E+04
5.46000E+00        2.84105618290E+04
5.46600E+00        2.84396909937E+04
5.47200E+00        2.83887978051E+04
5.47800E+00        2.82614565993E+04
5.48400E+00        2.82886655013E+04
5.49000E+00        2.82199709743E+04
5.49600E+00        2.81851504951E+04
5.50200E+00        2.81279769426E+04
5.50800E+00        2.80441184170E+04
5.51400E+00        2.80305585964E+04
5.52000E+00        2.79755158811E+04
5.52600E+00        2.79173926579E+04
5.53200E+00        2.78768563271E+04
5.53800E+00        2.78265490715E+04
5.54400E+00        2.77532949462E+04
5.55000E+00        2.77246611896E+04
5.55600E+00        2.76748563527E+04
5.56200E+00        2.76113849955E+04
5.56800E+00        2.75054752417E+04
5.57400E+00        2.74706148807E+04
5.58000E+00        2.74635498327E+04
5.58600E+00        2.74221900697E+04
