exonoodle/wasp43b_ersspectra_bb_noLD/Noodles_2021-03-26/SED_05.dat
# %ECSV 0.9
# ---
# datatype:
# - {name: wavelength, unit: micron, datatype: float64}
# - {name: flux, unit: microJansky, datatype: float64}
# schema: astropy-2.0
#
#
#  - - File generated by ExoNoodle - -
#         V1.0.0 - MML (CEA-Saclay)
#       2021-03-25 15:37:33.308590
wavelength flux 
[from data line 433]
5.59800E+00        2.80144251824E+04
5.60400E+00        2.79540299127E+04
5.61000E+00        2.79147761794E+04
5.61600E+00        2.78636630246E+04
5.62200E+00        2.78054761824E+04
5.62800E+00        2.77643649426E+04
5.63400E+00        2.77137107391E+04
5.64000E+00        2.76474284686E+04
5.64600E+00        2.76148578545E+04
5.65200E+00        2.75654484960E+04
5.65800E+00        2.75126855571E+04
5.66400E+00        2.74668634128E+04
5.67000E+00        2.74176395318E+04
5.67600E+00        2.73664171863E+04
5.68200E+00        2.73175994834E+04
5.68800E+00        2.72711194026E+04
5.69400E+00        2.72166986935E+04
5.70000E+00        2.71731211955E+04
5.70600E+00        2.71256645861E+04
5.71200E+00        2.70773193402E+04
5.71800E+00        2.70292087676E+04
5.72400E+00        2.69813587885E+04
5.73000E+00        2.69333721680E+04
5.73600E+00        2.68840838663E+04
5.74200E+00        2.68381835444E+04
5.74800E+00        2.67906320258E+04
5.75400E+00        2.67429447253E+04
5.76000E+00        2.66961007150E+04
5.76600E+00        2.66489865168E+04
5.77200E+00        2.66006755697E+04
5.77800E+00        2.65550728239E+04
5.78400E+00        2.65083783816E+04
5.79000E+00        2.64616864708E+04
5.79600E+00        2.64150236281E+04
5.80200E+00        2.63688697274E+04
5.80800E+00        2.63225203106E+04
5.81400E+00        2.62632582171E+04
5.82000E+00        2.62303971051E+04
5.82600E+00        2.61845499471E+04
5.83200E+00        2.61387169487E+04
5.83800E+00        2.60929827873E+04
5.84400E+00        2.60475614027E+04
5.85000E+00        2.60021208622E+04
5.85600E+00        2.59564156349E+04
5.86200E+00        2.59115968917E+04
5.86800E+00        2.58664481989E+04
5.87400E+00        2.58111636067E+04
5.88000E+00        2.57766912943E+04
5.88600E+00        2.57319277165E+04
5.89200E+00        2.56873428953E+04
5.89800E+00        2.56427316280E+04
5.90400E+00        2.55881224029E+04
5.91000E+00        2.55541571625E+04
5.91600E+00        2.55096580816E+04
5.92200E+00        2.54659266151E+04
5.92800E+00        2.54219959618E+04
5.93400E+00        2.53781582943E+04
5.94000E+00        2.53344512224E+04
5.94600E+00        2.52908364572E+04
5.95200E+00        2.52473514804E+04
5.95800E+00        2.52039455602E+04
5.96400E+00        2.51605119164E+04
5.97000E+00        2.51175078565E+04
5.97600E+00        2.50744626804E+04
5.98200E+00        2.50314890916E+04
5.98800E+00        2.49886616551E+04
5.99400E+00        2.49456689486E+04
6.00000E+00        2.48986267753E+04
6.00600E+00        2.48607967059E+04
6.01200E+00        2.48183818127E+04
6.01800E+00        2.47760738560E+04
6.02400E+00        2.47338909757E+04
6.03000E+00        2.46918019441E+04
6.03600E+00        2.46498126444E+04
6.04200E+00        2.46079288790E+04
6.04800E+00        2.45661503008E+04
6.05400E+00        2.45244949002E+04
6.06000E+00        2.44829256297E+04
6.06600E+00        2.44414605137E+04
6.07200E+00        2.44000870357E+04
6.07800E+00        2.43588656499E+04
6.08400E+00        2.43176927314E+04
6.09000E+00        2.42766226710E+04
6.09600E+00        2.42357276114E+04
6.10200E+00        2.41948802265E+04
6.10800E+00        2.41530209993E+04
6.11400E+00        2.41134964981E+04
6.12000E+00        2.40729534854E+04
6.12600E+00        2.40325112727E+04
6.13200E+00        2.39921874696E+04
6.13800E+00        2.39519458440E+04
6.14400E+00        2.39118040382E+04
6.15000E+00        2.38715534955E+04
6.15600E+00        2.38318423336E+04
6.16200E+00        2.37902014527E+04
6.16800E+00        2.37522522103E+04
6.17400E+00        2.37126046253E+04
6.18000E+00        2.36730549338E+04
6.18600E+00        2.36336028192E+04
6.19200E+00        2.35942656058E+04
6.19800E+00        2.35550135281E+04
6.20400E+00        2.35158522179E+04
6.21000E+00        2.34767872306E+04
6.21600E+00        2.34378182559E+04
6.22200E+00        2.33989449846E+04
6.22800E+00        2.33601845731E+04
6.23400E+00        2.33215017569E+04
6.24000E+00        2.32829021068E+04
6.24600E+00        2.32444259496E+04
6.25200E+00        2.32060265613E+04
6.25800E+00        2.31677210468E+04
6.26400E+00        2.31295091051E+04
6.27000E+00        2.30913904368E+04
6.27600E+00        2.30533819781E+04
6.28200E+00        2.30154489337E+04
6.28800E+00        2.29776139846E+04
6.29400E+00        2.29398653991E+04
6.30000E+00        2.29022086064E+04
6.30600E+00        2.28646433138E+04
6.31200E+00        2.28271692300E+04
6.31800E+00        2.27898031020E+04
6.32400E+00        2.27525105376E+04
6.33000E+00        2.27153083142E+04
6.33600E+00        2.26782017841E+04
6.34200E+00        2.26409762578E+04
6.34800E+00        2.26042464468E+04
6.35400E+00        2.25674027196E+04
6.36000E+00        2.25306479096E+04
6.36600E+00        2.24939817354E+04
6.37200E+00        2.24574039166E+04
6.37800E+00        2.24209365104E+04
6.38400E+00        2.23845010607E+04
6.39000E+00        2.23481866548E+04
6.39600E+00        2.23119928534E+04
6.40200E+00        2.22758526077E+04
6.40800E+00        2.22397990578E+04
6.41400E+00        2.22038319310E+04
6.42000E+00        2.21679509554E+04
6.42600E+00        2.21321613633E+04
6.43200E+00        2.20964518699E+04
6.43800E+00        2.20608277185E+04
6.44400E+00        2.20252886414E+04
6.45000E+00        2.19898343721E+04
6.45600E+00        2.19544646449E+04
6.46200E+00        2.19191791952E+04
6.46800E+00        2.18839941191E+04
6.47400E+00        2.18488818412E+04
6.48000E+00        2.18138476118E+04
6.48600E+00        2.17788966118E+04
6.49200E+00        2.17440285817E+04
6.49800E+00        2.17092432627E+04
6.50400E+00        2.16745403975E+04
6.51000E+00        2.16399197293E+04
6.51600E+00        2.16053863747E+04
6.52200E+00        2.15709132010E+04
6.52800E+00        2.15365537111E+04
6.53400E+00        2.15022592763E+04
6.54000E+00        2.14680457703E+04
6.54600E+00        2.14339129423E+04
6.55200E+00        2.13998605423E+04
6.55800E+00        2.13658936341E+04
6.56400E+00        2.13320013362E+04
6.57000E+00        2.12981887227E+04
6.57600E+00        2.12644555475E+04
6.58200E+00        2.12308015654E+04
6.58800E+00        2.11972265322E+04
6.59400E+00        2.11637354669E+04
6.60000E+00        2.11303175943E+04
6.60600E+00        2.10969779437E+04
6.61200E+00        2.10637162744E+04
6.61800E+00        2.10305323468E+04
6.62400E+00        2.09974259222E+04
6.63000E+00        2.09644019754E+04
6.63600E+00        2.09314498360E+04
6.64200E+00        2.08985744890E+04
6.64800E+00        2.08657912966E+04
6.65400E+00        2.08330688050E+04
6.66000E+00        2.08004275746E+04
6.66600E+00        2.07678570215E+04
6.67200E+00        2.07353620937E+04
6.67800E+00        2.07029425606E+04
6.68400E+00        2.06705981922E+04
6.69000E+00        2.06383287596E+04
6.69600E+00        2.06061237545E+04
6.70200E+00        2.05740189048E+04
6.70800E+00        2.05419729056E+04
6.71400E+00        2.05100009345E+04
6.72000E+00        2.04781078582E+04
6.72600E+00        2.04462832618E+04
6.73200E+00        2.04145320217E+04
6.73800E+00        2.03828539156E+04
6.74400E+00        2.03512487220E+04
6.75000E+00        2.03197212723E+04
6.75600E+00        2.02882612348E+04
6.76200E+00        2.02568734503E+04
6.76800E+00        2.02255577008E+04
6.77400E+00        2.01943187896E+04
6.78000E+00        2.01631313790E+04
6.78600E+00        2.01320454971E+04
6.79200E+00        2.01010157137E+04
6.79800E+00        2.00700468741E+04
6.80400E+00        2.00391588048E+04
6.81000E+00        2.00083562215E+04
6.81600E+00        1.99776089775E+04
6.82200E+00        1.99469218901E+04
6.82800E+00        1.99163146656E+04
6.83400E+00        1.98857771287E+04
6.84000E+00        1.98553140070E+04
6.84600E+00        1.98249152122E+04
6.85200E+00        1.97945854811E+04
6.85800E+00        1.97643246073E+04
6.86400E+00        1.97341372914E+04
6.87000E+00        1.97040135086E+04
6.87600E+00        1.96739579684E+04
6.88200E+00        1.96439704675E+04
6.88800E+00        1.96140556796E+04
6.89400E+00        1.95842036426E+04
6.90000E+00        1.95544190391E+04
6.90600E+00        1.95247065229E+04
6.91200E+00        1.94950561787E+04
6.91800E+00        1.94654726689E+04
6.92400E+00        1.94359557953E+04
6.93000E+00        1.94065101852E+04
6.93600E+00        1.93771259850E+04
6.94200E+00        1.93478078307E+04
6.94800E+00        1.93185603297E+04
6.95400E+00        1.92893736744E+04
6.96000E+00        1.92602524810E+04
6.96600E+00        1.92311821820E+04
6.97200E+00        1.92021961290E+04
6.97800E+00        1.91732701792E+04
6.98400E+00        1.91444089224E+04
6.99000E+00        1.91156169207E+04
6.99600E+00        1.90868844723E+04
7.00200E+00        1.90582161478E+04
7.00800E+00        1.90296164896E+04
7.01400E+00        1.90010758412E+04
7.02000E+00        1.89725987534E+04
7.02600E+00        1.89441850400E+04
7.03200E+00        1.89158392178E+04
7.03800E+00        1.88875516897E+04
7.04400E+00        1.88593269809E+04
7.05000E+00        1.88311695892E+04
7.05600E+00        1.88030699616E+04
7.06200E+00        1.87750185712E+04
7.06800E+00        1.87470479840E+04
7.07400E+00        1.87191346366E+04
7.08000E+00        1.86912830163E+04
7.08600E+00        1.86634975830E+04
7.09200E+00        1.86357688713E+04
7.09800E+00        1.86081013492E+04
7.10400E+00        1.85804994582E+04
7.11000E+00        1.85529537759E+04
7.11600E+00        1.85254687517E+04
7.12200E+00        1.84980488083E+04
7.12800E+00        1.84706707612E+04
7.13400E+00        1.84433666719E+04
7.14000E+00        1.84161225408E+04
7.14600E+00        1.83889427659E+04
7.15200E+00        1.83618180246E+04
7.15800E+00        1.83347527230E+04
7.16400E+00        1.83077512408E+04
7.17000E+00        1.82808042977E+04
7.17600E+00        1.82539162814E+04
7.18200E+00        1.82270779303E+04
7.18800E+00        1.82003072722E+04
7.19400E+00        1.81735950334E+04
7.20000E+00        1.81469455571E+04
7.20600E+00        1.81203496468E+04
7.21200E+00        1.80938116537E+04
7.21800E+00        1.80673359029E+04
7.22400E+00        1.80409132395E+04
7.23000E+00        1.80145345326E+04
7.23600E+00        1.79882265651E+04
7.24200E+00        1.79619801549E+04
7.24800E+00        1.79357862018E+04
7.25400E+00        1.79096490146E+04
7.26000E+00        1.78835728771E+04
7.26600E+00        1.78575487299E+04
7.27200E+00        1.78315808640E+04
7.27800E+00        1.78056735454E+04
7.28400E+00        1.77798044669E+04
7.29000E+00        1.77540044979E+04
7.29600E+00        1.77282601719E+04
7.30200E+00        1.77025757315E+04
7.30800E+00        1.76769422113E+04
7.31400E+00        1.76513638613E+04
7.32000E+00        1.76258317334E+04
7.32600E+00        1.76003632675E+04
7.33200E+00        1.75749495038E+04
7.33800E+00        1.75495902875E+04
7.34400E+00        1.75242898204E+04
7.35000E+00        1.74990392300E+04
7.35600E+00        1.74738296661E+04
7.36200E+00        1.74486914511E+04
7.36800E+00        1.74236026733E+04
7.37400E+00        1.73985675247E+04
7.38000E+00        1.73735858543E+04
7.38600E+00        1.73486618240E+04
7.39200E+00        1.73237737052E+04
7.39800E+00        1.72989515800E+04
7.40400E+00        1.72741823334E+04
7.41000E+00        1.72494701049E+04
7.41600E+00        1.72248061646E+04
7.42200E+00        1.72001818043E+04
7.42800E+00        1.71756226046E+04
7.43400E+00        1.71511198095E+04
7.44000E+00        1.71266647399E+04
7.44600E+00        1.71022615201E+04
7.45200E+00        1.70778972417E+04
7.45800E+00        1.70536015440E+04
7.46400E+00        1.70293530172E+04
7.47000E+00        1.70051557631E+04
7.47600E+00        1.69809969481E+04
7.48200E+00        1.69569018289E+04
7.48800E+00        1.69328617638E+04
7.49400E+00        1.69088681873E+04
7.50000E+00        1.68849251734E+04
7.50600E+00        1.68610199806E+04
7.51200E+00        1.68371818737E+04
7.51800E+00        1.68133897179E+04
7.52400E+00        1.67896475653E+04
7.53000E+00        1.67659427475E+04
7.53600E+00        1.67423002035E+04
7.54200E+00        1.67187114040E+04
7.54800E+00        1.66951678942E+04
7.55400E+00        1.66716612400E+04
7.56000E+00        1.66482162409E+04
7.56600E+00        1.66248244168E+04
7.57200E+00        1.66014773616E+04
7.57800E+00        1.65781666895E+04
7.58400E+00        1.65549170619E+04
7.59000E+00        1.65317159381E+04
7.59600E+00        1.65085631847E+04
7.60200E+00        1.64854504464E+04
7.60800E+00        1.64623940464E+04
7.61400E+00        1.64393856188E+04
7.62000E+00        1.64164250319E+04
7.62600E+00        1.63934999035E+04
7.63200E+00        1.63706386909E+04
7.63800E+00        1.63478208518E+04
7.64400E+00        1.63250503309E+04
7.65000E+00        1.63023148159E+04
7.65600E+00        1.62796385604E+04
7.66200E+00        1.62570092359E+04
7.66800E+00        1.62344186176E+04
7.67400E+00        1.62118827822E+04
7.68000E+00        1.61893934946E+04
7.68600E+00        1.61669506278E+04
7.69200E+00        1.61445419905E+04
7.69800E+00        1.61221916030E+04
7.70400E+00        1.60998912598E+04
7.71000E+00        1.60776208121E+04
7.71600E+00        1.60554081883E+04
7.72200E+00        1.60332412327E+04
7.72800E+00        1.60111078564E+04
7.73400E+00        1.59890318823E+04
7.74000E+00        1.59670051746E+04
7.74600E+00        1.59450077520E+04
7.75200E+00        1.59230673139E+04
7.75800E+00        1.59011718065E+04
7.76400E+00        1.58793092419E+04
7.77000E+00        1.58575032482E+04
7.77600E+00        1.58357418218E+04
7.78200E+00        1.58140169557E+04
7.78800E+00        1.57923443145E+04
7.79400E+00        1.57707158812E+04
7.80000E+00        1.57491197676E+04
7.80600E+00        1.57275794091E+04
7.81200E+00        1.57060829024E+04
7.81800E+00        1.56846184087E+04
7.82400E+00        1.56632131613E+04
7.83000E+00        1.56418475147E+04
7.83600E+00        1.56205135778E+04
7.84200E+00        1.55992345957E+04
7.84800E+00        1.55779987639E+04
7.85400E+00        1.55567943416E+04
7.86000E+00        1.55356444797E+04
7.86600E+00        1.55145412786E+04
7.87200E+00        1.54934653286E+04
7.87800E+00        1.54724435483E+04
7.88400E+00        1.54514526842E+04
7.89000E+00        1.54305157312E+04
7.89600E+00        1.54096210145E+04
7.90200E+00        1.53887569222E+04
7.90800E+00        1.53679501761E+04
7.91400E+00        1.53471815048E+04
7.92000E+00        1.53264431691E+04
7.92600E+00        1.53057579789E+04
7.93200E+00        1.52851029334E+04
7.93800E+00        1.52645007813E+04
7.94400E+00        1.52439399753E+04
7.95000E+00        1.52234090302E+04
7.95600E+00        1.52029306035E+04
7.96200E+00        1.51824969686E+04
7.96800E+00        1.51620891351E+04
7.97400E+00        1.51417334483E+04
7.98000E+00        1.51214071560E+04
7.98600E+00        1.51011327644E+04
7.99200E+00        1.50808875830E+04
7.99800E+00        1.50606940581E+04
8.00400E+00        1.50405407992E+04
8.01000E+00        1.50204164762E+04
8.01600E+00        1.50003434461E+04
8.02200E+00        1.49803028941E+04
8.02800E+00        1.49603096663E+04
8.03400E+00        1.49403561774E+04
8.04000E+00        1.49204311740E+04
8.04600E+00        1.49005568649E+04
8.05200E+00        1.48807108633E+04
8.05800E+00        1.48609153193E+04
8.06400E+00        1.48411479058E+04
8.07000E+00        1.48214307145E+04
8.07600E+00        1.48017525385E+04
8.08200E+00        1.47821022302E+04
8.08800E+00        1.47625017937E+04
8.09400E+00        1.47429327153E+04
8.10000E+00        1.47234096078E+04
8.10600E+00        1.47039140217E+04
8.11200E+00        1.46844678452E+04
8.11800E+00        1.46650490187E+04
8.12400E+00        1.46456793729E+04
8.13000E+00        1.46263478358E+04
8.13600E+00        1.46070433937E+04
8.14200E+00        1.45877877915E+04
8.14800E+00        1.45685591159E+04
8.15400E+00        1.45493790547E+04
8.16000E+00        1.45302257527E+04
8.16600E+00        1.45111244475E+04
8.17200E+00        1.44920461241E+04
8.17800E+00        1.44730159683E+04
