exonoodle/wasp43b_ersspectra_bb_noLD/Noodles_2021-03-26/SED_08.dat
# %ECSV 0.9
# ---
# datatype:
# - {name: wavelength, unit: micron, datatype: float64}
# - {name: flux, unit: microJansky, datatype: float64}
# schema: astropy-2.0
#
#
#  - - File generated by ExoNoodle - -
#         V1.0.0 - MML (CEA-Saclay)
#       2021-03-25 15:37:33.308590
wavelength flux 
[from data line 433]
5.59800E+00        2.80277589024E+04
5.60400E+00        2.79648816088E+04
5.61000E+00        2.79285999459E+04
5.61600E+00        2.78769305695E+04
5.62200E+00        2.78168450215E+04
5.62800E+00        2.77780768432E+04
5.63400E+00        2.77272950697E+04
5.64000E+00        2.76565233520E+04
5.64600E+00        2.76285460827E+04
5.65200E+00        2.75791473075E+04
5.65800E+00        2.75254655845E+04
5.66400E+00        2.74803205249E+04
5.67000E+00        2.74312698133E+04
5.67600E+00        2.73788232188E+04
5.68200E+00        2.73306285990E+04
5.68800E+00        2.72847126417E+04
5.69400E+00        2.72287809138E+04
5.70000E+00        2.71864521201E+04
5.70600E+00        2.71392007462E+04
5.71200E+00        2.70908157299E+04
5.71800E+00        2.70426737059E+04
5.72400E+00        2.69948441005E+04
5.73000E+00        2.69468067322E+04
5.73600E+00        2.68970176738E+04
5.74200E+00        2.68516049895E+04
5.74800E+00        2.68040056618E+04
5.75400E+00        2.67562264613E+04
5.76000E+00        2.67094672932E+04
5.76600E+00        2.66623175992E+04
5.77200E+00        2.66136494159E+04
5.77800E+00        2.65683330614E+04
5.78400E+00        2.65216644124E+04
5.79000E+00        2.64749377972E+04
5.79600E+00        2.64282090760E+04
5.80200E+00        2.63820955394E+04
5.80800E+00        2.63357011579E+04
5.81400E+00        2.62730396724E+04
5.82000E+00        2.62435594646E+04
5.82600E+00        2.61977015324E+04
5.83200E+00        2.61518321569E+04
5.83800E+00        2.61060639050E+04
5.84400E+00        2.60606577785E+04
5.85000E+00        2.60151827095E+04
5.85600E+00        2.59693366770E+04
5.86200E+00        2.59246295396E+04
5.86800E+00        2.58794470923E+04
5.87400E+00        2.58214829360E+04
5.88000E+00        2.57896717064E+04
5.88600E+00        2.57448843094E+04
5.89200E+00        2.57002841825E+04
5.89800E+00        2.56556298118E+04
5.90400E+00        2.55982101902E+04
5.91000E+00        2.55670360367E+04
5.91600E+00        2.55224470209E+04
5.92200E+00        2.54787727936E+04
5.92800E+00        2.54348283115E+04
5.93400E+00        2.53909720447E+04
5.94000E+00        2.53472442312E+04
5.94600E+00        2.53035988113E+04
5.95200E+00        2.52601122841E+04
5.95800E+00        2.52166771649E+04
5.96400E+00        2.51731871075E+04
5.97000E+00        2.51302075144E+04
5.97600E+00        2.50871487873E+04
5.98200E+00        2.50441522122E+04
5.98800E+00        2.50013112948E+04
5.99400E+00        2.49582284673E+04
6.00000E+00        2.49099972448E+04
6.00600E+00        2.48733907433E+04
6.01200E+00        2.48309578111E+04
6.01800E+00        2.47886318577E+04
6.02400E+00        2.47464356980E+04
6.03000E+00        2.47043228644E+04
6.03600E+00        2.46623156966E+04
6.04200E+00        2.46204072719E+04
6.04800E+00        2.45786109177E+04
6.05400E+00        2.45369424164E+04
6.06000E+00        2.44953554451E+04
6.06600E+00        2.44538726697E+04
6.07200E+00        2.44124711509E+04
6.07800E+00        2.43712414103E+04
6.08400E+00        2.43300463631E+04
6.09000E+00        2.42889542302E+04
6.09600E+00        2.42480554707E+04
6.10200E+00        2.42071906659E+04
6.10800E+00        2.41650234146E+04
6.11400E+00        2.41257664752E+04
6.12000E+00        2.40852061733E+04
6.12600E+00        2.40447467116E+04
6.13200E+00        2.40044102323E+04
6.13800E+00        2.39641514297E+04
6.14400E+00        2.39239924865E+04
6.15000E+00        2.38836650372E+04
6.15600E+00        2.38439887720E+04
6.16200E+00        2.38018714592E+04
6.16800E+00        2.37643646705E+04
6.17400E+00        2.37247001549E+04
6.18000E+00        2.36851335719E+04
6.18600E+00        2.36456646045E+04
6.19200E+00        2.36063150332E+04
6.19800E+00        2.35670405619E+04
6.20400E+00        2.35278625166E+04
6.21000E+00        2.34887808326E+04
6.21600E+00        2.34497951993E+04
6.22200E+00        2.34109053076E+04
6.22800E+00        2.33721327257E+04
6.23400E+00        2.33334333576E+04
6.24000E+00        2.32948019344E+04
6.24600E+00        2.32563190229E+04
6.25200E+00        2.32179032049E+04
6.25800E+00        2.31795812980E+04
6.26400E+00        2.31413530013E+04
6.27000E+00        2.31032180150E+04
6.27600E+00        2.30651976294E+04
6.28200E+00        2.30272418201E+04
6.28800E+00        2.29893851914E+04
6.29400E+00        2.29516204452E+04
6.30000E+00        2.29139475283E+04
6.30600E+00        2.28763661482E+04
6.31200E+00        2.28388760130E+04
6.31800E+00        2.28014981727E+04
6.32400E+00        2.27641896224E+04
6.33000E+00        2.27269714491E+04
6.33600E+00        2.26898436032E+04
6.34200E+00        2.26525509121E+04
6.34800E+00        2.26158565629E+04
6.35400E+00        2.25789970377E+04
6.36000E+00        2.25422264652E+04
6.36600E+00        2.25055445638E+04
6.37200E+00        2.24689510530E+04
6.37800E+00        2.24324668826E+04
6.38400E+00        2.23960073608E+04
6.39000E+00        2.23596773836E+04
6.39600E+00        2.23234764706E+04
6.40200E+00        2.22873207094E+04
6.40800E+00        2.22512516788E+04
6.41400E+00        2.22152691057E+04
6.42000E+00        2.21793663794E+04
6.42600E+00        2.21435561457E+04
6.43200E+00        2.21078313249E+04
6.43800E+00        2.20721918801E+04
6.44400E+00        2.20366375437E+04
6.45000E+00        2.20011680489E+04
6.45600E+00        2.19657831300E+04
6.46200E+00        2.19304825222E+04
6.46800E+00        2.18952864518E+04
6.47400E+00        2.18601538722E+04
6.48000E+00        2.18251045869E+04
6.48600E+00        2.17901385642E+04
6.49200E+00        2.17552555444E+04
6.49800E+00        2.17204552690E+04
6.50400E+00        2.16857374803E+04
6.51000E+00        2.16511019214E+04
6.51600E+00        2.16165485630E+04
6.52200E+00        2.15820565012E+04
6.52800E+00        2.15476862978E+04
6.53400E+00        2.15133771111E+04
6.54000E+00        2.14791488854E+04
6.54600E+00        2.14450013699E+04
6.55200E+00        2.14109343147E+04
6.55800E+00        2.13769476945E+04
6.56400E+00        2.13430408135E+04
6.57000E+00        2.13092136487E+04
6.57600E+00        2.12754659540E+04
6.58200E+00        2.12417974840E+04
6.58800E+00        2.12082018597E+04
6.59400E+00        2.11746913359E+04
6.60000E+00        2.11412590850E+04
6.60600E+00        2.11079050872E+04
6.61200E+00        2.10746291020E+04
6.61800E+00        2.10414308896E+04
6.62400E+00        2.10083102111E+04
6.63000E+00        2.09752670482E+04
6.63600E+00        2.09423007245E+04
6.64200E+00        2.09094112238E+04
6.64800E+00        2.08766178450E+04
6.65400E+00        2.08438812547E+04
6.66000E+00        2.08112210021E+04
6.66600E+00        2.07786364188E+04
6.67200E+00        2.07461274912E+04
6.67800E+00        2.07136939884E+04
6.68400E+00        2.06813356804E+04
6.69000E+00        2.06490523381E+04
6.69600E+00        2.06168246582E+04
6.70200E+00        2.05847098537E+04
6.70800E+00        2.05526500419E+04
6.71400E+00        2.05206642879E+04
6.72000E+00        2.04887525810E+04
6.72600E+00        2.04569142682E+04
6.73200E+00        2.04251493411E+04
6.73800E+00        2.03934575772E+04
6.74400E+00        2.03618387550E+04
6.75000E+00        2.03302928664E+04
6.75600E+00        2.02988192658E+04
6.76200E+00        2.02674179473E+04
6.76800E+00        2.02360886925E+04
6.77400E+00        2.02048314952E+04
6.78000E+00        2.01736268404E+04
6.78600E+00        2.01425313504E+04
6.79200E+00        2.01114881835E+04
6.79800E+00        2.00804974228E+04
6.80400E+00        2.00495960400E+04
6.81000E+00        2.00187839459E+04
6.81600E+00        1.99880234388E+04
6.82200E+00        1.99573146030E+04
6.82800E+00        1.99266941846E+04
6.83400E+00        1.98961434815E+04
6.84000E+00        1.98656624929E+04
6.84600E+00        1.98352505947E+04
6.85200E+00        1.98049077878E+04
6.85800E+00        1.97746338658E+04
6.86400E+00        1.97444288294E+04
6.87000E+00        1.97142920603E+04
6.87600E+00        1.96842235611E+04
6.88200E+00        1.96542231284E+04
6.88800E+00        1.96242907647E+04
6.89400E+00        1.95944258571E+04
6.90000E+00        1.95646284101E+04
6.90600E+00        1.95348984274E+04
6.91200E+00        1.95052353003E+04
6.91800E+00        1.94756390343E+04
6.92400E+00        1.94461094312E+04
6.93000E+00        1.94166464965E+04
6.93600E+00        1.93872496268E+04
6.94200E+00        1.93579188294E+04
6.94800E+00        1.93286541109E+04
6.95400E+00        1.92994548720E+04
6.96000E+00        1.92703211212E+04
6.96600E+00        1.92412346630E+04
6.97200E+00        1.92122258287E+04
6.97800E+00        1.91832874180E+04
6.98400E+00        1.91544137261E+04
6.99000E+00        1.91256047627E+04
6.99600E+00        1.90968599375E+04
7.00200E+00        1.90681792617E+04
7.00800E+00        1.90395627460E+04
7.01400E+00        1.90110098040E+04
7.02000E+00        1.89825204480E+04
7.02600E+00        1.89540944917E+04
7.03200E+00        1.89257319472E+04
7.03800E+00        1.88974322332E+04
7.04400E+00        1.88691953636E+04
7.05000E+00        1.88410213516E+04
7.05600E+00        1.88129096199E+04
7.06200E+00        1.87848426097E+04
7.06800E+00        1.87568555087E+04
7.07400E+00        1.87289301434E+04
7.08000E+00        1.87010665296E+04
7.08600E+00        1.86732646830E+04
7.09200E+00        1.86455240334E+04
7.09800E+00        1.86178445980E+04
7.10400E+00        1.85902263931E+04
7.11000E+00        1.85626688524E+04
7.11600E+00        1.85351719941E+04
7.12200E+00        1.85077358355E+04
7.12800E+00        1.84803425259E+04
7.13400E+00        1.84530266862E+04
7.14000E+00        1.84257708285E+04
7.14600E+00        1.83985749717E+04
7.15200E+00        1.83714385579E+04
7.15800E+00        1.83443616073E+04
7.16400E+00        1.83173496536E+04
7.17000E+00        1.82903911093E+04
7.17600E+00        1.82634915152E+04
7.18200E+00        1.82366338312E+04
7.18800E+00        1.82098516535E+04
7.19400E+00        1.81831279182E+04
7.20000E+00        1.81564626473E+04
7.20600E+00        1.81298552933E+04
7.21200E+00        1.81033058794E+04
7.21800E+00        1.80768144285E+04
7.22400E+00        1.80503803965E+04
7.23000E+00        1.80239869459E+04
7.23600E+00        1.79976676604E+04
7.24200E+00        1.79714056776E+04
7.24800E+00        1.79452004580E+04
7.25400E+00        1.79190520270E+04
7.26000E+00        1.78929604095E+04
7.26600E+00        1.78669250695E+04
7.27200E+00        1.78409460332E+04
7.27800E+00        1.78150233266E+04
7.28400E+00        1.77891397747E+04
7.29000E+00        1.77633287130E+04
7.29600E+00        1.77375733165E+04
7.30200E+00        1.77118736121E+04
7.30800E+00        1.76862290714E+04
7.31400E+00        1.76606397228E+04
7.32000E+00        1.76350890965E+04
7.32600E+00        1.76096096865E+04
7.33200E+00        1.75841850005E+04
7.33800E+00        1.75588148834E+04
7.34400E+00        1.75334993643E+04
7.35000E+00        1.75082379222E+04
7.35600E+00        1.74830142324E+04
7.36200E+00        1.74578610584E+04
7.36800E+00        1.74327615039E+04
7.37400E+00        1.74077155999E+04
7.38000E+00        1.73827231952E+04
7.38600E+00        1.73577843208E+04
7.39200E+00        1.73328822484E+04
7.39800E+00        1.73080494627E+04
7.40400E+00        1.72832695767E+04
7.41000E+00        1.72585426222E+04
7.41600E+00        1.72338680901E+04
7.42200E+00        1.72092299145E+04
7.42800E+00        1.71846601691E+04
7.43400E+00        1.71601427649E+04
7.44000E+00        1.71356771968E+04
7.44600E+00        1.71112634987E+04
7.45200E+00        1.70868855417E+04
7.45800E+00        1.70625753505E+04
7.46400E+00        1.70383164173E+04
7.47000E+00        1.70141087769E+04
7.47600E+00        1.69899363931E+04
7.48200E+00        1.69658309326E+04
7.48800E+00        1.69417765144E+04
7.49400E+00        1.69177726425E+04
7.50000E+00        1.68938193532E+04
7.50600E+00        1.68699007248E+04
7.51200E+00        1.68460483777E+04
7.51800E+00        1.68222460163E+04
7.52400E+00        1.67984936779E+04
7.53000E+00        1.67747755319E+04
7.53600E+00        1.67511228459E+04
7.54200E+00        1.67275199431E+04
7.54800E+00        1.67039663361E+04
7.55400E+00        1.66804464598E+04
7.56000E+00        1.66569914068E+04
7.56600E+00        1.66335855897E+04
7.57200E+00        1.66102285249E+04
7.57800E+00        1.65869047357E+04
7.58400E+00        1.65636451413E+04
7.59000E+00        1.65404340699E+04
7.59600E+00        1.65172713879E+04
7.60200E+00        1.64941417056E+04
7.60800E+00        1.64710754250E+04
7.61400E+00        1.64480571357E+04
7.62000E+00        1.64250867059E+04
7.62600E+00        1.64021486616E+04
7.63200E+00        1.63792737502E+04
7.63800E+00        1.63564461343E+04
7.64400E+00        1.63336658553E+04
7.65000E+00        1.63109175262E+04
7.65600E+00        1.62882315540E+04
7.66200E+00        1.62655925314E+04
7.66800E+00        1.62429853060E+04
7.67400E+00        1.62204398190E+04
7.68000E+00        1.61979408981E+04
7.68600E+00        1.61754884162E+04
7.69200E+00        1.61530671373E+04
7.69800E+00        1.61307071754E+04
7.70400E+00        1.61083934427E+04
7.71000E+00        1.60861104299E+04
7.71600E+00        1.60638882954E+04
7.72200E+00        1.60417118472E+04
7.72800E+00        1.60195659766E+04
7.73400E+00        1.59974805499E+04
7.74000E+00        1.59754406057E+04
7.74600E+00        1.59534307641E+04
7.75200E+00        1.59314809362E+04
7.75800E+00        1.59095760566E+04
7.76400E+00        1.58877011426E+04
7.77000E+00        1.58658858159E+04
7.77600E+00        1.58441150742E+04
7.78200E+00        1.58223741626E+04
7.78800E+00        1.58006922503E+04
7.79400E+00        1.57790545631E+04
7.80000E+00        1.57574462429E+04
7.80600E+00        1.57358966693E+04
7.81200E+00        1.57143909647E+04
7.81800E+00        1.56929143324E+04
7.82400E+00        1.56714961962E+04
7.83000E+00        1.56501214123E+04
7.83600E+00        1.56287754092E+04
7.84200E+00        1.56074873279E+04
7.84800E+00        1.55862424138E+04
7.85400E+00        1.55650259923E+04
7.86000E+00        1.55438670858E+04
7.86600E+00        1.55227511632E+04
7.87200E+00        1.55016632853E+04
7.87800E+00        1.54806325197E+04
7.88400E+00        1.54596297730E+04
7.89000E+00        1.54386838720E+04
7.89600E+00        1.54177802239E+04
7.90200E+00        1.53969043145E+04
7.90800E+00        1.53760850150E+04
7.91400E+00        1.53553074706E+04
7.92000E+00        1.53345573878E+04
7.92600E+00        1.53138633611E+04
7.93200E+00        1.52931966128E+04
7.93800E+00        1.52725856607E+04
7.94400E+00        1.52520160709E+04
7.95000E+00        1.52314734872E+04
7.95600E+00        1.52109863127E+04
7.96200E+00        1.51905403315E+04
7.96800E+00        1.51701209280E+04
7.97400E+00        1.51497565503E+04
7.98000E+00        1.51294187313E+04
7.98600E+00        1.51091356846E+04
7.99200E+00        1.50888790198E+04
7.99800E+00        1.50686768751E+04
8.00400E+00        1.50485150121E+04
8.01000E+00        1.50283792683E+04
8.01600E+00        1.50082976694E+04
8.02200E+00        1.49882421727E+04
8.02800E+00        1.49682404159E+04
8.03400E+00        1.49482784135E+04
8.04000E+00        1.49283420983E+04
8.04600E+00        1.49084593105E+04
8.05200E+00        1.48886020393E+04
8.05800E+00        1.48687980510E+04
8.06400E+00        1.48490194099E+04
8.07000E+00        1.48292938087E+04
8.07600E+00        1.48096072380E+04
8.08200E+00        1.47899457627E+04
8.08800E+00        1.47703369656E+04
8.09400E+00        1.47507532516E+04
8.10000E+00        1.47312218221E+04
8.10600E+00        1.47117166287E+04
8.11200E+00        1.46922653649E+04
8.11800E+00        1.46728354942E+04
8.12400E+00        1.46534575893E+04
8.13000E+00        1.46341178080E+04
8.13600E+00        1.46148023810E+04
8.14200E+00        1.45955385679E+04
8.14800E+00        1.45762989479E+04
8.15400E+00        1.45571107089E+04
8.16000E+00        1.45379465028E+04
8.16600E+00        1.45188335980E+04
8.17200E+00        1.44997444151E+04
8.17800E+00        1.44807061517E+04
