exonoodle/wasp43b_ersspectra_bb_noLD/Noodles_2021-03-26/SED_03.dat
# %ECSV 0.9
# ---
# datatype:
# - {name: wavelength, unit: micron, datatype: float64}
# - {name: flux, unit: microJansky, datatype: float64}
# schema: astropy-2.0
#
#
#  - - File generated by ExoNoodle - -
#         V1.0.0 - MML (CEA-Saclay)
#       2021-03-25 15:37:33.308590
wavelength flux 
3.00000E+00        7.36088365908E+04
3.00600E+00        7.34068295113E+04
3.01200E+00        7.32056211650E+04
3.01800E+00        7.30051052625E+04
3.02400E+00        7.28053078166E+04
3.03000E+00        7.26062762006E+04
3.03600E+00        7.24079869713E+04
3.04200E+00        7.22103980391E+04
3.04800E+00        7.20135752870E+04
3.05400E+00        7.18174719158E+04
3.06000E+00        7.16220743748E+04
3.06600E+00        7.14274198837E+04
3.07200E+00        7.12334701279E+04
3.07800E+00        7.10402481579E+04
3.08400E+00        7.08477205718E+04
3.09000E+00        7.06558997882E+04
3.09600E+00        7.04648164869E+04
3.10200E+00        7.02744098322E+04
3.10800E+00        7.00847059557E+04
3.11400E+00        6.98957019840E+04
3.12000E+00        6.97074191189E+04
3.12600E+00        6.95198063038E+04
3.13200E+00        6.93328848219E+04
3.13800E+00        6.91466473136E+04
3.14400E+00        6.89610999957E+04
3.15000E+00        6.87762310188E+04
3.15600E+00        6.85920420855E+04
3.16200E+00        6.84085348586E+04
3.16800E+00        6.82256975867E+04
3.17400E+00        6.80435364084E+04
3.18000E+00        6.78620396373E+04
3.18600E+00        6.76812089592E+04
3.19200E+00        6.75010183057E+04
3.19800E+00        6.73215247894E+04
3.20400E+00        6.71426802555E+04
3.21000E+00        6.69644951642E+04
3.21600E+00        6.67869580245E+04
3.22200E+00        6.66100562135E+04
3.22800E+00        6.64338199824E+04
3.23400E+00        6.62582236077E+04
3.24000E+00        6.60832545726E+04
3.24600E+00        6.59089515076E+04
3.25200E+00        6.57352802407E+04
3.25800E+00        6.55622197928E+04
3.26400E+00        6.53898171090E+04
3.27000E+00        6.52180200411E+04
3.27600E+00        6.50468752923E+04
3.28200E+00        6.48763225155E+04
3.28800E+00        6.47064251518E+04
3.29400E+00        6.45371369548E+04
3.30000E+00        6.43684457897E+04
3.30600E+00        6.42003935348E+04
3.31200E+00        6.40329248273E+04
3.31800E+00        6.38660635237E+04
3.32400E+00        6.36998332155E+04
3.33000E+00        6.35341789806E+04
3.33600E+00        6.33691244981E+04
3.34200E+00        6.32046672362E+04
3.34800E+00        6.30408305535E+04
3.35400E+00        6.28775601095E+04
3.36000E+00        6.27148793495E+04
3.36600E+00        6.25527776063E+04
3.37200E+00        6.23912687654E+04
3.37800E+00        6.22303636391E+04
3.38400E+00        6.20700086344E+04
3.39000E+00        6.19102390759E+04
3.39600E+00        6.17510363180E+04
3.40200E+00        6.15924100599E+04
3.40800E+00        6.14343498172E+04
3.41400E+00        6.12768612115E+04
3.42000E+00        6.11199298258E+04
3.42600E+00        6.09635442300E+04
3.43200E+00        6.08077401738E+04
3.43800E+00        6.06524902194E+04
3.44400E+00        6.04977959816E+04
3.45000E+00        6.03436511592E+04
3.45600E+00        6.01900405221E+04
3.46200E+00        6.00369954607E+04
3.46800E+00        5.98844967583E+04
3.47400E+00        5.97325420946E+04
3.48000E+00        5.95811047010E+04
3.48600E+00        5.94302312535E+04
3.49200E+00        5.92798706067E+04
3.49800E+00        5.91300576189E+04
3.50400E+00        5.89807646175E+04
3.51000E+00        5.88320223606E+04
3.51600E+00        5.86837802627E+04
3.52200E+00        5.85360881707E+04
3.52800E+00        5.83888957323E+04
3.53400E+00        5.82422449125E+04
3.54000E+00        5.80960932391E+04
3.54600E+00        5.79504586579E+04
3.55200E+00        5.78053551462E+04
3.55800E+00        5.76607405908E+04
3.56400E+00        5.75166441143E+04
3.57000E+00        5.73730484985E+04
3.57600E+00        5.72299788686E+04
3.58200E+00        5.70873935188E+04
3.58800E+00        5.69453101088E+04
3.59400E+00        5.68037227951E+04
3.60000E+00        5.66626331829E+04
3.60600E+00        5.65220391578E+04
3.61200E+00        5.63819349312E+04
3.61800E+00        5.62423257821E+04
3.62400E+00        5.61032216294E+04
3.63000E+00        5.59645853040E+04
3.63600E+00        5.58264341482E+04
3.64200E+00        5.56887396067E+04
3.64800E+00        5.55515526845E+04
3.65400E+00        5.54148411591E+04
3.66000E+00        5.52786030244E+04
3.66600E+00        5.51428398852E+04
3.67200E+00        5.50075497262E+04
3.67800E+00        5.48727305414E+04
3.68400E+00        5.47383767577E+04
3.69000E+00        5.46044747018E+04
3.69600E+00        5.44710529876E+04
3.70200E+00        5.43380943287E+04
3.70800E+00        5.42055967629E+04
3.71400E+00        5.40735361434E+04
3.72000E+00        5.39419549668E+04
3.72600E+00        5.38108255345E+04
3.73200E+00        5.36801529576E+04
3.73800E+00        5.35499063179E+04
3.74400E+00        5.34201312305E+04
3.75000E+00        5.32907853708E+04
3.75600E+00        5.31619002003E+04
3.76200E+00        5.30334623521E+04
3.76800E+00        5.29054447561E+04
3.77400E+00        5.27778639158E+04
3.78000E+00        5.26507430448E+04
3.78600E+00        5.25240585789E+04
3.79200E+00        5.23977905935E+04
3.79800E+00        5.22719520099E+04
3.80400E+00        5.21465624284E+04
3.81000E+00        5.20215873947E+04
3.81600E+00        5.18970508542E+04
3.82200E+00        5.17729287190E+04
3.82800E+00        5.16492414298E+04
3.83400E+00        5.15259616563E+04
3.84000E+00        5.14030987494E+04
3.84600E+00        5.12806753597E+04
3.85200E+00        5.11586475848E+04
3.85800E+00        5.10370381019E+04
3.86400E+00        5.09158527364E+04
3.87000E+00        5.07950645697E+04
3.87600E+00        5.06746828423E+04
3.88200E+00        5.05547332086E+04
3.88800E+00        5.04351657997E+04
3.89400E+00        5.03160030176E+04
3.90000E+00        5.01972431650E+04
3.90600E+00        5.00788845526E+04
3.91200E+00        4.99609254991E+04
3.91800E+00        4.98433815305E+04
3.92400E+00        4.97262132928E+04
3.93000E+00        4.96094428713E+04
3.93600E+00        4.94930621273E+04
3.94200E+00        4.93770758903E+04
3.94800E+00        4.92614728500E+04
3.95400E+00        4.91462610532E+04
3.96000E+00        4.90314356545E+04
3.96600E+00        4.89169918459E+04
3.97200E+00        4.88029312318E+04
3.97800E+00        4.86892553938E+04
3.98400E+00        4.85759563740E+04
3.99000E+00        4.84630357762E+04
3.99600E+00        4.83504920244E+04
4.00200E+00        4.82383203994E+04
4.00800E+00        4.81265256479E+04
4.01400E+00        4.80150999221E+04
4.02000E+00        4.79040448252E+04
4.02600E+00        4.77933619388E+04
4.03200E+00        4.76830434800E+04
4.03800E+00        4.75730879450E+04
4.04400E+00        4.74635031360E+04
4.05000E+00        4.73542587880E+04
4.05600E+00        4.72453954135E+04
4.06200E+00        4.71368889591E+04
4.06800E+00        4.70287440982E+04
4.07400E+00        4.69209531973E+04
4.08000E+00        4.68135017051E+04
4.08600E+00        4.67064204949E+04
4.09200E+00        4.65996919135E+04
4.09800E+00        4.64933145047E+04
4.10400E+00        4.63872677835E+04
4.11000E+00        4.62815884217E+04
4.11600E+00        4.61762498729E+04
4.12200E+00        4.60712468874E+04
4.12800E+00        4.59666008254E+04
4.13400E+00        4.58623003485E+04
4.14000E+00        4.57583222614E+04
4.14600E+00        4.56546967950E+04
4.15200E+00        4.55513969809E+04
4.15800E+00        4.54484528792E+04
4.16400E+00        4.53458236423E+04
4.17000E+00        4.52435426527E+04
4.17600E+00        4.51416101166E+04
4.18200E+00        4.50399640691E+04
4.18800E+00        4.49386931631E+04
4.19400E+00        4.48377062391E+04
4.20000E+00        4.47370915576E+04
4.20600E+00        4.46367583750E+04
4.21200E+00        4.45367945625E+04
4.21800E+00        4.44371097896E+04
4.22400E+00        4.43377915402E+04
4.23000E+00        4.42387498948E+04
4.23600E+00        4.41400431268E+04
4.24200E+00        4.40416682015E+04
4.24800E+00        4.39435966615E+04
4.25400E+00        4.38458543178E+04
4.26000E+00        4.37483977516E+04
4.26600E+00        4.36512979489E+04
4.27200E+00        4.35544664062E+04
4.27800E+00        4.34579455213E+04
4.28400E+00        4.33617623506E+04
4.29000E+00        4.32658290871E+04
4.29600E+00        4.31689218858E+04
4.30200E+00        4.30703654229E+04
4.30800E+00        4.29781674869E+04
4.31400E+00        4.28817908802E+04
4.32000E+00        4.27873677514E+04
4.32600E+00        4.26752351672E+04
4.33200E+00        4.25984682840E+04
4.33800E+00        4.25023102845E+04
4.34400E+00        4.24023237437E+04
4.35000E+00        4.23043593956E+04
4.35600E+00        4.22164737913E+04
4.36200E+00        4.21219812480E+04
4.36800E+00        4.20299285472E+04
4.37400E+00        4.19172172100E+04
4.38000E+00        4.18492430895E+04
4.38600E+00        4.17368360365E+04
4.39200E+00        4.16650201591E+04
4.39800E+00        4.15529559129E+04
4.40400E+00        4.14801545902E+04
4.41000E+00        4.13889967043E+04
4.41600E+00        4.12899275206E+04
4.42200E+00        4.12093612983E+04
4.42800E+00        4.11207941452E+04
4.43400E+00        4.10234129539E+04
4.44000E+00        4.09285554040E+04
4.44600E+00        4.08499414139E+04
4.45200E+00        4.07633340622E+04
4.45800E+00        4.06757953414E+04
4.46400E+00        4.05880081675E+04
4.47000E+00        4.04984701476E+04
4.47600E+00        4.04096561109E+04
4.48200E+00        4.03192785458E+04
4.48800E+00        4.02313019272E+04
4.49400E+00        4.01462524681E+04
4.50000E+00        4.00578039629E+04
4.50600E+00        3.99725986228E+04
4.51200E+00        3.98890912287E+04
4.51800E+00        3.98070301877E+04
4.52400E+00        3.97051724017E+04
4.53000E+00        3.96411447304E+04
4.53600E+00        3.95570801145E+04
4.54200E+00        3.94730583790E+04
4.54800E+00        3.93902419220E+04
4.55400E+00        3.93019504827E+04
4.56000E+00        3.92190583812E+04
4.56600E+00        3.91277074922E+04
4.57200E+00        3.90525596683E+04
4.57800E+00        3.89735057614E+04
4.58400E+00        3.88874615186E+04
4.59000E+00        3.88069491551E+04
4.59600E+00        3.87248781602E+04
4.60200E+00        3.86231170377E+04
4.60800E+00        3.85621702456E+04
4.61400E+00        3.84831736125E+04
4.62000E+00        3.83941182509E+04
4.62600E+00        3.83185171981E+04
4.63200E+00        3.82417018069E+04
4.63800E+00        3.81652582707E+04
4.64400E+00        3.80810774204E+04
4.65000E+00        3.80002463524E+04
4.65600E+00        3.79307772050E+04
4.66200E+00        3.78568199054E+04
4.66800E+00        3.77718577820E+04
4.67400E+00        3.76773379116E+04
4.68000E+00        3.76119695966E+04
4.68600E+00        3.75403150511E+04
4.69200E+00        3.74542038752E+04
4.69800E+00        3.73790256875E+04
4.70400E+00        3.73068218271E+04
4.71000E+00        3.72240019655E+04
4.71600E+00        3.71466609244E+04
4.72200E+00        3.70724349837E+04
4.72800E+00        3.69951849927E+04
4.73400E+00        3.69149930708E+04
4.74000E+00        3.68436981956E+04
4.74600E+00        3.67639465632E+04
4.75200E+00        3.66917537730E+04
4.75800E+00        3.66163119215E+04
4.76400E+00        3.65284974091E+04
4.77000E+00        3.64692700377E+04
4.77600E+00        3.63906984243E+04
4.78200E+00        3.63124961384E+04
4.78800E+00        3.62469674696E+04
4.79400E+00        3.61489542768E+04
4.80000E+00        3.60943683053E+04
4.80600E+00        3.60246508113E+04
4.81200E+00        3.59361578095E+04
4.81800E+00        3.58797255645E+04
4.82400E+00        3.57939143156E+04
4.83000E+00        3.57339606270E+04
4.83600E+00        3.56447203099E+04
4.84200E+00        3.55848198232E+04
4.84800E+00        3.55189431515E+04
4.85400E+00        3.54304972111E+04
4.86000E+00        3.53746581496E+04
4.86600E+00        3.52940199486E+04
4.87200E+00        3.52297892797E+04
4.87800E+00        3.51530445321E+04
4.88400E+00        3.50759261014E+04
4.89000E+00        3.50207140729E+04
4.89600E+00        3.49461203567E+04
4.90200E+00        3.48815907380E+04
4.90800E+00        3.47997655221E+04
4.91400E+00        3.47394510409E+04
4.92000E+00        3.46405890174E+04
4.92600E+00        3.45954160310E+04
4.93200E+00        3.45217095947E+04
4.93800E+00        3.44321097440E+04
4.94400E+00        3.43905223686E+04
4.95000E+00        3.43283879875E+04
4.95600E+00        3.42553354109E+04
4.96200E+00        3.41923937886E+04
4.96800E+00        3.41139399817E+04
4.97400E+00        3.40589797210E+04
4.98000E+00        3.39748230174E+04
4.98600E+00        3.39242970324E+04
4.99200E+00        3.38528417695E+04
4.99800E+00        3.37919729921E+04
5.00400E+00        3.37190756788E+04
5.01000E+00        3.36294994389E+04
5.01600E+00        3.35825667584E+04
5.02200E+00        3.35128495055E+04
5.02800E+00        3.34456142541E+04
5.03400E+00        3.33948230079E+04
5.04000E+00        3.33108583684E+04
5.04600E+00        3.32630727613E+04
5.05200E+00        3.31910443101E+04
5.05800E+00        3.31305238262E+04
5.06400E+00        3.30636105697E+04
5.07000E+00        3.30003798159E+04
5.07600E+00        3.29416631979E+04
5.08200E+00        3.28568819468E+04
5.08800E+00        3.28151156825E+04
5.09400E+00        3.27220716389E+04
5.10000E+00        3.26868824137E+04
5.10600E+00        3.26116984638E+04
5.11200E+00        3.25603992441E+04
5.11800E+00        3.24828486192E+04
5.12400E+00        3.24329898464E+04
5.13000E+00        3.23673865641E+04
5.13600E+00        3.23090598785E+04
5.14200E+00        3.22478231069E+04
5.14800E+00        3.21836971836E+04
5.15400E+00        3.21257920578E+04
5.16000E+00        3.20421455471E+04
5.16600E+00        3.20030549953E+04
5.17200E+00        3.19308174694E+04
5.17800E+00        3.18798720218E+04
5.18400E+00        3.18116869535E+04
5.19000E+00        3.17544126087E+04
5.19600E+00        3.16962647272E+04
5.20200E+00        3.16275543762E+04
5.20800E+00        3.15662113062E+04
5.21400E+00        3.15115086164E+04
5.22000E+00        3.14550608723E+04
5.22600E+00        3.13676500752E+04
5.23200E+00        3.12955946066E+04
5.23800E+00        3.12758062820E+04
5.24400E+00        3.12137904797E+04
5.25000E+00        3.11547123784E+04
5.25600E+00        3.10603672885E+04
5.26200E+00        3.10229447556E+04
5.26800E+00        3.09783612868E+04
5.27400E+00        3.09000979595E+04
5.28000E+00        3.08611636406E+04
5.28600E+00        3.07993750764E+04
5.29200E+00        3.07357187864E+04
5.29800E+00        3.06897111117E+04
5.30400E+00        3.06261015671E+04
5.31000E+00        3.05719654857E+04
5.31600E+00        3.05042464533E+04
5.32200E+00        3.04569625441E+04
5.32800E+00        3.04020240851E+04
5.33400E+00        3.03453301079E+04
5.34000E+00        3.02816645129E+04
5.34600E+00        3.02287046702E+04
5.35200E+00        3.01724147629E+04
5.35800E+00        3.01162061070E+04
5.36400E+00        3.00623087309E+04
5.37000E+00        3.00052802302E+04
5.37600E+00        2.99504266912E+04
5.38200E+00        2.98937320957E+04
5.38800E+00        2.98282898103E+04
5.39400E+00        2.97656877869E+04
5.40000E+00        2.97282812987E+04
5.40600E+00        2.96724426607E+04
5.41200E+00        2.96143495796E+04
5.41800E+00        2.95604939635E+04
5.42400E+00        2.95067152014E+04
5.43000E+00        2.94538160847E+04
5.43600E+00        2.93989813615E+04
5.44200E+00        2.93438812671E+04
5.44800E+00        2.92907358670E+04
5.45400E+00        2.92337704481E+04
5.46000E+00        2.91799128700E+04
5.46600E+00        2.91241148448E+04
5.47200E+00        2.90714775722E+04
5.47800E+00        2.90215004969E+04
5.48400E+00        2.89684801593E+04
5.49000E+00        2.89064725736E+04
5.49600E+00        2.88624633527E+04
5.50200E+00        2.88096153502E+04
5.50800E+00        2.87544132796E+04
5.51400E+00        2.87041979657E+04
5.52000E+00        2.86517961262E+04
5.52600E+00        2.85981190560E+04
5.53200E+00        2.85463307446E+04
5.53800E+00        2.84953449724E+04
5.54400E+00        2.84423094939E+04
5.55000E+00        2.83903434532E+04
5.55600E+00        2.83399157127E+04
5.56200E+00        2.82849748976E+04
5.56800E+00        2.82214217842E+04
5.57400E+00        2.81852560248E+04
5.58000E+00        2.81134667840E+04
5.58600E+00        2.80835814988E+04
