exonoodle/wasp43b_ersspectra_bb_noLD/Noodles_2021-03-26/SED_03.dat
# %ECSV 0.9
# ---
# datatype:
# - {name: wavelength, unit: micron, datatype: float64}
# - {name: flux, unit: microJansky, datatype: float64}
# schema: astropy-2.0
#
#
#  - - File generated by ExoNoodle - -
#         V1.0.0 - MML (CEA-Saclay)
#       2021-03-25 15:37:33.308590
wavelength flux 
[from data line 433]
5.59800E+00        2.79818400175E+04
5.60400E+00        2.79267931184E+04
5.61000E+00        2.78815431392E+04
5.61600E+00        2.78309169836E+04
5.62200E+00        2.77770741669E+04
5.62800E+00        2.77311993785E+04
5.63400E+00        2.76809848879E+04
5.64000E+00        2.76233744940E+04
5.64600E+00        2.75819154618E+04
5.65200E+00        2.75324874328E+04
5.65800E+00        2.74815702040E+04
5.66400E+00        2.74339650680E+04
5.67000E+00        2.73848332750E+04
5.67600E+00        2.73348506185E+04
5.68200E+00        2.72860452813E+04
5.68800E+00        2.72384008052E+04
5.69400E+00        2.71871233719E+04
5.70000E+00        2.71409685415E+04
5.70600E+00        2.70930660219E+04
5.71200E+00        2.70448224891E+04
5.71800E+00        2.69967697211E+04
5.72400E+00        2.69488903482E+04
5.73000E+00        2.69010156919E+04
5.73600E+00        2.68526088106E+04
5.74200E+00        2.68058443295E+04
5.74800E+00        2.67583717007E+04
5.75400E+00        2.67109032655E+04
5.76000E+00        2.66638898354E+04
5.76600E+00        2.66168325481E+04
5.77200E+00        2.65692756627E+04
5.77800E+00        2.65230322329E+04
5.78400E+00        2.64763514987E+04
5.79000E+00        2.64297373263E+04
5.79600E+00        2.63832159141E+04
5.80200E+00        2.63369796938E+04
5.80800E+00        2.62907181362E+04
5.81400E+00        2.62385583615E+04
5.82000E+00        2.61986535247E+04
5.82600E+00        2.61528303071E+04
5.83200E+00        2.61070633787E+04
5.83800E+00        2.60614056293E+04
5.84400E+00        2.60159554020E+04
5.85000E+00        2.59705595685E+04
5.85600E+00        2.59251187534E+04
5.86200E+00        2.58801351442E+04
5.86800E+00        2.58350621166E+04
5.87400E+00        2.57853820566E+04
5.88000E+00        2.57453519579E+04
5.88600E+00        2.57006428350E+04
5.89200E+00        2.56560916121E+04
5.89800E+00        2.56115759185E+04
5.90400E+00        2.55625019451E+04
5.91000E+00        2.55230268808E+04
5.91600E+00        2.54787462570E+04
5.92200E+00        2.54348936635E+04
5.92800E+00        2.53909961190E+04
5.93400E+00        2.53472017280E+04
5.94000E+00        2.53035276157E+04
5.94600E+00        2.52599559428E+04
5.95200E+00        2.52165037772E+04
5.95800E+00        2.51731610927E+04
5.96400E+00        2.51298513896E+04
5.97000E+00        2.50867987102E+04
5.97600E+00        2.50437860164E+04
5.98200E+00        2.50008650330E+04
5.98800E+00        2.49580699160E+04
5.99400E+00        2.49152704105E+04
6.00000E+00        2.48706501197E+04
6.00600E+00        2.48303316177E+04
6.01200E+00        2.47879587463E+04
6.01800E+00        2.47456927143E+04
6.02400E+00        2.47035416885E+04
6.03000E+00        2.46615043619E+04
6.03600E+00        2.46195566976E+04
6.04200E+00        2.45777144716E+04
6.04800E+00        2.45359773374E+04
6.05400E+00        2.44943533964E+04
6.06000E+00        2.44528253965E+04
6.06600E+00        2.44114014562E+04
6.07200E+00        2.43700887369E+04
6.07800E+00        2.43288886609E+04
6.08400E+00        2.42877664413E+04
6.09000E+00        2.42467469530E+04
6.09600E+00        2.42058632499E+04
6.10200E+00        2.41650564950E+04
6.10800E+00        2.41238513897E+04
6.11400E+00        2.40837634721E+04
6.12000E+00        2.40432607958E+04
6.12600E+00        2.40028588278E+04
6.13200E+00        2.39625655038E+04
6.13800E+00        2.39223639563E+04
6.14400E+00        2.38822621375E+04
6.15000E+00        2.38421766220E+04
6.15600E+00        2.38023801352E+04
6.16200E+00        2.37617478877E+04
6.16800E+00        2.37228693535E+04
6.17400E+00        2.36832613047E+04
6.18000E+00        2.36437510601E+04
6.18600E+00        2.36043383033E+04
6.19200E+00        2.35650308454E+04
6.19800E+00        2.35258274617E+04
6.20400E+00        2.34867052437E+04
6.21000E+00        2.34476792607E+04
6.21600E+00        2.34087492025E+04
6.22200E+00        2.33699147603E+04
6.22800E+00        2.33311836718E+04
6.23400E+00        2.32925395262E+04
6.24000E+00        2.32539972355E+04
6.24600E+00        2.32155501725E+04
6.25200E+00        2.31771891801E+04
6.25800E+00        2.31389219756E+04
6.26400E+00        2.31007482583E+04
6.27000E+00        2.30626677290E+04
6.27600E+00        2.30246880291E+04
6.28200E+00        2.29867929693E+04
6.28800E+00        2.29490051845E+04
6.29400E+00        2.29112943993E+04
6.30000E+00        2.28736753227E+04
6.30600E+00        2.28361476626E+04
6.31200E+00        2.27987111276E+04
6.31800E+00        2.27613732765E+04
6.32400E+00        2.27241181097E+04
6.33000E+00        2.26869532011E+04
6.33600E+00        2.26498930468E+04
6.34200E+00        2.26128141999E+04
6.34800E+00        2.25760118972E+04
6.35400E+00        2.25392051411E+04
6.36000E+00        2.25024872206E+04
6.36600E+00        2.24658578546E+04
6.37200E+00        2.24293167629E+04
6.37800E+00        2.23928860030E+04
6.38400E+00        2.23565051693E+04
6.39000E+00        2.23202272194E+04
6.39600E+00        2.22840518024E+04
6.40200E+00        2.22479478821E+04
6.40800E+00        2.22119305780E+04
6.41400E+00        2.21759996176E+04
6.42000E+00        2.21401547292E+04
6.42600E+00        2.21044100688E+04
6.43200E+00        2.20687364906E+04
6.43800E+00        2.20331481760E+04
6.44400E+00        2.19976448576E+04
6.45000E+00        2.19622262690E+04
6.45600E+00        2.19268921448E+04
6.46200E+00        2.18916422207E+04
6.46800E+00        2.18564837698E+04
6.47400E+00        2.18214156863E+04
6.48000E+00        2.17864167513E+04
6.48600E+00        2.17515009692E+04
6.49200E+00        2.17166680806E+04
6.49800E+00        2.16819178271E+04
6.50400E+00        2.16472499514E+04
6.51000E+00        2.16126641972E+04
6.51600E+00        2.15781743916E+04
6.52200E+00        2.15437446639E+04
6.52800E+00        2.15094111516E+04
6.53400E+00        2.14751513165E+04
6.54000E+00        2.14409723355E+04
6.54600E+00        2.14068739582E+04
6.55200E+00        2.13728559350E+04
6.55800E+00        2.13389319435E+04
6.56400E+00        2.13050738611E+04
6.57000E+00        2.12712953897E+04
6.57600E+00        2.12375962833E+04
6.58200E+00        2.12039762971E+04
6.58800E+00        2.11704351870E+04
6.59400E+00        2.11369865045E+04
6.60000E+00        2.11036023967E+04
6.60600E+00        2.10702964387E+04
6.61200E+00        2.10370683901E+04
6.61800E+00        2.10039180116E+04
6.62400E+00        2.09708450646E+04
6.63000E+00        2.09378629760E+04
6.63600E+00        2.09049441586E+04
6.64200E+00        2.08721020627E+04
6.64800E+00        2.08393436388E+04
6.65400E+00        2.08066542705E+04
6.66000E+00        2.07740544789E+04
6.66600E+00        2.07415168957E+04
6.67200E+00        2.07090548680E+04
6.67800E+00        2.06766681654E+04
6.68400E+00        2.06443565582E+04
6.69000E+00        2.06121198174E+04
6.69600E+00        2.05799640498E+04
6.70200E+00        2.05478834340E+04
6.70800E+00        2.05158699074E+04
6.71400E+00        2.04839303405E+04
6.72000E+00        2.04520778559E+04
6.72600E+00        2.04202855147E+04
6.73200E+00        2.03885664621E+04
6.73800E+00        2.03569204758E+04
6.74400E+00        2.03253473347E+04
6.75000E+00        2.02938600621E+04
6.75600E+00        2.02624319302E+04
6.76200E+00        2.02310759847E+04
6.76800E+00        2.01997920075E+04
6.77400E+00        2.01685929433E+04
6.78000E+00        2.01374452884E+04
6.78600E+00        2.01063828393E+04
6.79200E+00        2.00753845513E+04
6.79800E+00        2.00444633234E+04
6.80400E+00        2.00136065936E+04
6.81000E+00        1.99828272186E+04
6.81600E+00        1.99521111964E+04
6.82200E+00        1.99214713483E+04
6.82800E+00        1.98908951915E+04
6.83400E+00        1.98603886577E+04
6.84000E+00        1.98299644792E+04
6.84600E+00        1.97995965471E+04
6.85200E+00        1.97692976148E+04
6.85800E+00        1.97390674762E+04
6.86400E+00        1.97089187874E+04
6.87000E+00        1.96788256008E+04
6.87600E+00        1.96488005938E+04
6.88200E+00        1.96188435632E+04
6.88800E+00        1.95889670897E+04
6.89400E+00        1.95591453856E+04
6.90000E+00        1.95293910528E+04
6.90600E+00        1.94997166159E+04
6.91200E+00        1.94700964061E+04
6.91800E+00        1.94405429689E+04
6.92400E+00        1.94110561064E+04
6.93000E+00        1.93816482691E+04
6.93600E+00        1.93522939453E+04
6.94200E+00        1.93230056064E+04
6.94800E+00        1.92937956475E+04
6.95400E+00        1.92646386742E+04
6.96000E+00        1.92355471022E+04
6.96600E+00        1.92065141166E+04
6.97200E+00        1.91775652934E+04
6.97800E+00        1.91486687611E+04
6.98400E+00        1.91198368620E+04
6.99000E+00        1.90910818639E+04
6.99600E+00        1.90623786425E+04
7.00200E+00        1.90337394856E+04
7.00800E+00        1.90051766070E+04
7.01400E+00        1.89766649965E+04
7.02000E+00        1.89482168880E+04
7.02600E+00        1.89198320952E+04
7.03200E+00        1.88915227603E+04
7.03800E+00        1.88632640247E+04
7.04400E+00        1.88350680502E+04
7.05000E+00        1.88069469259E+04
7.05600E+00        1.87788759056E+04
7.06200E+00        1.87508606333E+04
7.06800E+00        1.87229260840E+04
7.07400E+00        1.86950411491E+04
7.08000E+00        1.86672178842E+04
7.08600E+00        1.86394682728E+04
7.09200E+00        1.86117677916E+04
7.09800E+00        1.85841284435E+04
7.10400E+00        1.85565621598E+04
7.11000E+00        1.85290445277E+04
7.11600E+00        1.85015874976E+04
7.12200E+00        1.84742029488E+04
7.12800E+00        1.84468602185E+04
7.13400E+00        1.84195839340E+04
7.14000E+00        1.83923675522E+04
7.14600E+00        1.83652228837E+04
7.15200E+00        1.83381257704E+04
7.15800E+00        1.83110880418E+04
7.16400E+00        1.82841214575E+04
7.17000E+00        1.82572019671E+04
7.17600E+00        1.82303413490E+04
7.18200E+00        1.82035450361E+04
7.18800E+00        1.81768016461E+04
7.19400E+00        1.81501166214E+04
7.20000E+00        1.81235016202E+04
7.20600E+00        1.80969328057E+04
7.21200E+00        1.80704218549E+04
7.21800E+00        1.80439803758E+04
7.22400E+00        1.80175846375E+04
7.23000E+00        1.79912400639E+04
7.23600E+00        1.79649589049E+04
7.24200E+00        1.79387464905E+04
7.24800E+00        1.79125792299E+04
7.25400E+00        1.78864686828E+04
7.26000E+00        1.78604263416E+04
7.26600E+00        1.78344287194E+04
7.27200E+00        1.78084873266E+04
7.27800E+00        1.77826136063E+04
7.28400E+00        1.77567780535E+04
7.29000E+00        1.77310043816E+04
7.29600E+00        1.77052863013E+04
7.30200E+00        1.76796351908E+04
7.30800E+00        1.76540278035E+04
7.31400E+00        1.76284755355E+04
7.32000E+00        1.76029836478E+04
7.32600E+00        1.75775411418E+04
7.33200E+00        1.75521532875E+04
7.33800E+00        1.75268199302E+04
7.34400E+00        1.75015523354E+04
7.35000E+00        1.74763274935E+04
7.35600E+00        1.74511506713E+04
7.36200E+00        1.74260451279E+04
7.36800E+00        1.74009819288E+04
7.37400E+00        1.73759723096E+04
7.38000E+00        1.73510161191E+04
7.38600E+00        1.73261245120E+04
7.39200E+00        1.73012687473E+04
7.39800E+00        1.72764719346E+04
7.40400E+00        1.72517279517E+04
7.41000E+00        1.72270478908E+04
7.41600E+00        1.72024091070E+04
7.42200E+00        1.71778167875E+04
7.42800E+00        1.71532826377E+04
7.43400E+00        1.71288117573E+04
7.44000E+00        1.71043816316E+04
7.44600E+00        1.70800033078E+04
7.45200E+00        1.70556707612E+04
7.45800E+00        1.70314067279E+04
7.46400E+00        1.70071829348E+04
7.47000E+00        1.69830103670E+04
7.47600E+00        1.69588830355E+04
7.48200E+00        1.69348124986E+04
7.48800E+00        1.69108037939E+04
7.49400E+00        1.68868346964E+04
7.50000E+00        1.68629161148E+04
7.50600E+00        1.68390421037E+04
7.51200E+00        1.68152351128E+04
7.51800E+00        1.67914672309E+04
7.52400E+00        1.67677493060E+04
7.53000E+00        1.67440754276E+04
7.53600E+00        1.67204570100E+04
7.54200E+00        1.66968990295E+04
7.54800E+00        1.66733795452E+04
7.55400E+00        1.66499035905E+04
7.56000E+00        1.66264825165E+04
7.56600E+00        1.66031212729E+04
7.57200E+00        1.65797980432E+04
7.57800E+00        1.65565178333E+04
7.58400E+00        1.65332919319E+04
7.59000E+00        1.65101144896E+04
7.59600E+00        1.64869853731E+04
7.60200E+00        1.64639095158E+04
7.60800E+00        1.64408766452E+04
7.61400E+00        1.64178917028E+04
7.62000E+00        1.63949545571E+04
7.62600E+00        1.63720594329E+04
7.63200E+00        1.63492281624E+04
7.63800E+00        1.63264336143E+04
7.64400E+00        1.63036863408E+04
7.65000E+00        1.62809806002E+04
7.65600E+00        1.62583274961E+04
7.66200E+00        1.62357212798E+04
7.66800E+00        1.62131668125E+04
7.67400E+00        1.61906539809E+04
7.68000E+00        1.61681876542E+04
7.68600E+00        1.61457677055E+04
7.69200E+00        1.61233884504E+04
7.69800E+00        1.61010608868E+04
7.70400E+00        1.60787898139E+04
7.71000E+00        1.60565485760E+04
7.71600E+00        1.60343586312E+04
7.72200E+00        1.60122143125E+04
7.72800E+00        1.59901099841E+04
7.73400E+00        1.59680565543E+04
7.74000E+00        1.59460587841E+04
7.74600E+00        1.59240902398E+04
7.75200E+00        1.59021722034E+04
7.75800E+00        1.58802990562E+04
7.76400E+00        1.58584652104E+04
7.77000E+00        1.58366814857E+04
7.77600E+00        1.58149422873E+04
7.78200E+00        1.57932523551E+04
7.78800E+00        1.57716018427E+04
7.79400E+00        1.57499954974E+04
7.80000E+00        1.57284277785E+04
7.80600E+00        1.57069094183E+04
7.81200E+00        1.56854348694E+04
7.81800E+00        1.56639986147E+04
7.82400E+00        1.56426215487E+04
7.83000E+00        1.56212777223E+04
7.83600E+00        1.55999718610E+04
7.84200E+00        1.55787146108E+04
7.84800E+00        1.55575004711E+04
7.85400E+00        1.55363239711E+04
7.86000E+00        1.55151957137E+04
7.86600E+00        1.54941203303E+04
7.87200E+00        1.54730721418E+04
7.87800E+00        1.54520718311E+04
7.88400E+00        1.54311086248E+04
7.89000E+00        1.54101930551E+04
7.89600E+00        1.53893196828E+04
7.90200E+00        1.53684830979E+04
7.90800E+00        1.53477038038E+04
7.91400E+00        1.53269563443E+04
7.92000E+00        1.53062453585E+04
7.92600E+00        1.52855812949E+04
7.93200E+00        1.52649534978E+04
7.93800E+00        1.52443723876E+04
7.94400E+00        1.52238325856E+04
7.95000E+00        1.52033287417E+04
7.95600E+00        1.51828712349E+04
7.96200E+00        1.51624646008E+04
7.96800E+00        1.51420837142E+04
7.97400E+00        1.51217488181E+04
7.98000E+00        1.51014493730E+04
7.98600E+00        1.50811956893E+04
7.99200E+00        1.50609772562E+04
7.99800E+00        1.50408043567E+04
8.00400E+00        1.50206716861E+04
8.01000E+00        1.50005739678E+04
8.01600E+00        1.49805214444E+04
8.02200E+00        1.49605134364E+04
8.02800E+00        1.49405406257E+04
8.03400E+00        1.49206075175E+04
8.04000E+00        1.49007088712E+04
8.04600E+00        1.48808548621E+04
8.05200E+00        1.48610351212E+04
8.05800E+00        1.48412597968E+04
8.06400E+00        1.48215185479E+04
8.07000E+00        1.48018214964E+04
8.07600E+00        1.47821634243E+04
8.08200E+00        1.47625391413E+04
8.08800E+00        1.47429587295E+04
8.09400E+00        1.47234215228E+04
8.10000E+00        1.47039183533E+04
8.10600E+00        1.46844485954E+04
8.11200E+00        1.46650222784E+04
8.11800E+00        1.46456291862E+04
8.12400E+00        1.46262793219E+04
8.13000E+00        1.46069675313E+04
8.13600E+00        1.45876886875E+04
8.14200E+00        1.45684527544E+04
8.14800E+00        1.45492495842E+04
8.15400E+00        1.45300891152E+04
8.16000E+00        1.45109612263E+04
8.16600E+00        1.44918852844E+04
8.17200E+00        1.44728322746E+04
8.17800E+00        1.44538215504E+04
