exonoodle/wasp43b_ersspectra_bb_noLD/Noodles_2021-03-26/SED_10.dat
# %ECSV 0.9
# ---
# datatype:
# - {name: wavelength, unit: micron, datatype: float64}
# - {name: flux, unit: microJansky, datatype: float64}
# schema: astropy-2.0
#
#
#  - - File generated by ExoNoodle - -
#         V1.0.0 - MML (CEA-Saclay)
#       2021-03-25 15:37:33.308590
wavelength flux 
[from data line 1298]
1.07880E+01        8.74601700965E+03
1.07940E+01        8.73705685365E+03
1.08000E+01        8.72811692836E+03
1.08060E+01        8.71918417672E+03
1.08120E+01        8.71026508884E+03
1.08180E+01        8.70135963699E+03
1.08240E+01        8.69246779349E+03
1.08300E+01        8.68358953074E+03
1.08360E+01        8.67472482121E+03
1.08420E+01        8.66587363744E+03
1.08480E+01        8.65703595202E+03
1.08540E+01        8.64821173765E+03
1.08600E+01        8.63940096705E+03
1.08660E+01        8.63060361305E+03
1.08720E+01        8.62181964853E+03
1.08780E+01        8.61304904643E+03
1.08840E+01        8.60429177977E+03
1.08900E+01        8.59554782163E+03
1.08960E+01        8.58681714517E+03
1.09020E+01        8.57809972361E+03
1.09080E+01        8.56939553024E+03
1.09140E+01        8.56070453840E+03
1.09200E+01        8.55202672153E+03
1.09260E+01        8.54336205310E+03
1.09320E+01        8.53471050667E+03
1.09380E+01        8.52607205586E+03
1.09440E+01        8.51744667435E+03
1.09500E+01        8.50883433591E+03
1.09560E+01        8.50023501434E+03
1.09620E+01        8.49164868352E+03
1.09680E+01        8.48307531741E+03
1.09740E+01        8.47452332375E+03
1.09800E+01        8.46597369092E+03
1.09860E+01        8.45743274776E+03
1.09920E+01        8.44891098124E+03
1.09980E+01        8.44040205014E+03
1.10040E+01        8.43190592878E+03
1.10100E+01        8.42342887530E+03
1.10160E+01        8.41495829037E+03
1.10220E+01        8.40650043859E+03
1.10280E+01        8.39805529454E+03
1.10340E+01        8.38962283288E+03
1.10400E+01        8.38120302831E+03
1.10460E+01        8.37279585563E+03
1.10520E+01        8.36440128966E+03
1.10580E+01        8.35601930531E+03
1.10640E+01        8.34764987754E+03
1.10700E+01        8.33929298139E+03
1.10760E+01        8.33094859193E+03
1.10820E+01        8.32261668433E+03
1.10880E+01        8.31429723378E+03
1.10940E+01        8.30599021557E+03
1.11000E+01        8.29769560502E+03
1.11060E+01        8.28941337754E+03
1.11120E+01        8.28114350857E+03
1.11180E+01        8.27288597364E+03
1.11240E+01        8.26464074831E+03
1.11300E+01        8.25640164922E+03
1.11360E+01        8.24818097622E+03
1.11420E+01        8.23997253990E+03
1.11480E+01        8.23177631609E+03
1.11540E+01        8.22359841517E+03
1.11600E+01        8.21542040954E+03
1.11660E+01        8.20726067873E+03
1.11720E+01        8.19911306428E+03
1.11780E+01        8.19097754230E+03
1.11840E+01        8.18285408896E+03
1.11900E+01        8.17474268048E+03
1.11960E+01        8.16664329317E+03
1.12020E+01        8.15855590335E+03
1.12080E+01        8.15048048744E+03
1.12140E+01        8.14241702189E+03
1.12200E+01        8.13436548322E+03
1.12260E+01        8.12632584801E+03
1.12320E+01        8.11829809289E+03
1.12380E+01        8.11028017355E+03
1.12440E+01        8.10227611073E+03
1.12500E+01        8.09428385823E+03
1.12560E+01        8.08630339292E+03
1.12620E+01        8.07833469171E+03
1.12680E+01        8.07037773158E+03
1.12740E+01        8.06243248955E+03
1.12800E+01        8.05449894271E+03
1.12860E+01        8.04657706819E+03
1.12920E+01        8.03866684320E+03
1.12980E+01        8.03076824498E+03
1.13040E+01        8.02288125085E+03
1.13100E+01        8.01500583816E+03
1.13160E+01        8.00714198432E+03
1.13220E+01        7.99928966682E+03
1.13280E+01        7.99144886318E+03
1.13340E+01        7.98361955098E+03
1.13400E+01        7.97580170785E+03
1.13460E+01        7.96799531148E+03
1.13520E+01        7.96019241821E+03
1.13580E+01        7.95240885641E+03
1.13640E+01        7.94463667474E+03
1.13700E+01        7.93687585112E+03
1.13760E+01        7.92912636350E+03
1.13820E+01        7.92138818989E+03
1.13880E+01        7.91366130837E+03
1.13940E+01        7.90594569703E+03
1.14000E+01        7.89824133407E+03
1.14060E+01        7.89054819768E+03
1.14120E+01        7.88286626616E+03
1.14180E+01        7.87519551783E+03
1.14240E+01        7.86753593106E+03
1.14300E+01        7.85988552575E+03
1.14360E+01        7.85224819936E+03
1.14420E+01        7.84462196999E+03
1.14480E+01        7.83700681622E+03
1.14540E+01        7.82940271669E+03
1.14600E+01        7.82180965008E+03
1.14660E+01        7.81422176630E+03
1.14720E+01        7.80665070747E+03
1.14780E+01        7.79909061793E+03
1.14840E+01        7.79154147657E+03
1.14900E+01        7.78400326234E+03
1.14960E+01        7.77647595424E+03
1.15020E+01        7.76895759543E+03
1.15080E+01        7.76145203862E+03
1.15140E+01        7.75395732520E+03
1.15200E+01        7.74647343438E+03
1.15260E+01        7.73900034540E+03
1.15320E+01        7.73153803755E+03
1.15380E+01        7.72408649016E+03
1.15440E+01        7.71663992666E+03
1.15500E+01        7.70920984400E+03
1.15560E+01        7.70179046012E+03
1.15620E+01        7.69438175457E+03
1.15680E+01        7.68698179151E+03
1.15740E+01        7.67959438326E+03
1.15800E+01        7.67221759224E+03
1.15860E+01        7.66485139818E+03
1.15920E+01        7.65749578087E+03
1.15980E+01        7.65015072013E+03
1.16040E+01        7.64281619583E+03
1.16100E+01        7.63549218791E+03
1.16160E+01        7.62817298640E+03
1.16220E+01        7.62086995665E+03
1.16280E+01        7.61357738332E+03
1.16340E+01        7.60629335123E+03
1.16400E+01        7.59902163294E+03
1.16460E+01        7.59176031157E+03
1.16520E+01        7.58450936735E+03
1.16580E+01        7.57726878059E+03
1.16640E+01        7.57003853164E+03
1.16700E+01        7.56281860090E+03
1.16760E+01        7.55560896880E+03
1.16820E+01        7.54840210459E+03
1.16880E+01        7.54121301844E+03
1.16940E+01        7.53403417253E+03
1.17000E+01        7.52686554748E+03
1.17060E+01        7.51970712395E+03
1.17120E+01        7.51255888266E+03
1.17180E+01        7.50542080438E+03
1.17240E+01        7.49829286991E+03
1.17300E+01        7.49117506010E+03
1.17360E+01        7.48405990870E+03
1.17420E+01        7.47696229802E+03
1.17480E+01        7.46987475482E+03
1.17540E+01        7.46279726012E+03
1.17600E+01        7.45572979501E+03
1.17660E+01        7.44867234059E+03
1.17720E+01        7.44162487805E+03
1.17780E+01        7.43458738857E+03
1.17840E+01        7.42755985342E+03
1.17900E+01        7.42054040493E+03
1.17960E+01        7.41352719442E+03
1.18020E+01        7.40652941717E+03
1.18080E+01        7.39954151968E+03
1.18140E+01        7.39256348341E+03
1.18200E+01        7.38559528989E+03
1.18260E+01        7.37863692068E+03
1.18320E+01        7.37168835736E+03
1.18380E+01        7.36474774653E+03
1.18440E+01        7.35781874171E+03
1.18500E+01        7.35089400492E+03
1.18560E+01        7.34398448894E+03
1.18620E+01        7.33708468748E+03
1.18680E+01        7.33019458241E+03
1.18740E+01        7.32331415562E+03
1.18800E+01        7.31644156605E+03
1.18860E+01        7.30958044339E+03
1.18920E+01        7.30272894496E+03
1.18980E+01        7.29588161097E+03
1.19040E+01        7.28904931232E+03
1.19100E+01        7.28222658421E+03
1.19160E+01        7.27541340882E+03
1.19220E+01        7.26860795732E+03
1.19280E+01        7.26181383581E+03
1.19340E+01        7.25502921384E+03
1.19400E+01        7.24825407376E+03
1.19460E+01        7.24148299673E+03
1.19520E+01        7.23472677270E+03
1.19580E+01        7.22797997787E+03
1.19640E+01        7.22124259474E+03
1.19700E+01        7.21451280829E+03
1.19760E+01        7.20779419797E+03
1.19820E+01        7.20108494714E+03
1.19880E+01        7.19437967241E+03
1.19940E+01        7.18768909363E+03
1.20000E+01        7.18100782250E+03
1.20060E+01        7.17433584180E+03
1.20120E+01        7.16767134848E+03
1.20180E+01        7.16101789886E+03
1.20240E+01        7.15437368831E+03
1.20300E+01        7.14773336852E+03
1.20360E+01        7.14110758994E+03
1.20420E+01        7.13449099939E+03
1.20480E+01        7.12788180397E+03
1.20540E+01        7.12128354038E+03
1.20600E+01        7.11469441417E+03
1.20660E+01        7.10810910683E+03
1.20720E+01        7.10153820985E+03
1.20780E+01        7.09497639990E+03
1.20840E+01        7.08842366029E+03
1.20900E+01        7.08187820985E+03
1.20960E+01        7.07534356260E+03
1.21020E+01        7.06881793583E+03
1.21080E+01        7.06229604552E+03
1.21140E+01        7.05578841496E+03
1.21200E+01        7.04928975534E+03
1.21260E+01        7.04279829547E+03
1.21320E+01        7.03631753010E+03
1.21380E+01        7.02984568648E+03
1.21440E+01        7.02337750990E+03
1.21500E+01        7.01692346570E+03
1.21560E+01        7.01047829441E+03
1.21620E+01        7.00404023471E+03
1.21680E+01        6.99761276224E+03
1.21740E+01        6.99119411416E+03
1.21800E+01        6.98477906477E+03
1.21860E+01        6.97837802198E+03
1.21920E+01        6.97198575539E+03
1.21980E+01        6.96560051350E+03
1.22040E+01        6.95922575296E+03
1.22100E+01        6.95285972076E+03
1.22160E+01        6.94650240101E+03
1.22220E+01        6.94014860159E+03
1.22280E+01        6.93380693641E+03
1.22340E+01        6.92747566542E+03
1.22400E+01        6.92115304371E+03
1.22460E+01        6.91483905558E+03
1.22520E+01        6.90852853269E+03
1.22580E+01        6.90223176947E+03
1.22640E+01        6.89594187480E+03
1.22700E+01        6.88966227095E+03
1.22760E+01        6.88339122271E+03
1.22820E+01        6.87712871457E+03
1.22880E+01        6.87086960653E+03
1.22940E+01        6.86462242661E+03
1.23000E+01        6.85838545243E+03
1.23060E+01        6.85215695673E+03
1.23120E+01        6.84593692421E+03
1.23180E+01        6.83972023826E+03
1.23240E+01        6.83351709091E+03
1.23300E+01        6.82732065995E+03
1.23360E+01        6.82113433381E+03
1.23420E+01        6.81495639477E+03
1.23480E+01        6.80878682772E+03
1.23540E+01        6.80262054396E+03
1.23600E+01        6.79646598695E+03
1.23660E+01        6.79032145166E+03
1.23720E+01        6.78418522825E+03
1.23780E+01        6.77805730177E+03
1.23840E+01        6.77193260661E+03
1.23900E+01        6.76581954817E+03
1.23960E+01        6.75971642925E+03
1.24020E+01        6.75362154782E+03
1.24080E+01        6.74753488911E+03
1.24140E+01        6.74145141042E+03
1.24200E+01        6.73537947937E+03
1.24260E+01        6.72931740651E+03
1.24320E+01        6.72326349759E+03
1.24380E+01        6.71721773799E+03
1.24440E+01        6.71117510778E+03
1.24500E+01        6.70514393706E+03
1.24560E+01        6.69912254408E+03
1.24620E+01        6.69310924229E+03
1.24680E+01        6.68710401724E+03
1.24740E+01        6.68110187161E+03
1.24800E+01        6.67511109823E+03
1.24860E+01        6.66913002299E+03
1.24920E+01        6.66315696701E+03
1.24980E+01        6.65719191600E+03
1.25040E+01        6.65122989509E+03
1.25100E+01        6.64527916007E+03
1.25160E+01        6.63933804446E+03
1.25220E+01        6.63340487696E+03
1.25280E+01        6.62747470057E+03
1.25340E+01        6.62155739135E+03
1.25400E+01        6.61564633971E+03
1.25460E+01        6.60974482954E+03
1.25520E+01        6.60385119714E+03
1.25580E+01        6.59796050769E+03
1.25640E+01        6.59208259330E+03
1.25700E+01        6.58621087393E+03
1.25760E+01        6.58034861895E+03
1.25820E+01        6.57449417216E+03
1.25880E+01        6.56864262077E+03
1.25940E+01        6.56280211820E+03
1.26000E+01        6.55697101894E+03
1.26060E+01        6.55114767274E+03
1.26120E+01        6.54532718436E+03
1.26180E+01        6.53951930755E+03
1.26240E+01        6.53371751498E+03
1.26300E+01        6.52792505010E+03
1.26360E+01        6.52214027007E+03
1.26420E+01        6.51635830142E+03
1.26480E+01        6.51058885477E+03
1.26540E+01        6.50482543180E+03
1.26600E+01        6.49907126169E+03
1.26660E+01        6.49331986624E+03
1.26720E+01        6.48758092178E+03
1.26780E+01        6.48184795305E+03
1.26840E+01        6.47612417787E+03
1.26900E+01        6.47040796664E+03
1.26960E+01        6.46469448470E+03
1.27020E+01        6.45899336578E+03
1.27080E+01        6.45329816326E+03
1.27140E+01        6.44761208088E+03
1.27200E+01        6.44192869192E+03
1.27260E+01        6.43625759622E+03
1.27320E+01        6.43059236995E+03
1.27380E+01        6.42493620564E+03
1.27440E+01        6.41928269925E+03
1.27500E+01        6.41364141690E+03
1.27560E+01        6.40800595745E+03
1.27620E+01        6.40237950225E+03
1.27680E+01        6.39676044050E+03
1.27740E+01        6.39114399282E+03
1.27800E+01        6.38553968342E+03
1.27860E+01        6.37994113935E+03
1.27920E+01        6.37435152808E+03
1.27980E+01        6.36876449620E+03
1.28040E+01        6.36318953462E+03
1.28100E+01        6.35762029275E+03
1.28160E+01        6.35205992708E+03
1.28220E+01        6.34650210648E+03
1.28280E+01        6.34095628870E+03
1.28340E+01        6.33541614546E+03
1.28400E+01        6.32988482225E+03
1.28460E+01        6.32435601016E+03
1.28520E+01        6.31883913394E+03
1.28580E+01        6.31332788749E+03
1.28640E+01        6.30782540540E+03
1.28700E+01        6.30232540079E+03
1.28760E+01        6.29683726565E+03
1.28820E+01        6.29135471591E+03
1.28880E+01        6.28588087530E+03
1.28940E+01        6.28040947890E+03
1.29000E+01        6.27494988606E+03
1.29060E+01        6.26949583466E+03
1.29120E+01        6.26405043762E+03
1.29180E+01        6.25860745186E+03
1.29240E+01        6.25317620428E+03
1.29300E+01        6.24775045456E+03
1.29360E+01        6.24233330488E+03
1.29420E+01        6.23691853390E+03
1.29480E+01        6.23151543620E+03
1.29540E+01        6.22611934430E+03
1.29600E+01        6.22072869636E+03
1.29660E+01        6.21534194597E+03
1.29720E+01        6.20996680447E+03
1.29780E+01        6.20459707487E+03
1.29840E+01        6.19923121481E+03
1.29900E+01        6.19387691569E+03
1.29960E+01        6.18852953836E+03
1.30020E+01        6.18318753053E+03
1.30080E+01        6.17784935521E+03
1.30140E+01        6.17252267730E+03
1.30200E+01        6.16720287376E+03
1.30260E+01        6.16188839768E+03
1.30320E+01        6.15657771745E+03
1.30380E+01        6.15127847160E+03
1.30440E+01        6.14598605307E+03
1.30500E+01        6.14069434085E+03
1.30560E+01        6.13541554718E+03
1.30620E+01        6.13014354582E+03
1.30680E+01        6.12487832516E+03
1.30740E+01        6.11961378525E+03
1.30800E+01        6.11436209645E+03
1.30860E+01        6.10911715363E+03
1.30920E+01        6.10387894527E+03
1.30980E+01        6.09864139241E+03
1.31040E+01        6.09341662370E+03
1.31100E+01        6.08819855503E+03
1.31160E+01        6.08298112311E+03
1.31220E+01        6.07777642546E+03
1.31280E+01        6.07257839364E+03
1.31340E+01        6.06738701631E+03
1.31400E+01        6.06219625096E+03
1.31460E+01        6.05701815381E+03
1.31520E+01        6.05184667722E+03
1.31580E+01        6.04668180995E+03
1.31640E+01        6.04151753019E+03
1.31700E+01        6.03636585303E+03
1.31760E+01        6.03122075155E+03
1.31820E+01        6.02607621941E+03
1.31880E+01        6.02094424098E+03
1.31940E+01        6.01581880483E+03
1.32000E+01        6.01069989986E+03
1.32060E+01        6.00558154023E+03
1.32120E+01        6.00047566956E+03
1.32180E+01        5.99537629696E+03
1.32240E+01        5.99027894416E+03
1.32300E+01        5.98519104747E+03
1.32360E+01        5.98011110822E+03
1.32420E+01        5.97503316730E+03
1.32480E+01        5.96996464211E+03
1.32540E+01        5.96490403785E+03
1.32600E+01        5.95984985515E+03
1.32660E+01        5.95479764242E+03
1.32720E+01        5.94975479193E+03
1.32780E+01        5.94471981402E+03
1.32840E+01        5.93968678499E+03
1.32900E+01        5.93466455681E+03
1.32960E+01        5.92964720833E+03
1.33020E+01        5.92463768448E+03
1.33080E+01        5.91963008162E+03
1.33140E+01        5.91463174842E+03
1.33200E+01        5.90964120415E+03
1.33260E+01        5.90465256014E+03
1.33320E+01        5.89967314650E+03
1.33380E+01        5.89470148628E+03
1.33440E+01        5.88973609797E+03
1.33500E+01        5.88477258255E+03
1.33560E+01        5.87981824547E+03
1.33620E+01        5.87487161479E+03
1.33680E+01        5.86992683665E+03
