exonoodle/wasp43b_ersspectra_bb_noLD/Noodles_2021-03-26/SED_08.dat
# %ECSV 0.9
# ---
# datatype:
# - {name: wavelength, unit: micron, datatype: float64}
# - {name: flux, unit: microJansky, datatype: float64}
# schema: astropy-2.0
#
#
#  - - File generated by ExoNoodle - -
#         V1.0.0 - MML (CEA-Saclay)
#       2021-03-25 15:37:33.308590
wavelength flux 
[from data line 1730]
1.33800E+01        5.86309536534E+03
1.33860E+01        5.85816528352E+03
1.33920E+01        5.85324688030E+03
1.33980E+01        5.84833459757E+03
1.34040E+01        5.84342307926E+03
1.34100E+01        5.83852319474E+03
1.34160E+01        5.83362939993E+03
1.34220E+01        5.82873635226E+03
1.34280E+01        5.82385489381E+03
1.34340E+01        5.81897955535E+03
1.34400E+01        5.81411247166E+03
1.34460E+01        5.80924390469E+03
1.34520E+01        5.80438686822E+03
1.34580E+01        5.79953585040E+03
1.34640E+01        5.79468553963E+03
1.34700E+01        5.78984671536E+03
1.34760E+01        5.78501387959E+03
1.34820E+01        5.78018173406E+03
1.34880E+01        5.77536103127E+03
1.34940E+01        5.77054634739E+03
1.35000E+01        5.76573221634E+03
1.35060E+01        5.76092954487E+03
1.35120E+01        5.75613286238E+03
1.35180E+01        5.75134209879E+03
1.35240E+01        5.74655198676E+03
1.35300E+01        5.74177321626E+03
1.35360E+01        5.73700033512E+03
1.35420E+01        5.73222808921E+03
1.35480E+01        5.72746714183E+03
1.35540E+01        5.72271211435E+03
1.35600E+01        5.71795758613E+03
1.35660E+01        5.71321437358E+03
1.35720E+01        5.70847705160E+03
1.35780E+01        5.70374021311E+03
1.35840E+01        5.69901464760E+03
1.35900E+01        5.69429494355E+03
1.35960E+01        5.68957570733E+03
1.36020E+01        5.68486770165E+03
1.36080E+01        5.68016552847E+03
1.36140E+01        5.67546380760E+03
1.36200E+01        5.67077327506E+03
1.36260E+01        5.66608854625E+03
1.36320E+01        5.66140431357E+03
1.36380E+01        5.65673110880E+03
1.36440E+01        5.65206373838E+03
1.36500E+01        5.64739684867E+03
1.36560E+01        5.64274094540E+03
1.36620E+01        5.63809084792E+03
1.36680E+01        5.63344121587E+03
1.36740E+01        5.62880252900E+03
1.36800E+01        5.62416961954E+03
1.36860E+01        5.61953716033E+03
1.36920E+01        5.61491560529E+03
1.36980E+01        5.61029979943E+03
1.37040E+01        5.60568442879E+03
1.37100E+01        5.60107992151E+03
1.37160E+01        5.59648327013E+03
1.37220E+01        5.59188490254E+03
1.37280E+01        5.58729735807E+03
1.37340E+01        5.58271550687E+03
1.37400E+01        5.57813406083E+03
1.37460E+01        5.57356339754E+03
1.37520E+01        5.56899839982E+03
1.37580E+01        5.56443379257E+03
1.37640E+01        5.55987992793E+03
1.37700E+01        5.55533170132E+03
1.37760E+01        5.55078385063E+03
1.37820E+01        5.54624670261E+03
1.37880E+01        5.54171516524E+03
1.37940E+01        5.53718398936E+03
1.38000E+01        5.53266353431E+03
1.38060E+01        5.52814854694E+03
1.38120E+01        5.52363396463E+03
1.38180E+01        5.51913000574E+03
1.38240E+01        5.51463160327E+03
1.38300E+01        5.51013353377E+03
1.38360E+01        5.50564610598E+03
1.38420E+01        5.50115894422E+03
1.38480E+01        5.49668245559E+03
1.38540E+01        5.49221136365E+03
1.38600E+01        5.48774063879E+03
1.38660E+01        5.48328049036E+03
1.38720E+01        5.47882576961E+03
1.38780E+01        5.47437128728E+03
1.38840E+01        5.46992739979E+03
1.38900E+01        5.46548885652E+03
1.38960E+01        5.46105065237E+03
1.39020E+01        5.45662294706E+03
1.39080E+01        5.45220061700E+03
1.39140E+01        5.44777849818E+03
1.39200E+01        5.44336689675E+03
1.39260E+01        5.43896058768E+03
1.39320E+01        5.43455459024E+03
1.39380E+01        5.43015901487E+03
1.39440E+01        5.42576362846E+03
1.39500E+01        5.42137869551E+03
1.39560E+01        5.41699906884E+03
1.39620E+01        5.41261961789E+03
1.39680E+01        5.40825058232E+03
1.39740E+01        5.40388682747E+03
1.39800E+01        5.39952323521E+03
1.39860E+01        5.39517002044E+03
1.39920E+01        5.39082206096E+03
1.39980E+01        5.38647425107E+03
1.40040E+01        5.38213884508E+03
