exonoodle/wasp43b_ersspectra_bb_noLD/Noodles_2021-03-26/SED_13.dat
# %ECSV 0.9
# ---
# datatype:
# - {name: wavelength, unit: micron, datatype: float64}
# - {name: flux, unit: microJansky, datatype: float64}
# schema: astropy-2.0
#
#
#  - - File generated by ExoNoodle - -
#         V1.0.0 - MML (CEA-Saclay)
#       2021-03-25 15:37:33.308590
wavelength flux 
[from data line 1730]
1.33800E+01        5.84854399721E+03
1.33860E+01        5.84363095181E+03
1.33920E+01        5.83872504660E+03
1.33980E+01        5.83382045361E+03
1.34040E+01        5.82892591307E+03
1.34100E+01        5.82403847937E+03
1.34160E+01        5.81915233924E+03
1.34220E+01        5.81427621097E+03
1.34280E+01        5.80940715639E+03
1.34340E+01        5.80454420614E+03
1.34400E+01        5.79968252484E+03
1.34460E+01        5.79483080161E+03
1.34520E+01        5.78998610819E+03
1.34580E+01        5.78514266543E+03
1.34640E+01        5.78030914067E+03
1.34700E+01        5.77548261304E+03
1.34760E+01        5.77065731790E+03
1.34820E+01        5.76584190092E+03
1.34880E+01        5.76103344859E+03
1.34940E+01        5.75623099976E+03
1.35000E+01        5.75142881142E+03
1.35060E+01        5.74663834447E+03
1.35120E+01        5.74185385116E+03
1.35180E+01        5.73707054853E+03
1.35240E+01        5.73229703195E+03
1.35300E+01        5.72753040499E+03
1.35360E+01        5.72276495101E+03
1.35420E+01        5.71800924399E+03
1.35480E+01        5.71326039474E+03
1.35540E+01        5.70851745021E+03
1.35600E+01        5.70377471517E+03
1.35660E+01        5.69904355555E+03
1.35720E+01        5.69431827142E+03
1.35780E+01        5.68959318175E+03
1.35840E+01        5.68487962421E+03
1.35900E+01        5.68017191312E+03
1.35960E+01        5.67546438157E+03
1.36020E+01        5.67076833913E+03
1.36080E+01        5.66607811424E+03
1.36140E+01        5.66138805413E+03
1.36200E+01        5.65670944031E+03
1.36260E+01        5.65203661534E+03
1.36320E+01        5.64736863888E+03
1.36380E+01        5.64270266936E+03
1.36440E+01        5.63804715856E+03
1.36500E+01        5.63339647010E+03
1.36560E+01        5.62874776950E+03
1.36620E+01        5.62410948762E+03
1.36680E+01        5.61947600210E+03
1.36740E+01        5.61484448548E+03
1.36800E+01        5.61022334783E+03
1.36860E+01        5.60560698070E+03
1.36920E+01        5.60099256366E+03
1.36980E+01        5.59638848604E+03
1.37040E+01        5.59178915328E+03
1.37100E+01        5.58719175192E+03
1.37160E+01        5.58260465065E+03
1.37220E+01        5.57802226874E+03
1.37280E+01        5.57344179970E+03
1.37340E+01        5.56887159162E+03
1.37400E+01        5.56430607756E+03
1.37460E+01        5.55974245795E+03
1.37520E+01        5.55518906040E+03
1.37580E+01        5.55064033169E+03
1.37640E+01        5.54609347916E+03
1.37700E+01        5.54155680999E+03
1.37760E+01        5.53702478463E+03
1.37820E+01        5.53249461732E+03
1.37880E+01        5.52797459487E+03
1.37940E+01        5.52345919136E+03
1.38000E+01        5.51895021935E+03
1.38060E+01        5.51444217101E+03
1.38120E+01        5.50994330837E+03
1.38180E+01        5.50544626789E+03
1.38240E+01        5.50095929590E+03
1.38300E+01        5.49647689360E+03
1.38360E+01        5.49200086473E+03
1.38420E+01        5.48752482398E+03
1.38480E+01        5.48305970647E+03
1.38540E+01        5.47859547130E+03
1.38600E+01        5.47414032681E+03
1.38660E+01        5.46969150788E+03
1.38720E+01        5.46524810274E+03
1.38780E+01        5.46080465953E+03
1.38840E+01        5.45637206013E+03
1.38900E+01        5.45194031263E+03
1.38960E+01        5.44751758544E+03
1.39020E+01        5.44310112700E+03
1.39080E+01        5.43869003004E+03
1.39140E+01        5.43427886925E+03
1.39200E+01        5.42987847367E+03
1.39260E+01        5.42547890002E+03
1.39320E+01        5.42108827709E+03
1.39380E+01        5.41670386675E+03
1.39440E+01        5.41231937147E+03
1.39500E+01        5.40794557651E+03
1.39560E+01        5.40357707424E+03
1.39620E+01        5.39920847450E+03
1.39680E+01        5.39485053643E+03
1.39740E+01        5.39049786555E+03
1.39800E+01        5.38614508476E+03
1.39860E+01        5.38180292719E+03
1.39920E+01        5.37746601146E+03
1.39980E+01        5.37312897350E+03
1.40040E+01        5.36880252050E+03
