exonoodle/wasp43b_ersspectra_bb_noLD/Noodles_2021-03-26/SED_13.dat
# %ECSV 0.9
# ---
# datatype:
# - {name: wavelength, unit: micron, datatype: float64}
# - {name: flux, unit: microJansky, datatype: float64}
# schema: astropy-2.0
#
#
#  - - File generated by ExoNoodle - -
#         V1.0.0 - MML (CEA-Saclay)
#       2021-03-25 15:37:33.308590
wavelength flux 
[from data line 865]
8.19000E+00        1.44073734239E+04
8.19600E+00        1.43884802363E+04
8.20200E+00        1.43696263167E+04
8.20800E+00        1.43508091931E+04
8.21400E+00        1.43320264063E+04
8.22000E+00        1.43132825934E+04
8.22600E+00        1.42945729345E+04
8.23200E+00        1.42759020550E+04
8.23800E+00        1.42572651480E+04
8.24400E+00        1.42386668269E+04
8.25000E+00        1.42201141385E+04
8.25600E+00        1.42015879880E+04
8.26200E+00        1.41830954502E+04
8.26800E+00        1.41646411155E+04
8.27400E+00        1.41462202154E+04
8.28000E+00        1.41278373287E+04
8.28600E+00        1.41094876996E+04
8.29200E+00        1.40911758954E+04
8.29800E+00        1.40728971731E+04
8.30400E+00        1.40546560882E+04
8.31000E+00        1.40364479105E+04
8.31600E+00        1.40182771840E+04
8.32200E+00        1.40001391912E+04
8.32800E+00        1.39820384646E+04
8.33400E+00        1.39639702991E+04
8.34000E+00        1.39459392161E+04
8.34600E+00        1.39279405227E+04
8.35200E+00        1.39099787291E+04
8.35800E+00        1.38920607221E+04
8.36400E+00        1.38741678511E+04
8.37000E+00        1.38563070303E+04
8.37600E+00        1.38384804644E+04
8.38200E+00        1.38206903463E+04
8.38800E+00        1.38029320267E+04
8.39400E+00        1.37852099762E+04
8.40000E+00        1.37675195576E+04
8.40600E+00        1.37498652304E+04
8.41200E+00        1.37322423697E+04
8.41800E+00        1.37146554238E+04
8.42400E+00        1.36970997800E+04
8.43000E+00        1.36795798755E+04
8.43600E+00        1.36620911097E+04
8.44200E+00        1.36446379088E+04
8.44800E+00        1.36272156842E+04
8.45400E+00        1.36098266061E+04
8.46000E+00        1.35924728332E+04
8.46600E+00        1.35751497952E+04
8.47200E+00        1.35578618906E+04
8.47800E+00        1.35406045610E+04
8.48400E+00        1.35233821942E+04
8.49000E+00        1.35061902436E+04
8.49600E+00        1.34890330862E+04
8.50200E+00        1.34719061872E+04
8.50800E+00        1.34548139128E+04
8.51400E+00        1.34377517400E+04
8.52000E+00        1.34207218102E+04
8.52600E+00        1.34037262541E+04
8.53200E+00        1.33867605662E+04
8.53800E+00        1.33698290858E+04
8.54400E+00        1.33529273193E+04
8.55000E+00        1.33360706992E+04
8.55600E+00        1.33192214319E+04
8.56200E+00        1.33024260284E+04
8.56800E+00        1.32856533319E+04
8.57400E+00        1.32689099676E+04
8.58000E+00        1.32522002377E+04
8.58600E+00        1.32355196890E+04
8.59200E+00        1.32188704325E+04
8.59800E+00        1.32022545683E+04
8.60400E+00        1.31856676607E+04
8.61000E+00        1.31691139853E+04
8.61600E+00        1.31525891178E+04
8.62200E+00        1.31360951566E+04
8.62800E+00        1.31196341892E+04
8.63400E+00        1.31032018086E+04
8.64000E+00        1.30868022641E+04
8.64600E+00        1.30704311599E+04
8.65200E+00        1.30540927352E+04
8.65800E+00        1.30377826054E+04
8.66400E+00        1.30215028513E+04
8.67000E+00        1.30052555434E+04
8.67600E+00        1.29890363139E+04
8.68200E+00        1.29728493762E+04
8.68800E+00        1.29566903735E+04
8.69400E+00        1.29405613747E+04
8.70000E+00        1.29244644378E+04
8.70600E+00        1.29083952229E+04
8.71200E+00        1.28923579179E+04
8.71800E+00        1.28763481938E+04
8.72400E+00        1.28603681071E+04
8.73000E+00        1.28444197039E+04
8.73600E+00        1.28284986718E+04
8.74200E+00        1.28126070599E+04
8.74800E+00        1.27967469071E+04
8.75400E+00        1.27809139174E+04
8.76000E+00        1.27651122384E+04
8.76600E+00        1.27493375848E+04
8.77200E+00        1.27335919940E+04
8.77800E+00        1.27178774927E+04
8.78400E+00        1.27021898122E+04
8.79000E+00        1.26865309823E+04
8.79600E+00        1.26709030230E+04
8.80200E+00        1.26553016815E+04
8.80800E+00        1.26397310656E+04
8.81400E+00        1.26241869333E+04
8.82000E+00        1.26086713026E+04
8.82600E+00        1.25931861817E+04
8.83200E+00        1.25777273445E+04
8.83800E+00        1.25622968021E+04
8.84400E+00        1.25468965555E+04
8.85000E+00        1.25315223947E+04
8.85600E+00        1.25161763236E+04
8.86200E+00        1.25008603363E+04
8.86800E+00        1.24855702385E+04
8.87400E+00        1.24703100842E+04
8.88000E+00        1.24550756897E+04
8.88600E+00        1.24398690472E+04
8.89200E+00        1.24246921394E+04
8.89800E+00        1.24095407980E+04
8.90400E+00        1.23944170085E+04
8.91000E+00        1.23793227466E+04
8.91600E+00        1.23642538596E+04
8.92200E+00        1.23492020446E+04
8.92800E+00        1.23342001150E+04
8.93400E+00        1.23192130891E+04
8.94000E+00        1.23042532201E+04
8.94600E+00        1.22893224700E+04
8.95200E+00        1.22744167170E+04
8.95800E+00        1.22595379261E+04
8.96400E+00        1.22446880524E+04
8.97000E+00        1.22298528074E+04
8.97600E+00        1.22150646955E+04
8.98200E+00        1.22002849614E+04
8.98800E+00        1.21855400232E+04
8.99400E+00        1.21708216625E+04
9.00000E+00        1.21561318209E+04
9.00600E+00        1.21414664225E+04
9.01200E+00        1.21268274118E+04
9.01800E+00        1.21122167239E+04
9.02400E+00        1.20976302978E+04
9.03000E+00        1.20830700713E+04
9.03600E+00        1.20685379729E+04
9.04200E+00        1.20540299566E+04
9.04800E+00        1.20395479535E+04
9.05400E+00        1.20250938855E+04
9.06000E+00        1.20106737210E+04
9.06600E+00        1.19962693735E+04
9.07200E+00        1.19818927696E+04
9.07800E+00        1.19675299298E+04
9.08400E+00        1.19532027109E+04
9.09000E+00        1.19389010766E+04
9.09600E+00        1.19246269335E+04
9.10200E+00        1.19103762850E+04
9.10800E+00        1.18961609443E+04
9.11400E+00        1.18819629912E+04
9.12000E+00        1.18677883600E+04
9.12600E+00        1.18536389531E+04
9.13200E+00        1.18395068070E+04
9.13800E+00        1.18254175252E+04
9.14400E+00        1.18113434330E+04
9.15000E+00        1.17972962742E+04
9.15600E+00        1.17832720961E+04
9.16200E+00        1.17692727883E+04
9.16800E+00        1.17552982923E+04
9.17400E+00        1.17413504864E+04
9.18000E+00        1.17274254372E+04
9.18600E+00        1.17135250256E+04
9.19200E+00        1.16996511235E+04
9.19800E+00        1.16857998118E+04
9.20400E+00        1.16719729649E+04
9.21000E+00        1.16581724485E+04
9.21600E+00        1.16443943576E+04
9.22200E+00        1.16306405603E+04
9.22800E+00        1.16169110000E+04
9.23400E+00        1.16032075339E+04
9.24000E+00        1.15895262756E+04
9.24600E+00        1.15758690851E+04
9.25200E+00        1.15622378131E+04
9.25800E+00        1.15486285876E+04
9.26400E+00        1.15350432621E+04
9.27000E+00        1.15214817808E+04
9.27600E+00        1.15079459865E+04
9.28200E+00        1.14944320255E+04
9.28800E+00        1.14809417430E+04
9.29400E+00        1.14674769755E+04
9.30000E+00        1.14540338830E+04
9.30600E+00        1.14406143046E+04
9.31200E+00        1.14272181857E+04
9.31800E+00        1.14138473547E+04
9.32400E+00        1.14004979900E+04
9.33000E+00        1.13871719224E+04
9.33600E+00        1.13738709739E+04
9.34200E+00        1.13605913367E+04
9.34800E+00        1.13473442822E+04
9.35400E+00        1.13341108525E+04
9.36000E+00        1.13209023192E+04
9.36600E+00        1.13077148928E+04
9.37200E+00        1.12945503896E+04
9.37800E+00        1.12814087568E+04
9.38400E+00        1.12682918004E+04
9.39000E+00        1.12551957486E+04
9.39600E+00        1.12421224097E+04
9.40200E+00        1.12290717317E+04
9.40800E+00        1.12160455122E+04
9.41400E+00        1.12030399976E+04
9.42000E+00        1.11900569880E+04
9.42600E+00        1.11770982754E+04
9.43200E+00        1.11641601192E+04
9.43800E+00        1.11512535971E+04
9.44400E+00        1.11383600804E+04
9.45000E+00        1.11254906472E+04
9.45600E+00        1.11126415747E+04
9.46200E+00        1.10998146491E+04
9.46800E+00        1.10870098199E+04
9.47400E+00        1.10742288631E+04
9.48000E+00        1.10614680733E+04
9.48600E+00        1.10487292290E+04
9.49200E+00        1.10360122802E+04
9.49800E+00        1.10233189950E+04
9.50400E+00        1.10106456855E+04
9.51000E+00        1.09980032780E+04
9.51600E+00        1.09853752129E+04
9.52200E+00        1.09727669814E+04
9.52800E+00        1.09601803483E+04
9.53400E+00        1.09476152645E+04
9.54000E+00        1.09350734847E+04
9.54600E+00        1.09225513509E+04
9.55200E+00        1.09100506202E+04
9.55800E+00        1.08975712441E+04
9.56400E+00        1.08851149694E+04
9.57000E+00        1.08726781554E+04
9.57600E+00        1.08602715923E+04
9.58200E+00        1.08478771399E+04
9.58800E+00        1.08355038017E+04
9.59400E+00        1.08231533151E+04
9.60000E+00        1.08108220604E+04
9.60600E+00        1.07985117773E+04
9.61200E+00        1.07862224186E+04
9.61800E+00        1.07739557139E+04
9.62400E+00        1.07617080604E+04
9.63000E+00        1.07494811902E+04
9.63600E+00        1.07372750566E+04
9.64200E+00        1.07250913818E+04
9.64800E+00        1.07129354976E+04
9.65400E+00        1.07007912823E+04
9.66000E+00        1.06886676179E+04
9.66600E+00        1.06765662191E+04
9.67200E+00        1.06644835162E+04
9.67800E+00        1.06524212264E+04
9.68400E+00        1.06403793038E+04
9.69000E+00        1.06283577029E+04
9.69600E+00        1.06163581290E+04
9.70200E+00        1.06043770332E+04
9.70800E+00        1.05924161231E+04
9.71400E+00        1.05804841612E+04
9.72000E+00        1.05685634774E+04
9.72600E+00        1.05566645853E+04
9.73200E+00        1.05447839564E+04
9.73800E+00        1.05329232890E+04
9.74400E+00        1.05210825387E+04
9.75000E+00        1.05092633943E+04
9.75600E+00        1.04974623432E+04
9.76200E+00        1.04856810766E+04
9.76800E+00        1.04739195504E+04
9.77400E+00        1.04621777207E+04
9.78000E+00        1.04504659668E+04
9.78600E+00        1.04387633876E+04
9.79200E+00        1.04270803742E+04
9.79800E+00        1.04154168832E+04
9.80400E+00        1.04037728713E+04
9.81000E+00        1.03921500094E+04
9.81600E+00        1.03805448246E+04
9.82200E+00        1.03689589900E+04
9.82800E+00        1.03573924627E+04
9.83400E+00        1.03458538124E+04
9.84000E+00        1.03343274667E+04
9.84600E+00        1.03228185944E+04
9.85200E+00        1.03113288597E+04
9.85800E+00        1.02998582201E+04
9.86400E+00        1.02884066337E+04
9.87000E+00        1.02769757534E+04
9.87600E+00        1.02655621457E+04
9.88200E+00        1.02541674655E+04
9.88800E+00        1.02428001978E+04
9.89400E+00        1.02314432387E+04
9.90000E+00        1.02201067682E+04
9.90600E+00        1.02087873722E+04
9.91200E+00        1.01974866968E+04
9.91800E+00        1.01862047011E+04
9.92400E+00        1.01749413441E+04
9.93000E+00        1.01636982610E+04
9.93600E+00        1.01524720571E+04
9.94200E+00        1.01412728114E+04
9.94800E+00        1.01300835907E+04
9.95400E+00        1.01189128056E+04
9.96000E+00        1.01077604159E+04
9.96600E+00        1.00966280465E+04
9.97200E+00        1.00855123253E+04
9.97800E+00        1.00744148792E+04
9.98400E+00        1.00633356685E+04
9.99000E+00        1.00522746534E+04
9.99600E+00        1.00412401527E+04
1.00020E+01        1.00302170550E+04
1.00080E+01        1.00192103784E+04
1.00140E+01        1.00082217395E+04
1.00200E+01        9.99725109914E+03
1.00260E+01        9.98629841826E+03
1.00320E+01        9.97536530291E+03
1.00380E+01        9.96444842225E+03
1.00440E+01        9.95355766973E+03
1.00500E+01        9.94267642692E+03
1.00560E+01        9.93181294967E+03
1.00620E+01        9.92096719952E+03
1.00680E+01        9.91014077240E+03
1.00740E+01        9.89933035966E+03
1.00800E+01        9.88853755923E+03
1.00860E+01        9.87776233306E+03
1.00920E+01        9.86701285640E+03
1.00980E+01        9.85627265603E+03
1.01040E+01        9.84555154002E+03
1.01100E+01        9.83484622165E+03
1.01160E+01        9.82415828880E+03
1.01220E+01        9.81348770402E+03
1.01280E+01        9.80283442997E+03
1.01340E+01        9.79219842938E+03
1.01400E+01        9.78158780716E+03
1.01460E+01        9.77098784468E+03
1.01520E+01        9.76040343146E+03
1.01580E+01        9.74983614372E+03
1.01640E+01        9.73928594473E+03
1.01700E+01        9.72875279782E+03
1.01760E+01        9.71823666643E+03
1.01820E+01        9.70773911500E+03
1.01880E+01        9.69725690365E+03
1.01940E+01        9.68679966179E+03
1.02000E+01        9.67635121844E+03
1.02060E+01        9.66591960930E+03
1.02120E+01        9.65550479839E+03
1.02180E+01        9.64510674983E+03
1.02240E+01        9.63472701667E+03
1.02300E+01        9.62436238383E+03
1.02360E+01        9.61401440626E+03
1.02420E+01        9.60369104227E+03
1.02480E+01        9.59337626025E+03
1.02540E+01        9.58307802728E+03
1.02600E+01        9.57279630816E+03
1.02660E+01        9.56253106774E+03
1.02720E+01        9.55228384624E+03
1.02780E+01        9.54205145654E+03
1.02840E+01        9.53183544073E+03
1.02900E+01        9.52163576404E+03
1.02960E+01        9.51146030876E+03
1.03020E+01        9.50129319794E+03
1.03080E+01        9.49114232253E+03
1.03140E+01        9.48100921160E+03
1.03200E+01        9.47089070225E+03
1.03260E+01        9.46078832540E+03
1.03320E+01        9.45070204693E+03
1.03380E+01        9.44063183280E+03
1.03440E+01        9.43057764908E+03
1.03500E+01        9.42053946191E+03
1.03560E+01        9.41052507037E+03
1.03620E+01        9.40052031693E+03
1.03680E+01        9.39052990718E+03
1.03740E+01        9.38055535947E+03
1.03800E+01        9.37059664036E+03
1.03860E+01        9.36065371656E+03
1.03920E+01        9.35072655480E+03
1.03980E+01        9.34081512194E+03
1.04040E+01        9.33091938492E+03
1.04100E+01        9.32104706906E+03
1.04160E+01        9.31118415208E+03
1.04220E+01        9.30133529521E+03
1.04280E+01        9.29150200279E+03
1.04340E+01        9.28168424219E+03
1.04400E+01        9.27188198086E+03
1.04460E+01        9.26209518633E+03
1.04520E+01        9.25232382621E+03
1.04580E+01        9.24256786822E+03
1.04640E+01        9.23282728014E+03
1.04700E+01        9.22310202984E+03
1.04760E+01        9.21340127318E+03
1.04820E+01        9.20370659271E+03
1.04880E+01        9.19402715415E+03
1.04940E+01        9.18436292570E+03
1.05000E+01        9.17471387565E+03
1.05060E+01        9.16507997236E+03
1.05120E+01        9.15546118428E+03
1.05180E+01        9.14585747995E+03
1.05240E+01        9.13626882798E+03
1.05300E+01        9.12669670205E+03
1.05360E+01        9.11713805938E+03
1.05420E+01        9.10759437540E+03
1.05480E+01        9.09807319157E+03
1.05540E+01        9.08855932393E+03
1.05600E+01        9.07906032203E+03
1.05660E+01        9.06957615506E+03
1.05720E+01        9.06010679227E+03
1.05780E+01        9.05065220299E+03
1.05840E+01        9.04121235664E+03
1.05900E+01        9.03178722271E+03
1.05960E+01        9.02237677077E+03
1.06020E+01        9.01298097048E+03
1.06080E+01        9.00360127621E+03
1.06140E+01        8.99423468691E+03
1.06200E+01        8.98489013688E+03
1.06260E+01        8.97555263188E+03
1.06320E+01        8.96622962794E+03
1.06380E+01        8.95692109518E+03
1.06440E+01        8.94762700379E+03
1.06500E+01        8.93834732404E+03
1.06560E+01        8.92908202627E+03
1.06620E+01        8.91983108089E+03
1.06680E+01        8.91059445841E+03
1.06740E+01        8.90137212939E+03
1.06800E+01        8.89216406448E+03
1.06860E+01        8.88297169914E+03
1.06920E+01        8.87379207316E+03
1.06980E+01        8.86462662368E+03
1.07040E+01        8.85547532163E+03
1.07100E+01        8.84633813803E+03
1.07160E+01        8.83721504398E+03
1.07220E+01        8.82810601064E+03
1.07280E+01        8.81901100925E+03
1.07340E+01        8.80993734357E+03
1.07400E+01        8.80087031253E+03
1.07460E+01        8.79181722760E+03
1.07520E+01        8.78277806031E+03
1.07580E+01        8.77375278227E+03
1.07640E+01        8.76474136514E+03
1.07700E+01        8.75574378067E+03
1.07760E+01        8.74676000069E+03
