exonoodle/wasp43b_ersspectra_bb_noLD/Noodles_2021-03-26/SED_15.dat
# %ECSV 0.9
# ---
# datatype:
# - {name: wavelength, unit: micron, datatype: float64}
# - {name: flux, unit: microJansky, datatype: float64}
# schema: astropy-2.0
#
#
#  - - File generated by ExoNoodle - -
#         V1.0.0 - MML (CEA-Saclay)
#       2021-03-25 15:37:33.308590
wavelength flux 
[from data line 1298]
1.07880E+01        8.52812574777E+03
1.07940E+01        8.51938903455E+03
1.08000E+01        8.51066569855E+03
1.08060E+01        8.50195571257E+03
1.08120E+01        8.49325904949E+03
1.08180E+01        8.48457568228E+03
1.08240E+01        8.47590558394E+03
1.08300E+01        8.46724872756E+03
1.08360E+01        8.45860508629E+03
1.08420E+01        8.44997463337E+03
1.08480E+01        8.44135734208E+03
1.08540E+01        8.43275318577E+03
1.08600E+01        8.42416213787E+03
1.08660E+01        8.41558417187E+03
1.08720E+01        8.40701926133E+03
1.08780E+01        8.39846737987E+03
1.08840E+01        8.38992850118E+03
1.08900E+01        8.38140259902E+03
1.08960E+01        8.37288964722E+03
1.09020E+01        8.36438961965E+03
1.09080E+01        8.35590249028E+03
1.09140E+01        8.34742823311E+03
1.09200E+01        8.33896682225E+03
1.09260E+01        8.33060325498E+03
1.09320E+01        8.32216737304E+03
1.09380E+01        8.31374426015E+03
1.09440E+01        8.30533389068E+03
1.09500E+01        8.29693623901E+03
1.09560E+01        8.28855127964E+03
1.09620E+01        8.28017898708E+03
1.09680E+01        8.27181933593E+03
1.09740E+01        8.26348073460E+03
1.09800E+01        8.25513785660E+03
1.09860E+01        8.24681597792E+03
1.09920E+01        8.23850663968E+03
1.09980E+01        8.23020981678E+03
1.10040E+01        8.22192548421E+03
1.10100E+01        8.21365361700E+03
1.10160E+01        8.20539419025E+03
1.10220E+01        8.19714717913E+03
1.10280E+01        8.18891255884E+03
1.10340E+01        8.18069030468E+03
1.10400E+01        8.17248039200E+03
1.10460E+01        8.16428279620E+03
1.10520E+01        8.15609749274E+03
1.10580E+01        8.14792445716E+03
1.10640E+01        8.13976366504E+03
1.10700E+01        8.13161509204E+03
1.10760E+01        8.12347871387E+03
1.10820E+01        8.11535450628E+03
1.10880E+01        8.10724244512E+03
1.10940E+01        8.09914250627E+03
1.11000E+01        8.09105466569E+03
1.11060E+01        8.08297889937E+03
1.11120E+01        8.07491518339E+03
1.11180E+01        8.06694582258E+03
1.11240E+01        8.05890605358E+03
1.11300E+01        8.05087826359E+03
1.11360E+01        8.04286242892E+03
1.11420E+01        8.03485852593E+03
1.11480E+01        8.02686653103E+03
1.11540E+01        8.01888642071E+03
1.11600E+01        8.01091817149E+03
1.11660E+01        8.00296175997E+03
1.11720E+01        7.99501716281E+03
1.11780E+01        7.98708435669E+03
1.11840E+01        7.97916331840E+03
1.11900E+01        7.97125402475E+03
1.11960E+01        7.96335645262E+03
1.12020E+01        7.95547057894E+03
1.12080E+01        7.94759638071E+03
1.12140E+01        7.93973383496E+03
1.12200E+01        7.93188291882E+03
1.12260E+01        7.92404360942E+03
1.12320E+01        7.91621588400E+03
1.12380E+01        7.90839164891E+03
1.12440E+01        7.90058703126E+03
1.12500E+01        7.89279392955E+03
1.12560E+01        7.88501232122E+03
1.12620E+01        7.87724218374E+03
1.12680E+01        7.86948349468E+03
1.12740E+01        7.86173623163E+03
1.12800E+01        7.85400037225E+03
1.12860E+01        7.84627589424E+03
1.12920E+01        7.83856277538E+03
1.12980E+01        7.83086099348E+03
1.13040E+01        7.82317052642E+03
1.13100E+01        7.81549135211E+03
1.13160E+01        7.80790313013E+03
1.13220E+01        7.80024639712E+03
1.13280E+01        7.79260089108E+03
1.13340E+01        7.78496659015E+03
1.13400E+01        7.77734347253E+03
1.13460E+01        7.76973151646E+03
1.13520E+01        7.76212277884E+03
1.13580E+01        7.75453308856E+03
1.13640E+01        7.74695449488E+03
1.13700E+01        7.73938697624E+03
1.13760E+01        7.73183051115E+03
1.13820E+01        7.72428507818E+03
1.13880E+01        7.71675065592E+03
1.13940E+01        7.70922722305E+03
1.14000E+01        7.70171475827E+03
1.14060E+01        7.69421324035E+03
1.14120E+01        7.68672264811E+03
1.14180E+01        7.67924296041E+03
1.14240E+01        7.67177415618E+03
1.14300E+01        7.66430839289E+03
1.14360E+01        7.65686130015E+03
1.14420E+01        7.64942502791E+03
1.14480E+01        7.64199955530E+03
1.14540E+01        7.63458486149E+03
1.14600E+01        7.62718092570E+03
1.14660E+01        7.61978772720E+03
1.14720E+01        7.61240524531E+03
1.14780E+01        7.60503345939E+03
1.14840E+01        7.59767234887E+03
1.14900E+01        7.59032189321E+03
1.14960E+01        7.58298207194E+03
1.15020E+01        7.57564513370E+03
1.15080E+01        7.56832652741E+03
1.15140E+01        7.56101849434E+03
1.15200E+01        7.55379809935E+03
1.15260E+01        7.54651107745E+03
1.15320E+01        7.53923456816E+03
1.15380E+01        7.53196855133E+03
1.15440E+01        7.52471300686E+03
1.15500E+01        7.51746791472E+03
1.15560E+01        7.51023325489E+03
1.15620E+01        7.50300900744E+03
1.15680E+01        7.49578750319E+03
1.15740E+01        7.48858402816E+03
1.15800E+01        7.48139090592E+03
1.15860E+01        7.47420811671E+03
1.15920E+01        7.46703564081E+03
1.15980E+01        7.45987345855E+03
1.16040E+01        7.45272155031E+03
1.16100E+01        7.44557989651E+03
1.16160E+01        7.43844847762E+03
1.16220E+01        7.43132727417E+03
1.16280E+01        7.42421626671E+03
1.16340E+01        7.41710786696E+03
1.16400E+01        7.41001720061E+03
1.16460E+01        7.40293667221E+03
1.16520E+01        7.39586626251E+03
1.16580E+01        7.38880595229E+03
1.16640E+01        7.38175572241E+03
1.16700E+01        7.37471555373E+03
1.16760E+01        7.36768542719E+03
1.16820E+01        7.36065781253E+03
1.16880E+01        7.35364772039E+03
1.16940E+01        7.34664761343E+03
1.17000E+01        7.33965747276E+03
1.17060E+01        7.33267727953E+03
1.17120E+01        7.32570701494E+03
1.17180E+01        7.31874666022E+03
1.17240E+01        7.31179619667E+03
1.17300E+01        7.30490530048E+03
1.17360E+01        7.29799189276E+03
1.17420E+01        7.29107092720E+03
1.17480E+01        7.28415977848E+03
1.17540E+01        7.27725842808E+03
1.17600E+01        7.27036685757E+03
1.17660E+01        7.26348504852E+03
1.17720E+01        7.25661298257E+03
1.17780E+01        7.24975064139E+03
1.17840E+01        7.24289800672E+03
1.17900E+01        7.23604767641E+03
1.17960E+01        7.22921440703E+03
1.18020E+01        7.22239078955E+03
1.18080E+01        7.21557680586E+03
1.18140E+01        7.20877243788E+03
1.18200E+01        7.20197766759E+03
1.18260E+01        7.19519247702E+03
1.18320E+01        7.18841684821E+03
1.18380E+01        7.18164343495E+03
1.18440E+01        7.17488688291E+03
1.18500E+01        7.16813983905E+03
1.18560E+01        7.16140228560E+03
1.18620E+01        7.15467420481E+03
1.18680E+01        7.14795557900E+03
1.18740E+01        7.14124639052E+03
1.18800E+01        7.13453934155E+03
1.18860E+01        7.12784898176E+03
1.18920E+01        7.12116800657E+03
1.18980E+01        7.11449639850E+03
1.19040E+01        7.10783414010E+03
1.19100E+01        7.10118121397E+03
1.19160E+01        7.09453760272E+03
1.19220E+01        7.08789605648E+03
1.19280E+01        7.08127102986E+03
1.19340E+01        7.07465526625E+03
1.19400E+01        7.06804874847E+03
1.19460E+01        7.06145145934E+03
1.19520E+01        7.05493536991E+03
1.19580E+01        7.04835641953E+03
1.19640E+01        7.04178664663E+03
1.19700E+01        7.03521885553E+03
1.19760E+01        7.02866739330E+03
1.19820E+01        7.02212505763E+03
1.19880E+01        7.01559183164E+03
1.19940E+01        7.00906769846E+03
1.20000E+01        7.00255264129E+03
1.20060E+01        6.99604664335E+03
1.20120E+01        6.98954255586E+03
1.20180E+01        6.98305463284E+03
1.20240E+01        6.97657571894E+03
1.20300E+01        6.97010579754E+03
1.20360E+01        6.96364485206E+03
1.20420E+01        6.95719286596E+03
1.20480E+01        6.95074273033E+03
1.20540E+01        6.94430862007E+03
1.20600E+01        6.93788341977E+03
1.20660E+01        6.93146711303E+03
1.20720E+01        6.92505968351E+03
1.20780E+01        6.91866111487E+03
1.20840E+01        6.91227139084E+03
1.20900E+01        6.90588344859E+03
1.20960E+01        6.89951137160E+03
1.21020E+01        6.89314809058E+03
1.21080E+01        6.88679358940E+03
1.21140E+01        6.88044785198E+03
1.21200E+01        6.87411086224E+03
1.21260E+01        6.86777559650E+03
1.21320E+01        6.86145606057E+03
1.21380E+01        6.85514522436E+03
1.21440E+01        6.84884307196E+03
1.21500E+01        6.84254958748E+03
1.21560E+01        6.83626475510E+03
1.21620E+01        6.82998158993E+03
1.21680E+01        6.82371402074E+03
1.21740E+01        6.81752376028E+03
1.21800E+01        6.81127417990E+03
1.21860E+01        6.80503231422E+03
1.21920E+01        6.79879900642E+03
1.21980E+01        6.79256731011E+03
1.22040E+01        6.78635107766E+03
1.22100E+01        6.78014335642E+03
1.22160E+01        6.77394413089E+03
1.22220E+01        6.76775338563E+03
1.22280E+01        6.76156420609E+03
1.22340E+01        6.75539038145E+03
1.22400E+01        6.74922499092E+03
1.22460E+01        6.74306801920E+03
1.22520E+01        6.73691945101E+03
1.22580E+01        6.73077927111E+03
1.22640E+01        6.72464060287E+03
1.22700E+01        6.71851716020E+03
1.22760E+01        6.71240206030E+03
1.22820E+01        6.70629528805E+03
1.22880E+01        6.70019682839E+03
1.22940E+01        6.69409983604E+03
1.23000E+01        6.68801796269E+03
1.23060E+01        6.68194435690E+03
1.23120E+01        6.67587900375E+03
1.23180E+01        6.66982188833E+03
1.23240E+01        6.66377299577E+03
1.23300E+01        6.65772551817E+03
1.23360E+01        6.65169303304E+03
1.23420E+01        6.64566872636E+03
1.23480E+01        6.63965258339E+03
1.23540E+01        6.63364458945E+03
1.23600E+01        6.62763796750E+03
1.23660E+01        6.62164623373E+03
1.23720E+01        6.61566260506E+03
1.23780E+01        6.60968706693E+03
1.23840E+01        6.60371960479E+03
1.23900E+01        6.59775347230E+03
1.23960E+01        6.59180212474E+03
1.24020E+01        6.58585880974E+03
1.24080E+01        6.57992351290E+03
1.24140E+01        6.57406329548E+03
1.24200E+01        6.56813722988E+03
1.24260E+01        6.56222584705E+03
1.24320E+01        6.55632242513E+03
1.24380E+01        6.55042694989E+03
1.24440E+01        6.54453940710E+03
1.24500E+01        6.53865311117E+03
1.24560E+01        6.53278139677E+03
1.24620E+01        6.52691757235E+03
1.24680E+01        6.52106162384E+03
1.24740E+01        6.51521353716E+03
1.24800E+01        6.50936665679E+03
1.24860E+01        6.50353425770E+03
1.24920E+01        6.49770967844E+03
1.24980E+01        6.49189290509E+03
1.25040E+01        6.48608392375E+03
1.25100E+01        6.48027610875E+03
1.25160E+01        6.47448267574E+03
1.25220E+01        6.46869699321E+03
1.25280E+01        6.46291904737E+03
1.25340E+01        6.45714882446E+03
1.25400E+01        6.45137972850E+03
1.25460E+01        6.44562491623E+03
1.25520E+01        6.43987778582E+03
1.25580E+01        6.43413832365E+03
1.25640E+01        6.42840651611E+03
1.25700E+01        6.42267579668E+03
1.25760E+01        6.41695926358E+03
1.25820E+01        6.41125034450E+03
1.25880E+01        6.40554902595E+03
1.25940E+01        6.39984876483E+03
1.26000E+01        6.39416261284E+03
1.26060E+01        6.38848402112E+03
1.26120E+01        6.38281297631E+03
1.26180E+01        6.37714946508E+03
1.26240E+01        6.37148697342E+03
1.26300E+01        6.36583849524E+03
1.26360E+01        6.36019751080E+03
1.26420E+01        6.35456400691E+03
1.26480E+01        6.34893797036E+03
1.26540E+01        6.34331676843E+03
1.26600E+01        6.33776644246E+03
1.26660E+01        6.33216267764E+03
1.26720E+01        6.32656632779E+03
1.26780E+01        6.32097093082E+03
1.26840E+01        6.31538937751E+03
1.26900E+01        6.30981520012E+03
1.26960E+01        6.30424838570E+03
1.27020E+01        6.29868892132E+03
1.27080E+01        6.29313037347E+03
1.27140E+01        6.28758557617E+03
1.27200E+01        6.28204809028E+03
1.27260E+01        6.27651790300E+03
1.27320E+01        6.27098860354E+03
1.27380E+01        6.26547298077E+03
1.27440E+01        6.25996461832E+03
1.27500E+01        6.25446350349E+03
1.27560E+01        6.24896324809E+03
1.27620E+01        6.24347659609E+03
1.27680E+01        6.23799715377E+03
1.27740E+01        6.23252490851E+03
1.27800E+01        6.22705984777E+03
1.27860E+01        6.22159561143E+03
1.27920E+01        6.21614488768E+03
1.27980E+01        6.21070131089E+03
1.28040E+01        6.20526486862E+03
1.28100E+01        6.19982922309E+03
1.28160E+01        6.19440701811E+03
1.28220E+01        6.18899191043E+03
1.28280E+01        6.18358388769E+03
1.28340E+01        6.17817663435E+03
1.28400E+01        6.17278275008E+03
1.28460E+01        6.16739591386E+03
1.28520E+01        6.16201611345E+03
1.28580E+01        6.15663705540E+03
1.28640E+01        6.15127129547E+03
1.28700E+01        6.14591253478E+03
1.28760E+01        6.14056076118E+03
1.28820E+01        6.13520970322E+03
1.28880E+01        6.12987187297E+03
1.28940E+01        6.12454099356E+03
1.29000E+01        6.11921705295E+03
1.29060E+01        6.11389380156E+03
1.29120E+01        6.10864602961E+03
1.29180E+01        6.10334278474E+03
1.29240E+01        6.09804643087E+03
1.29300E+01        6.09275074016E+03
1.29360E+01        6.08746813800E+03
1.29420E+01        6.08219239120E+03
1.29480E+01        6.07692348793E+03
1.29540E+01        6.07166141639E+03
1.29600E+01        6.06639997579E+03
1.29660E+01        6.06115153778E+03
1.29720E+01        6.05590989624E+03
1.29780E+01        6.05066886651E+03
1.29840E+01        6.04544078819E+03
1.29900E+01        6.04021947130E+03
1.29960E+01        6.03500490424E+03
1.30020E+01        6.02979092374E+03
1.30080E+01        6.02458982684E+03
1.30140E+01        6.01939544503E+03
1.30200E+01        6.01420776677E+03
1.30260E+01        6.00902065014E+03
1.30320E+01        6.00384634981E+03
1.30380E+01        5.99867871860E+03
1.30440E+01        5.99351774508E+03
1.30500E+01        5.98835730852E+03
1.30560E+01        5.98320962146E+03
1.30620E+01        5.97806855796E+03
1.30680E+01        5.97293410667E+03
1.30740E+01        5.96780016796E+03
1.30800E+01        5.96267891245E+03
1.30860E+01        5.95756423531E+03
1.30920E+01        5.95245612530E+03
1.30980E+01        5.94734850375E+03
1.31040E+01        5.94225349961E+03
1.31100E+01        5.93716502903E+03
1.31160E+01        5.93207702902E+03
1.31220E+01        5.92700159737E+03
1.31280E+01        5.92193266593E+03
1.31340E+01        5.91687022364E+03
1.31400E+01        5.91180822829E+03
1.31460E+01        5.90675873634E+03
1.31520E+01        5.90171570047E+03
1.31580E+01        5.89667910971E+03
1.31640E+01        5.89164294251E+03
1.31700E+01        5.88667926874E+03
1.31760E+01        5.88166190154E+03
1.31820E+01        5.87664494064E+03
1.31880E+01        5.87164037069E+03
1.31940E+01        5.86664218053E+03
1.32000E+01        5.86165035935E+03
1.32060E+01        5.85665892157E+03
1.32120E+01        5.85167981109E+03
1.32180E+01        5.84670703729E+03
1.32240E+01        5.84174058943E+03
1.32300E+01        5.83677450234E+03
1.32360E+01        5.83182067937E+03
1.32420E+01        5.82687315031E+03
1.32480E+01        5.82192596520E+03
1.32540E+01        5.81699099714E+03
1.32600E+01        5.81206229115E+03
1.32660E+01        5.80713983668E+03
1.32720E+01        5.80221770396E+03
1.32780E+01        5.79730772593E+03
1.32840E+01        5.79240396783E+03
1.32900E+01        5.78750641921E+03
1.32960E+01        5.78260917040E+03
1.33020E+01        5.77772401436E+03
1.33080E+01        5.77284503649E+03
1.33140E+01        5.76796634214E+03
1.33200E+01        5.76309969442E+03
1.33260E+01        5.75823919375E+03
1.33320E+01        5.75337896048E+03
1.33380E+01        5.74853072792E+03
1.33440E+01        5.74368861152E+03
1.33500E+01        5.73885260100E+03
1.33560E+01        5.73401683655E+03
1.33620E+01        5.72919301203E+03
1.33680E+01        5.72437526274E+03
