exonoodle/wasp43b_ersspectra_bb_noLD/Noodles_2021-03-26/SED_12.dat
# %ECSV 0.9
# ---
# datatype:
# - {name: wavelength, unit: micron, datatype: float64}
# - {name: flux, unit: microJansky, datatype: float64}
# schema: astropy-2.0
#
#
#  - - File generated by ExoNoodle - -
#         V1.0.0 - MML (CEA-Saclay)
#       2021-03-25 15:37:33.308590
wavelength flux 
[from data line 433]
5.59800E+00        2.79818069725E+04
5.60400E+00        2.79267654972E+04
5.61000E+00        2.78815094372E+04
5.61600E+00        2.78308837755E+04
5.62200E+00        2.77770453640E+04
5.62800E+00        2.77311657449E+04
5.63400E+00        2.76809517002E+04
5.64000E+00        2.76233501006E+04
5.64600E+00        2.75818820545E+04
5.65200E+00        2.75324540066E+04
5.65800E+00        2.74815386495E+04
5.66400E+00        2.74339317054E+04
5.67000E+00        2.73848000058E+04
5.67600E+00        2.73348186064E+04
5.68200E+00        2.72860132818E+04
5.68800E+00        2.72383676249E+04
5.69400E+00        2.71870933792E+04
5.70000E+00        2.71409359351E+04
5.70600E+00        2.70930329633E+04
5.71200E+00        2.70447895337E+04
5.71800E+00        2.69967368242E+04
5.72400E+00        2.69488574215E+04
5.73000E+00        2.69009828788E+04
5.73600E+00        2.68525768914E+04
5.74200E+00        2.68058115339E+04
5.74800E+00        2.67583389851E+04
5.75400E+00        2.67108707718E+04
5.76000E+00        2.66638571699E+04
5.76600E+00        2.66167999404E+04
5.77200E+00        2.65692438196E+04
5.77800E+00        2.65229997401E+04
5.78400E+00        2.64763190199E+04
5.79000E+00        2.64297049263E+04
5.79600E+00        2.63831836575E+04
5.80200E+00        2.63369473537E+04
5.80800E+00        2.62906858852E+04
5.81400E+00        2.62385333131E+04
5.82000E+00        2.61986213332E+04
5.82600E+00        2.61527981398E+04
5.83200E+00        2.61070312784E+04
5.83800E+00        2.60613736065E+04
5.84400E+00        2.60159233500E+04
5.85000E+00        2.59705275618E+04
5.85600E+00        2.59250870148E+04
5.86200E+00        2.58801032385E+04
5.86800E+00        2.58350302876E+04
5.87400E+00        2.57853559112E+04
5.88000E+00        2.57453201763E+04
5.88600E+00        2.57006111086E+04
5.89200E+00        2.56560599198E+04
5.89800E+00        2.56115443231E+04
5.90400E+00        2.55624759631E+04
5.91000E+00        2.55229953112E+04
5.91600E+00        2.54787149089E+04
5.92200E+00        2.54348621926E+04
5.92800E+00        2.53909646817E+04
5.93400E+00        2.53471703346E+04
5.94000E+00        2.53034962557E+04
5.94600E+00        2.52599246265E+04
5.95200E+00        2.52164724941E+04
5.95800E+00        2.51731298738E+04
5.96400E+00        2.51298202963E+04
5.97000E+00        2.50867675677E+04
5.97600E+00        2.50437549068E+04
5.98200E+00        2.50008339767E+04
5.98800E+00        2.49580388925E+04
5.99400E+00        2.49152395830E+04
6.00000E+00        2.48706217482E+04
6.00600E+00        2.48303007227E+04
6.01200E+00        2.47879278939E+04
6.01800E+00        2.47456619044E+04
6.02400E+00        2.47035109109E+04
6.03000E+00        2.46614736368E+04
6.03600E+00        2.46195260146E+04
6.04200E+00        2.45776838308E+04
6.04800E+00        2.45359467386E+04
6.05400E+00        2.44943228296E+04
6.06000E+00        2.44527948714E+04
6.06600E+00        2.44113709730E+04
6.07200E+00        2.43700583153E+04
6.07800E+00        2.43288582609E+04
6.08400E+00        2.42877360927E+04
6.09000E+00        2.42467166557E+04
6.09600E+00        2.42058329641E+04
6.10200E+00        2.41650262504E+04
6.10800E+00        2.41238218085E+04
6.11400E+00        2.40837333195E+04
6.12000E+00        2.40432306841E+04
6.12600E+00        2.40028287569E+04
6.13200E+00        2.39625354638E+04
6.13800E+00        2.39223339569E+04
6.14400E+00        2.38822321787E+04
6.15000E+00        2.38421468305E+04
6.15600E+00        2.38023502572E+04
6.16200E+00        2.37617190326E+04
6.16800E+00        2.37228395560E+04
6.17400E+00        2.36832315473E+04
6.18000E+00        2.36437213427E+04
6.18600E+00        2.36043086258E+04
6.19200E+00        2.35650011981E+04
6.19800E+00        2.35257978637E+04
6.20400E+00        2.34866756854E+04
6.21000E+00        2.34476497419E+04
6.21600E+00        2.34087197233E+04
6.22200E+00        2.33698853204E+04
6.22800E+00        2.33311542617E+04
6.23400E+00        2.32925101552E+04
6.24000E+00        2.32539679228E+04
6.24600E+00        2.32155208892E+04
6.25200E+00        2.31771599358E+04
6.25800E+00        2.31388927701E+04
6.26400E+00        2.31007190916E+04
6.27000E+00        2.30626386009E+04
6.27600E+00        2.30246589303E+04
6.28200E+00        2.29867639089E+04
6.28800E+00        2.29489761720E+04
6.29400E+00        2.29112654251E+04
6.30000E+00        2.28736463868E+04
6.30600E+00        2.28361187648E+04
6.31200E+00        2.27986822679E+04
6.31800E+00        2.27613444455E+04
6.32400E+00        2.27240893166E+04
6.33000E+00        2.26869244459E+04
6.33600E+00        2.26498643385E+04
6.34200E+00        2.26127856404E+04
6.34800E+00        2.25759832642E+04
6.35400E+00        2.25391765456E+04
6.36000E+00        2.25024586625E+04
6.36600E+00        2.24658293338E+04
6.37200E+00        2.24292882794E+04
6.37800E+00        2.23928575566E+04
6.38400E+00        2.23564767783E+04
6.39000E+00        2.23201988654E+04
6.39600E+00        2.22840234670E+04
6.40200E+00        2.22479195835E+04
6.40800E+00        2.22119023162E+04
6.41400E+00        2.21759713925E+04
6.42000E+00        2.21401265407E+04
6.42600E+00        2.21043819258E+04
6.43200E+00        2.20687083841E+04
6.43800E+00        2.20331201058E+04
6.44400E+00        2.19976168237E+04
6.45000E+00        2.19621982713E+04
6.45600E+00        2.19268641832E+04
6.46200E+00        2.18916142951E+04
6.46800E+00        2.18564558712E+04
6.47400E+00        2.18213878325E+04
6.48000E+00        2.17863889334E+04
6.48600E+00        2.17514731870E+04
6.49200E+00        2.17166403340E+04
6.49800E+00        2.16818901161E+04
6.50400E+00        2.16472222759E+04
6.51000E+00        2.16126365570E+04
6.51600E+00        2.15781467956E+04
6.52200E+00        2.15437171120E+04
6.52800E+00        2.15093836260E+04
6.53400E+00        2.14751238260E+04
6.54000E+00        2.14409448800E+04
6.54600E+00        2.14068465377E+04
6.55200E+00        2.13728285493E+04
6.55800E+00        2.13389046013E+04
6.56400E+00        2.13050465536E+04
6.57000E+00        2.12712681168E+04
6.57600E+00        2.12375690450E+04
6.58200E+00        2.12039490932E+04
6.58800E+00        2.11704080176E+04
6.59400E+00        2.11369593781E+04
6.60000E+00        2.11035753045E+04
6.60600E+00        2.10702693807E+04
6.61200E+00        2.10370413662E+04
6.61800E+00        2.10038910217E+04
6.62400E+00        2.09708181087E+04
6.63000E+00        2.09378360625E+04
6.63600E+00        2.09049172789E+04
6.64200E+00        2.08720752167E+04
6.64800E+00        2.08393168179E+04
6.65400E+00        2.08066274832E+04
6.66000E+00        2.07740277337E+04
6.66600E+00        2.07414901838E+04
6.67200E+00        2.07090281896E+04
6.67800E+00        2.06766415202E+04
6.68400E+00        2.06443299462E+04
6.69000E+00        2.06120932386E+04
6.69600E+00        2.05799375210E+04
6.70200E+00        2.05478569297E+04
6.70800E+00        2.05158434361E+04
6.71400E+00        2.04839039020E+04
6.72000E+00        2.04520514585E+04
6.72600E+00        2.04202591501E+04
6.73200E+00        2.03885401301E+04
6.73800E+00        2.03568941764E+04
6.74400E+00        2.03253210678E+04
6.75000E+00        2.02938338359E+04
6.75600E+00        2.02624057364E+04
6.76200E+00        2.02310498232E+04
6.76800E+00        2.01997658782E+04
6.77400E+00        2.01685668545E+04
6.78000E+00        2.01374192399E+04
6.78600E+00        2.01063568144E+04
6.79200E+00        2.00753585584E+04
6.79800E+00        2.00444373788E+04
6.80400E+00        2.00135806808E+04
6.81000E+00        1.99828013293E+04
6.81600E+00        1.99520853388E+04
6.82200E+00        1.99214455386E+04
6.82800E+00        1.98908694133E+04
6.83400E+00        1.98603629109E+04
6.84000E+00        1.98299387720E+04
6.84600E+00        1.97995708711E+04
6.85200E+00        1.97692719700E+04
6.85800E+00        1.97390418626E+04
6.86400E+00        1.97088932130E+04
6.87000E+00        1.96788000575E+04
6.87600E+00        1.96487750814E+04
6.88200E+00        1.96188180817E+04
6.88800E+00        1.95889416471E+04
6.89400E+00        1.95591199737E+04
6.90000E+00        1.95293656716E+04
6.90600E+00        1.94996912733E+04
6.91200E+00        1.94700710940E+04
6.91800E+00        1.94405176874E+04
6.92400E+00        1.94110308554E+04
6.93000E+00        1.93816230563E+04
6.93600E+00        1.93522687629E+04
6.94200E+00        1.93229804541E+04
6.94800E+00        1.92937705333E+04
6.95400E+00        1.92646135901E+04
6.96000E+00        1.92355220482E+04
6.96600E+00        1.92064891004E+04
6.97200E+00        1.91775403150E+04
6.97800E+00        1.91486438125E+04
6.98400E+00        1.91198119431E+04
6.99000E+00        1.90910569826E+04
6.99600E+00        1.90623537909E+04
7.00200E+00        1.90337146635E+04
7.00800E+00        1.90051518222E+04
7.01400E+00        1.89766402412E+04
7.02000E+00        1.89481921620E+04
7.02600E+00        1.89198073986E+04
7.03200E+00        1.88914981007E+04
7.03800E+00        1.88632393943E+04
7.04400E+00        1.88350434489E+04
7.05000E+00        1.88069223614E+04
7.05600E+00        1.87788513702E+04
7.06200E+00        1.87508361344E+04
7.06800E+00        1.87229016217E+04
7.07400E+00        1.86950167156E+04
7.08000E+00        1.86671934795E+04
7.08600E+00        1.86394439043E+04
7.09200E+00        1.86117434518E+04
7.09800E+00        1.85841041323E+04
7.10400E+00        1.85565378847E+04
7.11000E+00        1.85290202810E+04
7.11600E+00        1.85015632793E+04
7.12200E+00        1.84741787665E+04
7.12800E+00        1.84468360719E+04
7.13400E+00        1.84195598156E+04
7.14000E+00        1.83923434619E+04
7.14600E+00        1.83651988291E+04
7.15200E+00        1.83381017438E+04
7.15800E+00        1.83110640432E+04
7.16400E+00        1.82840974942E+04
7.17000E+00        1.82571780317E+04
7.17600E+00        1.82303174414E+04
7.18200E+00        1.82035211711E+04
7.18800E+00        1.81767778088E+04
7.19400E+00        1.81500928117E+04
7.20000E+00        1.81234778454E+04
7.20600E+00        1.80969090584E+04
7.21200E+00        1.80703981351E+04
7.21800E+00        1.80439566907E+04
7.22400E+00        1.80175609797E+04
7.23000E+00        1.79912164407E+04
7.23600E+00        1.79649353089E+04
7.24200E+00        1.79387229290E+04
7.24800E+00        1.79125556954E+04
7.25400E+00        1.78864451754E+04
7.26000E+00        1.78604028684E+04
7.26600E+00        1.78344052731E+04
7.27200E+00        1.78084639072E+04
7.27800E+00        1.77825902210E+04
7.28400E+00        1.77567547022E+04
7.29000E+00        1.77309810569E+04
7.29600E+00        1.77052630032E+04
7.30200E+00        1.76796119265E+04
7.30800E+00        1.76540045657E+04
7.31400E+00        1.76284523242E+04
7.32000E+00        1.76029604773E+04
7.32600E+00        1.75775179976E+04
7.33200E+00        1.75521301696E+04
7.33800E+00        1.75267968385E+04
7.34400E+00        1.75015292771E+04
7.35000E+00        1.74763044612E+04
7.35600E+00        1.74511276723E+04
7.36200E+00        1.74260221620E+04
7.36800E+00        1.74009589889E+04
7.37400E+00        1.73759493955E+04
7.38000E+00        1.73509932308E+04
7.38600E+00        1.73261016566E+04
7.39200E+00        1.73012459248E+04
7.39800E+00        1.72764491377E+04
7.40400E+00        1.72517051804E+04
7.41000E+00        1.72270251522E+04
7.41600E+00        1.72023863938E+04
7.42200E+00        1.71777941069E+04
7.42800E+00        1.71532599825E+04
7.43400E+00        1.71287891344E+04
7.44000E+00        1.71043590340E+04
7.44600E+00        1.70799807354E+04
7.45200E+00        1.70556482210E+04
7.45800E+00        1.70313842199E+04
7.46400E+00        1.70071604518E+04
7.47000E+00        1.69829879091E+04
7.47600E+00        1.69588606095E+04
7.48200E+00        1.69347900976E+04
7.48800E+00        1.69107814246E+04
7.49400E+00        1.68868123519E+04
7.50000E+00        1.68628937951E+04
7.50600E+00        1.68390198156E+04
7.51200E+00        1.68152128563E+04
7.51800E+00        1.67914449990E+04
7.52400E+00        1.67677270988E+04
7.53000E+00        1.67440532517E+04
7.53600E+00        1.67204348585E+04
7.54200E+00        1.66968769093E+04
7.54800E+00        1.66733574494E+04
7.55400E+00        1.66498815258E+04
7.56000E+00        1.66264604761E+04
7.56600E+00        1.66030992635E+04
7.57200E+00        1.65797760579E+04
7.57800E+00        1.65564958789E+04
7.58400E+00        1.65332700016E+04
7.59000E+00        1.65100925833E+04
7.59600E+00        1.64869634907E+04
7.60200E+00        1.64638876709E+04
7.60800E+00        1.64408548242E+04
7.61400E+00        1.64178699056E+04
7.62000E+00        1.63949327836E+04
7.62600E+00        1.63720376899E+04
7.63200E+00        1.63492064497E+04
7.63800E+00        1.63264119252E+04
7.64400E+00        1.63036646753E+04
7.65000E+00        1.62809589649E+04
7.65600E+00        1.62583058843E+04
7.66200E+00        1.62356996914E+04
7.66800E+00        1.62131452608E+04
7.67400E+00        1.61906324526E+04
7.68000E+00        1.61681661491E+04
7.68600E+00        1.61457462236E+04
7.69200E+00        1.61233669984E+04
7.69800E+00        1.61010394579E+04
7.70400E+00        1.60787684146E+04
7.71000E+00        1.60565272064E+04
7.71600E+00        1.60343372846E+04
7.72200E+00        1.60121929888E+04
7.72800E+00        1.59900886899E+04
7.73400E+00        1.59680352829E+04
7.74000E+00        1.59460375421E+04
7.74600E+00        1.59240690271E+04
7.75200E+00        1.59021510134E+04
7.75800E+00        1.58802778889E+04
7.76400E+00        1.58584440722E+04
7.77000E+00        1.58366603700E+04
7.77600E+00        1.58149211942E+04
7.78200E+00        1.57932312974E+04
7.78800E+00        1.57715808075E+04
7.79400E+00        1.57499744846E+04
7.80000E+00        1.57284067945E+04
7.80600E+00        1.57068884566E+04
7.81200E+00        1.56854139300E+04
7.81800E+00        1.56639777039E+04
7.82400E+00        1.56426006665E+04
7.83000E+00        1.56212568622E+04
7.83600E+00        1.55999510294E+04
7.84200E+00        1.55786938013E+04
7.84800E+00        1.55574796836E+04
7.85400E+00        1.55363032118E+04
7.86000E+00        1.55151749764E+04
7.86600E+00        1.54940996212E+04
7.87200E+00        1.54730514608E+04
7.87800E+00        1.54520511719E+04
7.88400E+00        1.54310879936E+04
7.89000E+00        1.54101724456E+04
7.89600E+00        1.53892990949E+04
7.90200E+00        1.53684625380E+04
7.90800E+00        1.53476832717E+04
7.91400E+00        1.53269358337E+04
7.92000E+00        1.53062248757E+04
7.92600E+00        1.52855608335E+04
7.93200E+00        1.52649330640E+04
7.93800E+00        1.52443519752E+04
7.94400E+00        1.52238121945E+04
7.95000E+00        1.52033083780E+04
7.95600E+00        1.51828508924E+04
7.96200E+00        1.51624442858E+04
7.96800E+00        1.51420634264E+04
7.97400E+00        1.51217285514E+04
7.98000E+00        1.51014291336E+04
7.98600E+00        1.50811754709E+04
7.99200E+00        1.50609570648E+04
7.99800E+00        1.50407841863E+04
8.00400E+00        1.50206515366E+04
8.01000E+00        1.50005538453E+04
8.01600E+00        1.49805013426E+04
8.02200E+00        1.49604933677E+04
8.02800E+00        1.49405205777E+04
8.03400E+00        1.49205874901E+04
8.04000E+00        1.49006888706E+04
8.04600E+00        1.48808348821E+04
8.05200E+00        1.48610151678E+04
8.05800E+00        1.48412398638E+04
8.06400E+00        1.48214986415E+04
8.07000E+00        1.48018016104E+04
8.07600E+00        1.47821435587E+04
8.08200E+00        1.47625193022E+04
8.08800E+00        1.47429389107E+04
8.09400E+00        1.47234017363E+04
8.10000E+00        1.47038985870E+04
8.10600E+00        1.46844288553E+04
8.11200E+00        1.46650025585E+04
8.11800E+00        1.46456094923E+04
8.12400E+00        1.46262596480E+04
8.13000E+00        1.46069478775E+04
8.13600E+00        1.45876690596E+04
8.14200E+00        1.45684331465E+04
8.14800E+00        1.45492300022E+04
8.15400E+00        1.45300695530E+04
8.16000E+00        1.45109416899E+04
8.16600E+00        1.44918657737E+04
8.17200E+00        1.44728127896E+04
8.17800E+00        1.44538020851E+04
