exonoodle/wasp43b_ersspectra_bb_noLD/Noodles_2021-03-26/SED_12.dat
# %ECSV 0.9
# ---
# datatype:
# - {name: wavelength, unit: micron, datatype: float64}
# - {name: flux, unit: microJansky, datatype: float64}
# schema: astropy-2.0
#
#
#  - - File generated by ExoNoodle - -
#         V1.0.0 - MML (CEA-Saclay)
#       2021-03-25 15:37:33.308590
wavelength flux 
[from data line 865]
8.19000E+00        1.44158871990E+04
8.19600E+00        1.43969828382E+04
8.20200E+00        1.43781203468E+04
8.20800E+00        1.43592946664E+04
8.21400E+00        1.43405007651E+04
8.22000E+00        1.43217484287E+04
8.22600E+00        1.43030276952E+04
8.23200E+00        1.42843483253E+04
8.23800E+00        1.42657003834E+04
8.24400E+00        1.42470936048E+04
8.25000E+00        1.42285273686E+04
8.25600E+00        1.42099927966E+04
8.26200E+00        1.41914893062E+04
8.26800E+00        1.41730265826E+04
8.27400E+00        1.41545947690E+04
8.28000E+00        1.41362035259E+04
8.28600E+00        1.41178430223E+04
8.29200E+00        1.40995228939E+04
8.29800E+00        1.40812333357E+04
8.30400E+00        1.40629839588E+04
8.31000E+00        1.40447649838E+04
8.31600E+00        1.40265859972E+04
8.32200E+00        1.40084372455E+04
8.32800E+00        1.39903282905E+04
8.33400E+00        1.39722494043E+04
8.34000E+00        1.39542101245E+04
8.34600E+00        1.39362007484E+04
8.35200E+00        1.39182307894E+04
8.35800E+00        1.39002996440E+04
8.36400E+00        1.38823986421E+04
8.37000E+00        1.38645272173E+04
8.37600E+00        1.38466900677E+04
8.38200E+00        1.38288918669E+04
8.38800E+00        1.38111230010E+04
8.39400E+00        1.37933928987E+04
8.40000E+00        1.37756919709E+04
8.40600E+00        1.37580296227E+04
8.41200E+00        1.37403962898E+04
8.41800E+00        1.37228013534E+04
8.42400E+00        1.37052352741E+04
8.43000E+00        1.36877074095E+04
8.43600E+00        1.36702082449E+04
8.44200E+00        1.36527471142E+04
8.44800E+00        1.36353145273E+04
8.45400E+00        1.36179151065E+04
8.46000E+00        1.36005534505E+04
8.46600E+00        1.35832201060E+04
8.47200E+00        1.35659243481E+04
8.47800E+00        1.35486567480E+04
8.48400E+00        1.35314265577E+04
8.49000E+00        1.35142243725E+04
8.49600E+00        1.34970594211E+04
8.50200E+00        1.34799223231E+04
8.50800E+00        1.34628222841E+04
8.51400E+00        1.34457499478E+04
8.52000E+00        1.34287098738E+04
8.52600E+00        1.34117065984E+04
8.53200E+00        1.33947308015E+04
8.53800E+00        1.33777916310E+04
8.54400E+00        1.33608797905E+04
8.55000E+00        1.33440131155E+04
8.55600E+00        1.33271562028E+04
8.56200E+00        1.33103483915E+04
8.56800E+00        1.32935680813E+04
8.57400E+00        1.32768147345E+04
8.58000E+00        1.32600974195E+04
8.58600E+00        1.32434069227E+04
8.59200E+00        1.32267477369E+04
8.59800E+00        1.32101243316E+04
8.60400E+00        1.31935275288E+04
8.61000E+00        1.31769663406E+04
8.61600E+00        1.31604316120E+04
8.62200E+00        1.31439278080E+04
8.62800E+00        1.31274593713E+04
8.63400E+00        1.31110171817E+04
8.64000E+00        1.30946101957E+04
8.64600E+00        1.30782293163E+04
8.65200E+00        1.30618834777E+04
8.65800E+00        1.30455636062E+04
8.66400E+00        1.30292741285E+04
8.67000E+00        1.30130194495E+04
8.67600E+00        1.29967905296E+04
8.68200E+00        1.29805962480E+04
8.68800E+00        1.29644275882E+04
8.69400E+00        1.29482889500E+04
8.70000E+00        1.29321847115E+04
8.70600E+00        1.29161058902E+04
8.71200E+00        1.29000613105E+04
8.71800E+00        1.28840420127E+04
8.72400E+00        1.28680523700E+04
8.73000E+00        1.28520967339E+04
8.73600E+00        1.28361661782E+04
8.74200E+00        1.28202650604E+04
8.74800E+00        1.28043977161E+04
8.75400E+00        1.27885552527E+04
8.76000E+00        1.27727464086E+04
8.76600E+00        1.27569623134E+04
8.77200E+00        1.27412072983E+04
8.77800E+00        1.27254856728E+04
8.78400E+00        1.27097885999E+04
8.79000E+00        1.26941203950E+04
8.79600E+00        1.26784853521E+04
8.80200E+00        1.26628746671E+04
8.80800E+00        1.26472969935E+04
8.81400E+00        1.26317435492E+04
8.82000E+00        1.26162186236E+04
8.82600E+00        1.26007264851E+04
8.83200E+00        1.25852583843E+04
8.83800E+00        1.25698185952E+04
8.84400E+00        1.25544113708E+04
8.85000E+00        1.25390279943E+04
8.85600E+00        1.25236727243E+04
8.86200E+00        1.25083497987E+04
8.86800E+00        1.24930505330E+04
8.87400E+00        1.24777834656E+04
8.88000E+00        1.24625399337E+04
8.88600E+00        1.24473241706E+04
8.89200E+00        1.24321403887E+04
8.89800E+00        1.24169799571E+04
8.90400E+00        1.24018470939E+04
8.91000E+00        1.23867459966E+04
8.91600E+00        1.23716680663E+04
8.92200E+00        1.23566094407E+04
8.92800E+00        1.23415984978E+04
8.93400E+00        1.23266024749E+04
8.94000E+00        1.23116336252E+04
8.94600E+00        1.22966961163E+04
8.95200E+00        1.22817814125E+04
8.95800E+00        1.22668936869E+04
8.96400E+00        1.22520370924E+04
8.97000E+00        1.22371951374E+04
8.97600E+00        1.22223959415E+04
8.98200E+00        1.22076117138E+04
8.98800E+00        1.21928579135E+04
8.99400E+00        1.21781307065E+04
9.00000E+00        1.21634342164E+04
9.00600E+00        1.21487600010E+04
9.01200E+00        1.21341121891E+04
9.01800E+00        1.21194948897E+04
9.02400E+00        1.21048996915E+04
9.03000E+00        1.20903307086E+04
9.03600E+00        1.20757920355E+04
9.04200E+00        1.20612752916E+04
9.04800E+00        1.20467845767E+04
9.05400E+00        1.20323239705E+04
9.06000E+00        1.20178929670E+04
9.06600E+00        1.20034799543E+04
9.07200E+00        1.19890968513E+04
9.07800E+00        1.19747275225E+04
9.08400E+00        1.19603916797E+04
9.09000E+00        1.19460814369E+04
9.09600E+00        1.19318008408E+04
9.10200E+00        1.19175416118E+04
9.10800E+00        1.19033155709E+04
9.11400E+00        1.18891112031E+04
9.12000E+00        1.18749280373E+04
9.12600E+00        1.18607701110E+04
9.13200E+00        1.18466337105E+04
9.13800E+00        1.18325338120E+04
9.14400E+00        1.18184512433E+04
9.15000E+00        1.18043977403E+04
9.15600E+00        1.17903651132E+04
9.16200E+00        1.17763573713E+04
9.16800E+00        1.17623744562E+04
9.17400E+00        1.17484203534E+04
9.18000E+00        1.17344869124E+04
9.18600E+00        1.17205781238E+04
9.19200E+00        1.17066979595E+04
9.19800E+00        1.16928382979E+04
9.20400E+00        1.16790031159E+04
9.21000E+00        1.16651963715E+04
9.21600E+00        1.16514099724E+04
9.22200E+00        1.16376478817E+04
9.22800E+00        1.16239100425E+04
9.23400E+00        1.16102003945E+04
9.24000E+00        1.15965108840E+04
9.24600E+00        1.15828454558E+04
9.25200E+00        1.15692080358E+04
9.25800E+00        1.15555905991E+04
9.26400E+00        1.15419970768E+04
9.27000E+00        1.15284274131E+04
9.27600E+00        1.15148855162E+04
9.28200E+00        1.15013633991E+04
9.28800E+00        1.14878649748E+04
9.29400E+00        1.14743941377E+04
9.30000E+00        1.14609429295E+04
9.30600E+00        1.14475152495E+04
9.31200E+00        1.14341110433E+04
9.31800E+00        1.14207341875E+04
9.32400E+00        1.14073767613E+04
9.33000E+00        1.13940426462E+04
9.33600E+00        1.13807357055E+04
9.34200E+00        1.13674480465E+04
9.34800E+00        1.13541909477E+04
9.35400E+00        1.13409495265E+04
9.36000E+00        1.13277350474E+04
9.36600E+00        1.13145396548E+04
9.37200E+00        1.13013671994E+04
9.37800E+00        1.12882176283E+04
9.38400E+00        1.12750947695E+04
9.39000E+00        1.12619908045E+04
9.39600E+00        1.12489095662E+04
9.40200E+00        1.12358510023E+04
9.40800E+00        1.12228189236E+04
9.41400E+00        1.12098055482E+04
9.42000E+00        1.11968146914E+04
9.42600E+00        1.11838501510E+04
9.43200E+00        1.11709041724E+04
9.43800E+00        1.11579878401E+04
9.44400E+00        1.11450865303E+04
9.45000E+00        1.11322113141E+04
9.45600E+00        1.11193544730E+04
9.46200E+00        1.11065197923E+04
9.46800E+00        1.10937072213E+04
9.47400E+00        1.10809205235E+04
9.48000E+00        1.10681520163E+04
9.48600E+00        1.10554054678E+04
9.49200E+00        1.10426808281E+04
9.49800E+00        1.10299818435E+04
9.50400E+00        1.10173008672E+04
9.51000E+00        1.10046488323E+04
9.51600E+00        1.09920151004E+04
9.52200E+00        1.09793992415E+04
9.52800E+00        1.09668049941E+04
9.53400E+00        1.09542323090E+04
9.54000E+00        1.09416849033E+04
9.54600E+00        1.09291551920E+04
9.55200E+00        1.09166468967E+04
9.55800E+00        1.09041599689E+04
9.56400E+00        1.08916981089E+04
9.57000E+00        1.08792537668E+04
9.57600E+00        1.08668377393E+04
9.58200E+00        1.08544357867E+04
9.58800E+00        1.08420549611E+04
9.59400E+00        1.08296989421E+04
9.60000E+00        1.08173602232E+04
9.60600E+00        1.08050424885E+04
9.61200E+00        1.07927456909E+04
9.61800E+00        1.07804734935E+04
9.62400E+00        1.07682184242E+04
9.63000E+00        1.07559841509E+04
9.63600E+00        1.07437706266E+04
9.64200E+00        1.07315814983E+04
9.64800E+00        1.07194163238E+04
9.65400E+00        1.07072647554E+04
9.66000E+00        1.06951337503E+04
9.66600E+00        1.06830269392E+04
9.67200E+00        1.06709369183E+04
9.67800E+00        1.06588673228E+04
9.68400E+00        1.06468181068E+04
9.69000E+00        1.06347892249E+04
9.69600E+00        1.06227842875E+04
9.70200E+00        1.06107959330E+04
9.70800E+00        1.05988277764E+04
9.71400E+00        1.05868866817E+04
9.72000E+00        1.05749587779E+04
9.72600E+00        1.05630545726E+04
9.73200E+00        1.05511667459E+04
9.73800E+00        1.05392988929E+04
9.74400E+00        1.05274509689E+04
9.75000E+00        1.05156265489E+04
9.75600E+00        1.05038183462E+04
9.76200E+00        1.04920299399E+04
9.76800E+00        1.04802612860E+04
9.77400E+00        1.04685123406E+04
9.78000E+00        1.04567934829E+04
9.78600E+00        1.04450838118E+04
9.79200E+00        1.04333937183E+04
9.79800E+00        1.04217231590E+04
9.80400E+00        1.04100720907E+04
9.81000E+00        1.03984440490E+04
9.81600E+00        1.03868318292E+04
9.82200E+00        1.03752389714E+04
9.82800E+00        1.03636654325E+04
9.83400E+00        1.03521179257E+04
9.84000E+00        1.03405864484E+04
9.84600E+00        1.03290705996E+04
9.85200E+00        1.03175738998E+04
9.85800E+00        1.03060963069E+04
9.86400E+00        1.02946377787E+04
9.87000E+00        1.02832018122E+04
9.87600E+00        1.02717812836E+04
9.88200E+00        1.02603796941E+04
9.88800E+00        1.02490036904E+04
9.89400E+00        1.02376398468E+04
9.90000E+00        1.02262983373E+04
9.90600E+00        1.02149720775E+04
9.91200E+00        1.02036645498E+04
9.91800E+00        1.01923757131E+04
9.92400E+00        1.01811055263E+04
9.93000E+00        1.01698574487E+04
9.93600E+00        1.01586244356E+04
9.94200E+00        1.01474165721E+04
9.94800E+00        1.01362205667E+04
9.95400E+00        1.01250430080E+04
9.96000E+00        1.01138838559E+04
9.96600E+00        1.01027465470E+04
9.97200E+00        1.00916240836E+04
9.97800E+00        1.00805199065E+04
9.98400E+00        1.00694339758E+04
9.99000E+00        1.00583662517E+04
9.99600E+00        1.00473232512E+04
1.00020E+01        1.00362952684E+04
1.00080E+01        1.00252819157E+04
1.00140E+01        1.00142866118E+04
1.00200E+01        1.00033093173E+04
1.00260E+01        9.99234999323E+03
1.00320E+01        9.98141203555E+03
1.00380E+01        9.97048853142E+03
1.00440E+01        9.95958938014E+03
1.00500E+01        9.94870153745E+03
1.00560E+01        9.93783147110E+03
1.00620E+01        9.92697914260E+03
1.00680E+01        9.91614792618E+03
1.00740E+01        9.90533095459E+03
1.00800E+01        9.89453160600E+03
1.00860E+01        9.88374984233E+03
1.00920E+01        9.87299206826E+03
1.00980E+01        9.86224535358E+03
1.01040E+01        9.85151950057E+03
1.01100E+01        9.84080768715E+03
1.01160E+01        9.83011326979E+03
1.01220E+01        9.81943621103E+03
1.01280E+01        9.80877647350E+03
1.01340E+01        9.79813401992E+03
1.01400E+01        9.78751519995E+03
1.01460E+01        9.77691056060E+03
1.01520E+01        9.76631972570E+03
1.01580E+01        9.75574602668E+03
1.01640E+01        9.74518942677E+03
1.01700E+01        9.73464988930E+03
1.01760E+01        9.72412737767E+03
1.01820E+01        9.71362519828E+03
1.01880E+01        9.70313662539E+03
1.01940E+01        9.69267129407E+03
1.02000E+01        9.68221651157E+03
1.02060E+01        9.67177857349E+03
1.02120E+01        9.66135744384E+03
1.02180E+01        9.65095308671E+03
1.02240E+01        9.64056878399E+03
1.02300E+01        9.63019786100E+03
1.02360E+01        9.61984360340E+03
1.02420E+01        9.60951224620E+03
1.02480E+01        9.59919120614E+03
1.02540E+01        9.58888672520E+03
1.02600E+01        9.57859876811E+03
1.02660E+01        9.56832729974E+03
1.02720E+01        9.55807557429E+03
1.02780E+01        9.54783697473E+03
1.02840E+01        9.53761475900E+03
1.02900E+01        9.52740889231E+03
1.02960E+01        9.51722555023E+03
1.03020E+01        9.50705227101E+03
1.03080E+01        9.49689523706E+03
1.03140E+01        9.48675767865E+03
1.03200E+01        9.47663302858E+03
1.03260E+01        9.46652452080E+03
1.03320E+01        9.45643212118E+03
1.03380E+01        9.44635579566E+03
1.03440E+01        9.43629551027E+03
1.03500E+01        9.42625123113E+03
1.03560E+01        9.41622906876E+03
1.03620E+01        9.40621993129E+03
1.03680E+01        9.39622345860E+03
1.03740E+01        9.38624285756E+03
1.03800E+01        9.37627809475E+03
1.03860E+01        9.36632913682E+03
1.03920E+01        9.35639595052E+03
1.03980E+01        9.34647850266E+03
1.04040E+01        9.33657676016E+03
1.04100E+01        9.32669677584E+03
1.04160E+01        9.31682954488E+03
1.04220E+01        9.30697471100E+03
1.04280E+01        9.29713545102E+03
1.04340E+01        9.28731173229E+03
1.04400E+01        9.27750352223E+03
1.04460E+01        9.26771078837E+03
1.04520E+01        9.25793349829E+03
1.04580E+01        9.24817161969E+03
1.04640E+01        9.23842512032E+03
1.04700E+01        9.22869396805E+03
1.04760E+01        9.21898731871E+03
1.04820E+01        9.20928675484E+03
1.04880E+01        9.19960144212E+03
1.04940E+01        9.18993134875E+03
1.05000E+01        9.18027644299E+03
1.05060E+01        9.17063669318E+03
1.05120E+01        9.16101206777E+03
1.05180E+01        9.15140253526E+03
1.05240E+01        9.14180806425E+03
1.05300E+01        9.13223176599E+03
1.05360E+01        9.12266732078E+03
1.05420E+01        9.11311784335E+03
1.05480E+01        9.10358924267E+03
1.05540E+01        9.09406960139E+03
1.05600E+01        9.08456483488E+03
1.05660E+01        9.07507491230E+03
1.05720E+01        9.06559980289E+03
1.05780E+01        9.05613947596E+03
1.05840E+01        9.04669390091E+03
1.05900E+01        9.03726304721E+03
1.05960E+01        9.02784688441E+03
1.06020E+01        9.01844538215E+03
1.06080E+01        9.00906161028E+03
1.06140E+01        8.99968933507E+03
1.06200E+01        8.99033749586E+03
1.06260E+01        8.98099432428E+03
1.06320E+01        8.97166566258E+03
1.06380E+01        8.96235148084E+03
1.06440E+01        8.95305174923E+03
1.06500E+01        8.94376643802E+03
1.06560E+01        8.93449551751E+03
1.06620E+01        8.92523895811E+03
1.06680E+01        8.91599673030E+03
1.06740E+01        8.90676880463E+03
1.06800E+01        8.89755515173E+03
1.06860E+01        8.88835880086E+03
1.06920E+01        8.87917360251E+03
1.06980E+01        8.87000258926E+03
1.07040E+01        8.86084573203E+03
1.07100E+01        8.85170300183E+03
1.07160E+01        8.84257436973E+03
1.07220E+01        8.83345980688E+03
1.07280E+01        8.82435928450E+03
1.07340E+01        8.81527852565E+03
1.07400E+01        8.80620599223E+03
1.07460E+01        8.79714741340E+03
1.07520E+01        8.78810276065E+03
1.07580E+01        8.77907200558E+03
1.07640E+01        8.77005511985E+03
1.07700E+01        8.76105207517E+03
1.07760E+01        8.75206284335E+03
