exonoodle/wasp43b_ersspectra_bb_noLD/Noodles_2021-03-26/SED_05.dat
# %ECSV 0.9
# ---
# datatype:
# - {name: wavelength, unit: micron, datatype: float64}
# - {name: flux, unit: microJansky, datatype: float64}
# schema: astropy-2.0
#
#
#  - - File generated by ExoNoodle - -
#         V1.0.0 - MML (CEA-Saclay)
#       2021-03-25 15:37:33.308590
wavelength flux 
[from data line 1730]
1.33800E+01        5.86007922693E+03
1.33860E+01        5.85515307391E+03
1.33920E+01        5.85023748406E+03
1.33980E+01        5.84532662077E+03
1.34040E+01        5.84041901774E+03
1.34100E+01        5.83552193586E+03
1.34160E+01        5.83062955330E+03
1.34220E+01        5.82574040744E+03
1.34280E+01        5.82086174097E+03
1.34340E+01        5.81598919088E+03
1.34400E+01        5.81112130403E+03
1.34460E+01        5.80625662277E+03
1.34520E+01        5.80140236556E+03
1.34580E+01        5.79655274475E+03
1.34640E+01        5.79170630636E+03
1.34700E+01        5.78687025081E+03
1.34760E+01        5.78203880497E+03
1.34820E+01        5.77721051857E+03
1.34880E+01        5.77239257400E+03
1.34940E+01        5.76758064478E+03
1.35000E+01        5.76276898791E+03
1.35060E+01        5.75796906422E+03
1.35120E+01        5.75317512598E+03
1.35180E+01        5.74838573591E+03
1.35240E+01        5.74359945222E+03
1.35300E+01        5.73882341561E+03
1.35360E+01        5.73405190105E+03
1.35420E+01        5.72928347043E+03
1.35480E+01        5.72452524662E+03
1.35540E+01        5.71977293920E+03
1.35600E+01        5.71502085290E+03
1.35660E+01        5.71028035365E+03
1.35720E+01        5.70554574149E+03
1.35780E+01        5.70081133537E+03
1.35840E+01        5.69608847296E+03
1.35900E+01        5.69137146853E+03
1.35960E+01        5.68665465518E+03
1.36020E+01        5.68194934243E+03
1.36080E+01        5.67724985873E+03
1.36140E+01        5.67255055129E+03
1.36200E+01        5.66786270157E+03
1.36260E+01        5.66318065215E+03
1.36320E+01        5.65850016929E+03
1.36380E+01        5.65382829148E+03
1.36440E+01        5.64916359040E+03
1.36500E+01        5.64450043783E+03
1.36560E+01        5.63984585485E+03
1.36620E+01        5.63519841671E+03
1.36680E+01        5.63055250917E+03
1.36740E+01        5.62591513595E+03
1.36800E+01        5.62128487588E+03
1.36860E+01        5.61665612861E+03
1.36920E+01        5.61203588062E+03
1.36980E+01        5.60742271427E+03
1.37040E+01        5.60281104305E+03
1.37100E+01        5.59820783625E+03
1.37160E+01        5.59361167977E+03
1.37220E+01        5.58901700091E+03
1.37280E+01        5.58443075179E+03
1.37340E+01        5.57985152185E+03
1.37400E+01        5.57527375213E+03
1.37460E+01        5.57070437769E+03
1.37520E+01        5.56614199147E+03
1.37580E+01        5.56158104822E+03
1.37640E+01        5.55702846596E+03
1.37700E+01        5.55248284115E+03
1.37760E+01        5.54793864217E+03
1.37820E+01        5.54340277010E+03
1.37880E+01        5.53887382487E+03
1.37940E+01        5.53434628848E+03
1.38000E+01        5.52982841815E+03
1.38060E+01        5.52531469814E+03
1.38120E+01        5.52080374315E+03
1.38180E+01        5.51630104746E+03
1.38240E+01        5.51180521795E+03
1.38300E+01        5.50731076366E+03
1.38360E+01        5.50282590149E+03
1.38420E+01        5.49834103822E+03
1.38480E+01        5.49386710895E+03
1.38540E+01        5.48939726760E+03
1.38600E+01        5.48493013795E+03
1.38660E+01        5.48047253943E+03
1.38720E+01        5.47602036538E+03
1.38780E+01        5.47156816394E+03
1.38840E+01        5.46712681695E+03
1.38900E+01        5.46268951180E+03
1.38960E+01        5.45825487899E+03
1.39020E+01        5.45382970482E+03
1.39080E+01        5.44940990272E+03
1.39140E+01        5.44499004736E+03
1.39200E+01        5.44058096776E+03
1.39260E+01        5.43617588448E+03
1.39320E+01        5.43177343472E+03
1.39380E+01        5.42738037191E+03
1.39440E+01        5.42298723464E+03
1.39500E+01        5.41860480816E+03
1.39560E+01        5.41422768482E+03
1.39620E+01        5.40985047444E+03
1.39680E+01        5.40548393615E+03
1.39740E+01        5.40112267544E+03
1.39800E+01        5.39676131521E+03
1.39860E+01        5.39241058857E+03
1.39920E+01        5.38806511410E+03
1.39980E+01        5.38371952775E+03
1.40040E+01        5.37938453667E+03
