exonoodle/wasp43b_ersspectra_bb_noLD/Noodles_2021-03-26/SED_08.dat
# %ECSV 0.9
# ---
# datatype:
# - {name: wavelength, unit: micron, datatype: float64}
# - {name: flux, unit: microJansky, datatype: float64}
# schema: astropy-2.0
#
#
#  - - File generated by ExoNoodle - -
#         V1.0.0 - MML (CEA-Saclay)
#       2021-03-25 15:37:33.308590
wavelength flux 
[from data line 865]
8.19000E+00        1.44427277477E+04
8.19600E+00        1.44237874501E+04
8.20200E+00        1.44048976161E+04
8.20800E+00        1.43860446413E+04
8.21400E+00        1.43672149924E+04
8.22000E+00        1.43484354687E+04
8.22600E+00        1.43296791166E+04
8.23200E+00        1.43109726659E+04
8.23800E+00        1.42922892338E+04
8.24400E+00        1.42736554805E+04
8.25000E+00        1.42550447428E+04
8.25600E+00        1.42364833134E+04
8.26200E+00        1.42179445996E+04
8.26800E+00        1.41994551235E+04
8.27400E+00        1.41809882130E+04
8.28000E+00        1.41625703216E+04
8.28600E+00        1.41441748470E+04
8.29200E+00        1.41258281741E+04
8.29800E+00        1.41075037703E+04
8.30400E+00        1.40892279520E+04
8.31000E+00        1.40709742560E+04
8.31600E+00        1.40527689308E+04
8.32200E+00        1.40345855820E+04
8.32800E+00        1.40164503907E+04
8.33400E+00        1.39983370309E+04
8.34000E+00        1.39802716163E+04
8.34600E+00        1.39622278895E+04
8.35200E+00        1.39442318969E+04
8.35800E+00        1.39262575948E+04
8.36400E+00        1.39083306716E+04
8.37000E+00        1.38904251513E+04
8.37600E+00        1.38725539720E+04
8.38200E+00        1.38547300051E+04
8.38800E+00        1.38369272302E+04
8.39400E+00        1.38191714610E+04
8.40000E+00        1.38014367443E+04
8.40600E+00        1.37837488280E+04
8.41200E+00        1.37660818257E+04
8.41800E+00        1.37484614195E+04
8.42400E+00        1.37308617899E+04
8.43000E+00        1.37133085532E+04
8.43600E+00        1.36957759566E+04
8.44200E+00        1.36782895511E+04
8.44800E+00        1.36608236499E+04
8.45400E+00        1.36433909787E+04
8.46000E+00        1.36260041981E+04
8.46600E+00        1.36086377200E+04
8.47200E+00        1.35913169337E+04
8.47800E+00        1.35740163164E+04
8.48400E+00        1.35567611932E+04
8.49000E+00        1.35395261066E+04
8.49600E+00        1.35223363173E+04
8.50200E+00        1.35051664332E+04
8.50800E+00        1.34880416510E+04
8.51400E+00        1.34709366432E+04
8.52000E+00        1.34538639599E+04
8.52600E+00        1.34368360874E+04
8.53200E+00        1.34198277951E+04
8.53800E+00        1.34028641208E+04
8.54400E+00        1.33859198982E+04
8.55000E+00        1.33690202420E+04
8.55600E+00        1.33521396303E+04
8.56200E+00        1.33352910620E+04
8.56800E+00        1.33184864954E+04
8.57400E+00        1.33017010631E+04
8.58000E+00        1.32849595834E+04
8.58600E+00        1.32682371124E+04
8.59200E+00        1.32515460127E+04
8.59800E+00        1.32348985845E+04
8.60400E+00        1.32182699785E+04
8.61000E+00        1.32016848579E+04
8.61600E+00        1.31851184360E+04
8.62200E+00        1.31685829986E+04
8.62800E+00        1.31520907694E+04
8.63400E+00        1.31356170555E+04
8.64000E+00        1.31191863665E+04
8.64600E+00        1.31027740715E+04
8.65200E+00        1.30864046189E+04
8.65800E+00        1.30700534399E+04
8.66400E+00        1.30537327136E+04
8.67000E+00        1.30374545580E+04
8.67600E+00        1.30211944969E+04
8.68200E+00        1.30049768267E+04
8.68800E+00        1.29887771325E+04
8.69400E+00        1.29726075180E+04
8.70000E+00        1.29564800267E+04
8.70600E+00        1.29403703351E+04
8.71200E+00        1.29243025895E+04
8.71800E+00        1.29082525271E+04
8.72400E+00        1.28922321772E+04
8.73000E+00        1.28762535093E+04
8.73600E+00        1.28602923512E+04
8.74200E+00        1.28443606880E+04
8.74800E+00        1.28284704449E+04
8.75400E+00        1.28125975403E+04
8.76000E+00        1.27967658825E+04
8.76600E+00        1.27809514497E+04
8.77200E+00        1.27651661533E+04
8.77800E+00        1.27494218457E+04
8.78400E+00        1.27336945943E+04
8.79000E+00        1.27179962668E+04
8.79600E+00        1.27023386723E+04
8.80200E+00        1.26866979669E+04
8.80800E+00        1.26710978251E+04
8.81400E+00        1.26555144621E+04
8.82000E+00        1.26399596731E+04
8.82600E+00        1.26244451952E+04
8.83200E+00        1.26089473319E+04
8.83800E+00        1.25934778352E+04
8.84400E+00        1.25780483995E+04
8.85000E+00        1.25626354156E+04
8.85600E+00        1.25472505928E+04
8.86200E+00        1.25319055828E+04
8.86800E+00        1.25165768637E+04
8.87400E+00        1.25012877932E+04
8.88000E+00        1.24860190243E+04
8.88600E+00        1.24707739565E+04
8.89200E+00        1.24555682934E+04
8.89800E+00        1.24403786555E+04
8.90400E+00        1.24252166395E+04
8.91000E+00        1.24100937857E+04
8.91600E+00        1.23949868002E+04
8.92200E+00        1.23799071083E+04
8.92800E+00        1.23648665967E+04
8.93400E+00        1.23498416689E+04
8.94000E+00        1.23348439670E+04
8.94600E+00        1.23198849479E+04
8.95200E+00        1.23049414882E+04
8.95800E+00        1.22900250591E+04
8.96400E+00        1.22751470761E+04
8.97000E+00        1.22602843722E+04
8.97600E+00        1.22454487616E+04
8.98200E+00        1.22306511064E+04
8.98800E+00        1.22158688357E+04
8.99400E+00        1.22011132101E+04
9.00000E+00        1.21863955632E+04
9.00600E+00        1.21716930234E+04
9.01200E+00        1.21570169386E+04
9.01800E+00        1.21423786017E+04
9.02400E+00        1.21277552241E+04
9.03000E+00        1.21131581129E+04
9.03600E+00        1.20985985207E+04
9.04200E+00        1.20840537415E+04
9.04800E+00        1.20695350419E+04
9.05400E+00        1.20550536341E+04
9.06000E+00        1.20405870204E+04
9.06600E+00        1.20261461749E+04
9.07200E+00        1.20117423962E+04
9.07800E+00        1.19973530166E+04
9.08400E+00        1.19829894734E+04
9.09000E+00        1.19686515801E+04
9.09600E+00        1.19543504562E+04
9.10200E+00        1.19400636676E+04
9.10800E+00        1.19258024723E+04
9.11400E+00        1.19115777005E+04
9.12000E+00        1.18973671238E+04
9.12600E+00        1.18831818359E+04
9.13200E+00        1.18690327531E+04
9.13800E+00        1.18548979747E+04
9.14400E+00        1.18407881827E+04
9.15000E+00        1.18267145025E+04
9.15600E+00        1.18126547411E+04
9.16200E+00        1.17986199135E+04
9.16800E+00        1.17846099609E+04
9.17400E+00        1.17706358332E+04
9.18000E+00        1.17566754429E+04
9.18600E+00        1.17427397531E+04
9.19200E+00        1.17288396747E+04
9.19800E+00        1.17149531994E+04
9.20400E+00        1.17010912515E+04
9.21000E+00        1.16872647034E+04
9.21600E+00        1.16734516253E+04
9.22200E+00        1.16596629029E+04
9.22800E+00        1.16458984793E+04
9.23400E+00        1.16321691763E+04
9.24000E+00        1.16184531676E+04
9.24600E+00        1.16047612880E+04
9.25200E+00        1.15911043214E+04
9.25800E+00        1.15774605190E+04
9.26400E+00        1.15638406776E+04
9.27000E+00        1.15502447414E+04
9.27600E+00        1.15366834439E+04
9.28200E+00        1.15231351390E+04
9.28800E+00        1.15096105732E+04
9.29400E+00        1.14961242996E+04
9.30000E+00        1.14826470302E+04
9.30600E+00        1.14691933350E+04
9.31200E+00        1.14557631594E+04
9.31800E+00        1.14423671503E+04
9.32400E+00        1.14289838381E+04
9.33000E+00        1.14156238825E+04
9.33600E+00        1.14022978934E+04
9.34200E+00        1.13889844768E+04
9.34800E+00        1.13756943743E+04
9.35400E+00        1.13624272942E+04
9.36000E+00        1.13491939165E+04
9.36600E+00        1.13359729473E+04
9.37200E+00        1.13227749600E+04
9.37800E+00        1.13095999016E+04
9.38400E+00        1.12964582842E+04
9.39000E+00        1.12833289132E+04
9.39600E+00        1.12702223134E+04
9.40200E+00        1.12571384324E+04
9.40800E+00        1.12440877336E+04
9.41400E+00        1.12310491215E+04
9.42000E+00        1.12180330721E+04
9.42600E+00        1.12050500129E+04
9.43200E+00        1.11920789217E+04
9.43800E+00        1.11791303553E+04
9.44400E+00        1.11662040286E+04
9.45000E+00        1.11533104381E+04
9.45600E+00        1.11404286594E+04
9.46200E+00        1.11275690843E+04
9.46800E+00        1.11147316621E+04
9.47400E+00        1.11019267250E+04
9.48000E+00        1.10891334452E+04
9.48600E+00        1.10763621671E+04
9.49200E+00        1.10636128406E+04
9.49800E+00        1.10508957505E+04
9.50400E+00        1.10381901652E+04
9.51000E+00        1.10255064973E+04
9.51600E+00        1.10128547656E+04
9.52200E+00        1.10002144258E+04
9.52800E+00        1.09875957396E+04
9.53400E+00        1.09749986580E+04
9.54000E+00        1.09624333840E+04
9.54600E+00        1.09498793528E+04
9.55200E+00        1.09373467795E+04
9.55800E+00        1.09248356155E+04
9.56400E+00        1.09123597190E+04
9.57000E+00        1.08998912131E+04
9.57600E+00        1.08874440853E+04
9.58200E+00        1.08750180598E+04
9.58800E+00        1.08626132026E+04
9.59400E+00        1.08502396136E+04
9.60000E+00        1.08378769382E+04
9.60600E+00        1.08255352882E+04
9.61200E+00        1.08132146161E+04
9.61800E+00        1.08009249762E+04
9.62400E+00        1.07886461069E+04
9.63000E+00        1.07763880742E+04
9.63600E+00        1.07641508311E+04
9.64200E+00        1.07519443868E+04
9.64800E+00        1.07397486840E+04
9.65400E+00        1.07275735187E+04
9.66000E+00        1.07154189569E+04
9.66600E+00        1.07032949627E+04
9.67200E+00        1.06911814583E+04
9.67800E+00        1.06790884192E+04
9.68400E+00        1.06670157995E+04
9.69000E+00        1.06549635537E+04
9.69600E+00        1.06429415897E+04
9.70200E+00        1.06309299436E+04
9.70800E+00        1.06189385350E+04
9.71400E+00        1.06069674295E+04
9.72000E+00        1.05950163601E+04
9.72600E+00        1.05830952906E+04
9.73200E+00        1.05711843698E+04
9.73800E+00        1.05592934617E+04
9.74400E+00        1.05474225217E+04
9.75000E+00        1.05355813586E+04
9.75600E+00        1.05237502106E+04
9.76200E+00        1.05119388978E+04
9.76800E+00        1.05001473761E+04
9.77400E+00        1.04883756016E+04
9.78000E+00        1.04766334378E+04
9.78600E+00        1.04649010149E+04
9.79200E+00        1.04531917850E+04
9.79800E+00        1.04414985474E+04
9.80400E+00        1.04298248388E+04
9.81000E+00        1.04181803600E+04
9.81600E+00        1.04065455693E+04
9.82200E+00        1.03949301783E+04
9.82800E+00        1.03833341443E+04
9.83400E+00        1.03717575328E+04
9.84000E+00        1.03602097738E+04
9.84600E+00        1.03486715434E+04
9.85200E+00        1.03371524995E+04
9.85800E+00        1.03256525999E+04
9.86400E+00        1.03141718023E+04
9.87000E+00        1.03027197005E+04
9.87600E+00        1.02912769703E+04
9.88200E+00        1.02798532162E+04
9.88800E+00        1.02684485040E+04
9.89400E+00        1.02570625772E+04
9.90000E+00        1.02457050842E+04
9.90600E+00        1.02343568081E+04
9.91200E+00        1.02230273008E+04
9.91800E+00        1.02117165210E+04
9.92400E+00        1.02004244278E+04
9.93000E+00        1.01891605096E+04
9.93600E+00        1.01779056562E+04
9.94200E+00        1.01666694731E+04
9.94800E+00        1.01554517071E+04
9.95400E+00        1.01442524241E+04
9.96000E+00        1.01330715836E+04
9.96600E+00        1.01219186120E+04
9.97200E+00        1.01107745255E+04
9.97800E+00        1.00996487612E+04
9.98400E+00        1.00885412791E+04
9.99000E+00        1.00774520392E+04
9.99600E+00        1.00663811072E+04
1.00020E+01        1.00553411053E+04
1.00080E+01        1.00443063409E+04
1.00140E+01        1.00332896605E+04
1.00200E+01        1.00222910249E+04
1.00260E+01        1.00113103948E+04
1.00320E+01        1.00003570846E+04
1.00380E+01        9.98941233826E+03
1.00440E+01        9.97848558488E+03
1.00500E+01        9.96757657691E+03
1.00560E+01        9.95668538012E+03
1.00620E+01        9.94581195594E+03
1.00680E+01        9.93496555801E+03
1.00740E+01        9.92412755362E+03
1.00800E+01        9.91330720678E+03
1.00860E+01        9.90250447933E+03
1.00920E+01        9.89171943664E+03
1.00980E+01        9.88095183380E+03
1.01040E+01        9.87021096799E+03
1.01100E+01        9.85947832845E+03
1.01160E+01        9.84876311908E+03
1.01220E+01        9.83806530233E+03
1.01280E+01        9.82738484075E+03
1.01340E+01        9.81672169702E+03
1.01400E+01        9.80607593639E+03
1.01460E+01        9.79545647807E+03
1.01520E+01        9.78484505473E+03
1.01580E+01        9.77425080085E+03
1.01640E+01        9.76367367960E+03
1.01700E+01        9.75311365422E+03
1.01760E+01        9.74257068806E+03
1.01820E+01        9.73205384670E+03
1.01880E+01        9.72154487958E+03
1.01940E+01        9.71105633691E+03
1.02000E+01        9.70058123012E+03
1.02060E+01        9.69012300077E+03
1.02120E+01        9.67968161280E+03
1.02180E+01        9.66925703022E+03
1.02240E+01        9.65885825136E+03
1.02300E+01        9.64846716230E+03
1.02360E+01        9.63809277130E+03
1.02420E+01        9.62773514343E+03
1.02480E+01        9.61739404175E+03
1.02540E+01        9.60706953163E+03
1.02600E+01        9.59676157775E+03
1.02660E+01        9.58647014490E+03
1.02720E+01        9.57620415477E+03
1.02780E+01        9.56594564909E+03
1.02840E+01        9.55570355934E+03
1.02900E+01        9.54547785069E+03
1.02960E+01        9.53526858808E+03
1.03020E+01        9.52507553733E+03
1.03080E+01        9.51489876368E+03
1.03140E+01        9.50474712256E+03
1.03200E+01        9.49460279025E+03
1.03260E+01        9.48447463188E+03
1.03320E+01        9.47436261324E+03
1.03380E+01        9.46426670021E+03
1.03440E+01        9.45418685874E+03
1.03500E+01        9.44412305491E+03
1.03560E+01        9.43407535350E+03
1.03620E+01        9.42405233773E+03
1.03680E+01        9.41403643456E+03
1.03740E+01        9.40403939279E+03
1.03800E+01        9.39405558753E+03
1.03860E+01        9.38408728935E+03
1.03920E+01        9.37413479371E+03
1.03980E+01        9.36419806737E+03
1.04040E+01        9.35427707717E+03
1.04100E+01        9.34437188777E+03
1.04160E+01        9.33449100177E+03
1.04220E+01        9.32461701264E+03
1.04280E+01        9.31475862794E+03
1.04340E+01        9.30491581495E+03
1.04400E+01        9.29508854103E+03
1.04460E+01        9.28527677363E+03
1.04520E+01        9.27548048029E+03
1.04580E+01        9.26569962864E+03
1.04640E+01        9.25593418636E+03
1.04700E+01        9.24618412125E+03
1.04760E+01        9.23645813708E+03
1.04820E+01        9.22673872081E+03
1.04880E+01        9.21703458560E+03
1.04940E+01        9.20734569955E+03
1.05000E+01        9.19767203089E+03
1.05060E+01        9.18801354788E+03
1.05120E+01        9.17837021891E+03
1.05180E+01        9.16874201241E+03
1.05240E+01        9.15912889693E+03
1.05300E+01        9.14953939901E+03
1.05360E+01        9.13995636250E+03
1.05420E+01        9.13038832311E+03
1.05480E+01        9.12083534505E+03
1.05540E+01        9.11129720642E+03
1.05600E+01        9.10177717383E+03
1.05660E+01        9.09226880937E+03
1.05720E+01        9.08277528711E+03
1.05780E+01        9.07329657630E+03
1.05840E+01        9.06383264627E+03
1.05900E+01        9.05438346646E+03
1.05960E+01        9.04494900633E+03
1.06020E+01        9.03552923547E+03
1.06080E+01        9.02613256648E+03
1.06140E+01        9.01674207438E+03
1.06200E+01        9.00736627493E+03
1.06260E+01        8.99800494955E+03
1.06320E+01        8.98865816246E+03
1.06380E+01        8.97932588371E+03
1.06440E+01        8.97000808342E+03
1.06500E+01        8.96070473177E+03
1.06560E+01        8.95141579902E+03
1.06620E+01        8.94214125553E+03
1.06680E+01        8.93288107171E+03
1.06740E+01        8.92363521805E+03
1.06800E+01        8.91440366513E+03
1.06860E+01        8.90519471330E+03
1.06920E+01        8.89599166523E+03
1.06980E+01        8.88680283007E+03
1.07040E+01        8.87762817868E+03
1.07100E+01        8.86846768200E+03
1.07160E+01        8.85932131105E+03
1.07220E+01        8.85018903693E+03
1.07280E+01        8.84107083080E+03
1.07340E+01        8.83196675623E+03
1.07400E+01        8.82287972237E+03
1.07460E+01        8.81380354516E+03
1.07520E+01        8.80474132132E+03
1.07580E+01        8.79569302240E+03
1.07640E+01        8.78665861997E+03
1.07700E+01        8.77763808573E+03
1.07760E+01        8.76863139142E+03
