exonoodle/wasp43b_ersspectra_bb_noLD/Noodles_2021-03-26/SED_13.dat
# %ECSV 0.9
# ---
# datatype:
# - {name: wavelength, unit: micron, datatype: float64}
# - {name: flux, unit: microJansky, datatype: float64}
# schema: astropy-2.0
#
#
#  - - File generated by ExoNoodle - -
#         V1.0.0 - MML (CEA-Saclay)
#       2021-03-25 15:37:33.308590
wavelength flux 
3.00000E+00        7.35809392953E+04
3.00600E+00        7.33789547098E+04
3.01200E+00        7.31777622774E+04
3.01800E+00        7.29772675974E+04
3.02400E+00        7.27775045073E+04
3.03000E+00        7.25784941155E+04
3.03600E+00        7.23802274328E+04
3.04200E+00        7.21826714631E+04
3.04800E+00        7.19858712494E+04
3.05400E+00        7.17897878392E+04
3.06000E+00        7.15944244731E+04
3.06600E+00        7.13997899500E+04
3.07200E+00        7.12058755812E+04
3.07800E+00        7.10126723018E+04
3.08400E+00        7.08201774717E+04
3.09000E+00        7.06283881230E+04
3.09600E+00        7.04373247922E+04
3.10200E+00        7.02469495197E+04
3.10800E+00        7.00572769833E+04
3.11400E+00        6.98683043093E+04
3.12000E+00        6.96800401444E+04
3.12600E+00        6.94924585759E+04
3.13200E+00        6.93055682976E+04
3.13800E+00        6.91193607045E+04
3.14400E+00        6.89338445073E+04
3.15000E+00        6.87490053691E+04
3.15600E+00        6.85648462377E+04
3.16200E+00        6.83813700077E+04
3.16800E+00        6.81985624602E+04
3.17400E+00        6.80164321944E+04
3.18000E+00        6.78349650697E+04
3.18600E+00        6.76541640001E+04
3.19200E+00        6.74740150746E+04
3.19800E+00        6.72945546962E+04
3.20400E+00        6.71157408245E+04
3.21000E+00        6.69375875570E+04
3.21600E+00        6.67600809871E+04
3.22200E+00        6.65832240969E+04
3.22800E+00        6.64070195044E+04
3.23400E+00        6.62314535240E+04
3.24000E+00        6.60565291199E+04
3.24600E+00        6.58822598826E+04
3.25200E+00        6.57086211960E+04
3.25800E+00        6.55356050782E+04
3.26400E+00        6.53632360063E+04
3.27000E+00        6.51914842320E+04
3.27600E+00        6.50203741086E+04
3.28200E+00        6.48498652345E+04
3.28800E+00        6.46800034981E+04
3.29400E+00        6.45107485285E+04
3.30000E+00        6.43421032786E+04
3.30600E+00        6.41740864038E+04
3.31200E+00        6.40066633795E+04
3.31800E+00        6.38398476300E+04
3.32400E+00        6.36736524230E+04
3.33000E+00        6.35080435122E+04
3.33600E+00        6.33430342255E+04
3.34200E+00        6.31786220319E+04
3.34800E+00        6.30148200731E+04
3.35400E+00        6.28515944699E+04
3.36000E+00        6.26889584240E+04
3.36600E+00        6.25268990161E+04
3.37200E+00        6.23654346433E+04
3.37800E+00        6.22045626536E+04
3.38400E+00        6.20442496601E+04
3.39000E+00        6.18845242293E+04
3.39600E+00        6.17253632510E+04
3.40200E+00        6.15667797691E+04
3.40800E+00        6.14087610784E+04
3.41400E+00        6.12513150163E+04
3.42000E+00        6.10944238560E+04
3.42600E+00        6.09380904555E+04
3.43200E+00        6.07823274780E+04
3.43800E+00        6.06271173998E+04
3.44400E+00        6.04724629337E+04
3.45000E+00        6.03183566923E+04
3.45600E+00        6.01647964598E+04
3.46200E+00        6.00117897526E+04
3.46800E+00        5.98593293068E+04
3.47400E+00        5.97074128022E+04
3.48000E+00        5.95560231260E+04
3.48600E+00        5.94051876192E+04
3.49200E+00        5.92548744231E+04
3.49800E+00        5.91050959647E+04
3.50400E+00        5.89558501570E+04
3.51000E+00        5.88071443568E+04
3.51600E+00        5.86589470787E+04
3.52200E+00        5.85112901884E+04
3.52800E+00        5.83641423295E+04
3.53400E+00        5.82175254709E+04
3.54000E+00        5.80714181409E+04
3.54600E+00        5.79258277724E+04
3.55200E+00        5.77807568944E+04
3.55800E+00        5.76361842441E+04
3.56400E+00        5.74921316249E+04
3.57000E+00        5.73485776714E+04
3.57600E+00        5.72055392814E+04
3.58200E+00        5.70629953837E+04
3.58800E+00        5.69209533085E+04
3.59400E+00        5.67794061896E+04
3.60000E+00        5.66383566608E+04
3.60600E+00        5.64978026078E+04
3.61200E+00        5.63577372274E+04
3.61800E+00        5.62181678317E+04
3.62400E+00        5.60790922111E+04
3.63000E+00        5.59404944392E+04
3.63600E+00        5.58023817323E+04
3.64200E+00        5.56647335567E+04
3.64800E+00        5.55275848558E+04
3.65400E+00        5.53909104506E+04
3.66000E+00        5.52547083427E+04
3.66600E+00        5.51189811373E+04
3.67200E+00        5.49837268195E+04
3.67800E+00        5.48489433834E+04
3.68400E+00        5.47146242710E+04
3.69000E+00        5.45807676133E+04
3.69600E+00        5.44473803702E+04
3.70200E+00        5.43144560959E+04
3.70800E+00        5.41819928287E+04
3.71400E+00        5.40499751835E+04
3.72000E+00        5.39184281126E+04
3.72600E+00        5.37873317320E+04
3.73200E+00        5.36566930930E+04
3.73800E+00        5.35264880188E+04
3.74400E+00        5.33967457194E+04
3.75000E+00        5.32674421622E+04
3.75600E+00        5.31385886405E+04
3.76200E+00        5.30101833215E+04
3.76800E+00        5.28822067480E+04
3.77400E+00        5.27546658601E+04
3.78000E+00        5.26275762957E+04
3.78600E+00        5.25009230630E+04
3.79200E+00        5.23746956706E+04
3.79800E+00        5.22488966205E+04
3.80400E+00        5.21235370714E+04
3.81000E+00        5.19986023039E+04
3.81600E+00        5.18740947011E+04
3.82200E+00        5.17500126250E+04
3.82800E+00        5.16263541207E+04
3.83400E+00        5.15031132729E+04
3.84000E+00        5.13802882550E+04
3.84600E+00        5.12578943395E+04
3.85200E+00        5.11359042611E+04
3.85800E+00        5.10143332876E+04
3.86400E+00        5.08931753227E+04
3.87000E+00        5.07724245581E+04
3.87600E+00        5.06520792159E+04
3.88200E+00        5.05321585867E+04
3.88800E+00        5.04126273806E+04
3.89400E+00        5.02935007018E+04
3.90000E+00        5.01747768536E+04
3.90600E+00        5.00564541470E+04
3.91200E+00        4.99385309008E+04
3.91800E+00        4.98210136690E+04
3.92400E+00        4.97038801690E+04
3.93000E+00        4.95871452850E+04
3.93600E+00        4.94707990905E+04
3.94200E+00        4.93548481995E+04
3.94800E+00        4.92392786352E+04
3.95400E+00        4.91241011113E+04
3.96000E+00        4.90093098939E+04
3.96600E+00        4.88948992948E+04
3.97200E+00        4.87808718032E+04
3.97800E+00        4.86672298778E+04
3.98400E+00        4.85539638057E+04
3.99000E+00        4.84410760696E+04
3.99600E+00        4.83285650939E+04
4.00200E+00        4.82164252912E+04
4.00800E+00        4.81046631473E+04
4.01400E+00        4.79932690798E+04
4.02000E+00        4.78822455607E+04
4.02600E+00        4.77715950320E+04
4.03200E+00        4.76613079888E+04
4.03800E+00        4.75513829330E+04
4.04400E+00        4.74418302366E+04
4.05000E+00        4.73326247371E+04
4.05600E+00        4.72237924428E+04
4.06200E+00        4.71153161414E+04
4.06800E+00        4.70072022056E+04
4.07400E+00        4.68994413070E+04
4.08000E+00        4.67920281696E+04
4.08600E+00        4.66849767945E+04
4.09200E+00        4.65782779747E+04
4.09800E+00        4.64719302542E+04
4.10400E+00        4.63659206630E+04
4.11000E+00        4.62602708264E+04
4.11600E+00        4.61549600680E+04
4.12200E+00        4.60499947595E+04
4.12800E+00        4.59453771633E+04
4.13400E+00        4.58411059096E+04
4.14000E+00        4.57371643871E+04
4.14600E+00        4.56335663407E+04
4.15200E+00        4.55303029020E+04
4.15800E+00        4.54273877088E+04
4.16400E+00        4.53247815964E+04
4.17000E+00        4.52225399743E+04
4.17600E+00        4.51206385622E+04
4.18200E+00        4.50190235579E+04
4.18800E+00        4.49177836145E+04
4.19400E+00        4.48168275727E+04
4.20000E+00        4.47162436934E+04
4.20600E+00        4.46159412333E+04
4.21200E+00        4.45160080636E+04
4.21800E+00        4.44163538544E+04
4.22400E+00        4.43170660898E+04
4.23000E+00        4.42180548503E+04
4.23600E+00        4.41193704650E+04
4.24200E+00        4.40210337339E+04
4.24800E+00        4.39229844559E+04
4.25400E+00        4.38252801155E+04
4.26000E+00        4.37278535657E+04
4.26600E+00        4.36307837022E+04
4.27200E+00        4.35339820220E+04
4.27800E+00        4.34374909229E+04
4.28400E+00        4.33413452664E+04
4.29000E+00        4.32454571938E+04
4.29600E+00        4.31492632762E+04
4.30200E+00        4.30522155632E+04
4.30800E+00        4.29587271014E+04
4.31400E+00        4.28629954259E+04
4.32000E+00        4.27684904636E+04
4.32600E+00        4.26594518673E+04
4.33200E+00        4.25796693342E+04
4.33800E+00        4.24839665460E+04
4.34400E+00        4.23848447638E+04
4.35000E+00        4.22879295890E+04
4.35600E+00        4.21986676918E+04
4.36200E+00        4.21042702206E+04
4.36800E+00        4.20131212209E+04
4.37400E+00        4.19063954721E+04
4.38000E+00        4.18309259651E+04
4.38600E+00        4.17210271091E+04
4.39200E+00        4.16466019263E+04
4.39800E+00        4.15373908622E+04
4.40400E+00        4.14619941040E+04
4.41000E+00        4.13708242027E+04
4.41600E+00        4.12728817206E+04
4.42200E+00        4.11914730331E+04
4.42800E+00        4.11024432745E+04
4.43400E+00        4.10059692111E+04
4.44000E+00        4.09122066149E+04
4.44600E+00        4.08319247412E+04
4.45200E+00        4.07455514986E+04
4.45800E+00        4.06579038291E+04
4.46400E+00        4.05697750433E+04
4.47000E+00        4.04806095405E+04
4.47600E+00        4.03919211902E+04
4.48200E+00        4.03019934573E+04
4.48800E+00        4.02143278179E+04
4.49400E+00        4.01290478519E+04
4.50000E+00        4.00417647401E+04
4.50600E+00        3.99560500185E+04
4.51200E+00        3.98719255221E+04
4.51800E+00        3.97894135277E+04
4.52400E+00        3.96945390677E+04
4.53000E+00        3.96228555121E+04
4.53600E+00        3.95390876845E+04
4.54200E+00        3.94553018044E+04
4.54800E+00        3.93718533489E+04
4.55400E+00        3.92847399142E+04
4.56000E+00        3.92012583918E+04
4.56600E+00        3.91120902101E+04
4.57200E+00        3.90349333736E+04
4.57800E+00        3.89558092975E+04
4.58400E+00        3.88721454093E+04
4.59000E+00        3.87909139313E+04
4.59600E+00        3.87078855509E+04
4.60200E+00        3.86136634601E+04
4.60800E+00        3.85456491026E+04
4.61400E+00        3.84667238965E+04
4.62000E+00        3.83807048555E+04
4.62600E+00        3.83018106142E+04
4.63200E+00        3.82238455246E+04
4.63800E+00        3.81478613587E+04
4.64400E+00        3.80646469314E+04
4.65000E+00        3.79830561963E+04
4.65600E+00        3.79121359481E+04
4.66200E+00        3.78386291844E+04
4.66800E+00        3.77546503923E+04
4.67400E+00        3.76623343121E+04
4.68000E+00        3.75952062261E+04
4.68600E+00        3.75220926160E+04
4.69200E+00        3.74365069351E+04
4.69800E+00        3.73613034844E+04
4.70400E+00        3.72886620439E+04
4.71000E+00        3.72061411832E+04
4.71600E+00        3.71288504235E+04
4.72200E+00        3.70540403699E+04
4.72800E+00        3.69770148562E+04
4.73400E+00        3.68982239945E+04
4.74000E+00        3.68268455329E+04
4.74600E+00        3.67464134584E+04
4.75200E+00        3.66738727824E+04
4.75800E+00        3.65993677248E+04
4.76400E+00        3.65136200387E+04
4.77000E+00        3.64514068767E+04
4.77600E+00        3.63738011309E+04
4.78200E+00        3.62956471293E+04
4.78800E+00        3.62291053124E+04
4.79400E+00        3.61394952618E+04
4.80000E+00        3.60786044394E+04
4.80600E+00        3.60071130608E+04
4.81200E+00        3.59226546486E+04
4.81800E+00        3.58624806919E+04
4.82400E+00        3.57795362433E+04
4.83000E+00        3.57163423733E+04
4.83600E+00        3.56343753771E+04
4.84200E+00        3.55679842408E+04
4.84800E+00        3.55014381386E+04
4.85400E+00        3.54159444058E+04
4.86000E+00        3.53572754096E+04
4.86600E+00        3.52779989482E+04
4.87200E+00        3.52130532608E+04
4.87800E+00        3.51365676143E+04
4.88400E+00        3.50620027704E+04
4.89000E+00        3.50037812582E+04
4.89600E+00        3.49296469662E+04
4.90200E+00        3.48645437146E+04
4.90800E+00        3.47842268768E+04
4.91400E+00        3.47234249559E+04
4.92000E+00        3.46324034786E+04
4.92600E+00        3.45802402594E+04
4.93200E+00        3.45065025798E+04
4.93800E+00        3.44231379057E+04
4.94400E+00        3.43743850687E+04
4.95000E+00        3.43121493284E+04
4.95600E+00        3.42392098753E+04
4.96200E+00        3.41769060828E+04
4.96800E+00        3.40998150490E+04
4.97400E+00        3.40426784557E+04
4.98000E+00        3.39624736747E+04
4.98600E+00        3.39085220424E+04
4.99200E+00        3.38368218795E+04
4.99800E+00        3.37758260037E+04
5.00400E+00        3.37031609423E+04
5.01000E+00        3.36208739805E+04
5.01600E+00        3.35670999711E+04
5.02200E+00        3.34978441214E+04
5.02800E+00        3.34309504267E+04
5.03400E+00        3.33793824427E+04
5.04000E+00        3.32969457222E+04
5.04600E+00        3.32477873929E+04
5.05200E+00        3.31757058455E+04
5.05800E+00        3.31150364730E+04
5.06400E+00        3.30483499829E+04
5.07000E+00        3.29846630693E+04
5.07600E+00        3.29260251920E+04
5.08200E+00        3.28441518978E+04
5.08800E+00        3.27998410660E+04
5.09400E+00        3.27113748932E+04
5.10000E+00        3.26722320731E+04
5.10600E+00        3.25969562385E+04
5.11200E+00        3.25457354845E+04
5.11800E+00        3.24691082936E+04
5.12400E+00        3.24188499936E+04
5.13000E+00        3.23523744607E+04
5.13600E+00        3.22940035675E+04
5.14200E+00        3.22326392082E+04
5.14800E+00        3.21684986051E+04
5.15400E+00        3.21103429872E+04
5.16000E+00        3.20287627563E+04
5.16600E+00        3.19876020968E+04
5.17200E+00        3.19168728362E+04
5.17800E+00        3.18644441337E+04
5.18400E+00        3.17975811666E+04
5.19000E+00        3.17393525831E+04
5.19600E+00        3.16810510590E+04
5.20200E+00        3.16131043337E+04
5.20800E+00        3.15515963029E+04
5.21400E+00        3.14971422114E+04
5.22000E+00        3.14397369480E+04
5.22600E+00        3.13594530012E+04
5.23200E+00        3.12875964532E+04
5.23800E+00        3.12609076422E+04
5.24400E+00        3.11990662868E+04
5.25000E+00        3.11399377137E+04
5.25600E+00        3.10523700045E+04
5.26200E+00        3.10096288000E+04
5.26800E+00        3.09641835988E+04
5.27400E+00        3.08905212699E+04
5.28000E+00        3.08470563219E+04
5.28600E+00        3.07856991466E+04
5.29200E+00        3.07222562976E+04
5.29800E+00        3.06745736572E+04
5.30400E+00        3.06114887923E+04
5.31000E+00        3.05576278597E+04
5.31600E+00        3.04915184759E+04
5.32200E+00        3.04426788949E+04
5.32800E+00        3.03869740537E+04
5.33400E+00        3.03300681095E+04
5.34000E+00        3.02680335423E+04
5.34600E+00        3.02145607220E+04
5.35200E+00        3.01584873766E+04
5.35800E+00        3.01022506152E+04
5.36400E+00        3.00472000961E+04
5.37000E+00        2.99905292093E+04
5.37600E+00        2.99352289760E+04
5.38200E+00        2.98789877076E+04
5.38800E+00        2.98154736073E+04
5.39400E+00        2.97559984214E+04
5.40000E+00        2.97130200756E+04
5.40600E+00        2.96574287350E+04
5.41200E+00        2.96007918137E+04
5.41800E+00        2.95464453903E+04
5.42400E+00        2.94921829766E+04
5.43000E+00        2.94385264422E+04
5.43600E+00        2.93838681534E+04
5.44200E+00        2.93291603523E+04
5.44800E+00        2.92755256759E+04
5.45400E+00        2.92200034555E+04
5.46000E+00        2.91660295121E+04
5.46600E+00        2.91111585761E+04
5.47200E+00        2.90578912302E+04
5.47800E+00        2.90065919090E+04
5.48400E+00        2.89534582588E+04
5.49000E+00        2.88942045133E+04
5.49600E+00        2.88473823366E+04
5.50200E+00        2.87945257136E+04
5.50800E+00        2.87404378736E+04
5.51400E+00        2.86891687332E+04
5.52000E+00        2.86367479952E+04
5.52600E+00        2.85837313690E+04
5.53200E+00        2.85318255175E+04
5.53800E+00        2.84803022422E+04
5.54400E+00        2.84278417849E+04
5.55000E+00        2.83760247022E+04
5.55600E+00        2.83250009387E+04
5.56200E+00        2.82716549052E+04
5.56800E+00        2.82135418574E+04
5.57400E+00        2.81707165445E+04
5.58000E+00        2.81056761770E+04
5.58600E+00        2.80688925785E+04
