exonoodle/wasp43b_ersspectra_bb_noLD/Noodles_2021-03-26/SED_10.dat
# %ECSV 0.9
# ---
# datatype:
# - {name: wavelength, unit: micron, datatype: float64}
# - {name: flux, unit: microJansky, datatype: float64}
# schema: astropy-2.0
#
#
#  - - File generated by ExoNoodle - -
#         V1.0.0 - MML (CEA-Saclay)
#       2021-03-25 15:37:33.308590
wavelength flux 
[from data line 433]
5.59800E+00        2.80143598613E+04
5.60400E+00        2.79539753130E+04
5.61000E+00        2.79147095594E+04
5.61600E+00        2.78635973809E+04
5.62200E+00        2.78054192469E+04
5.62800E+00        2.77642984579E+04
5.63400E+00        2.77136451359E+04
5.64000E+00        2.76473802493E+04
5.64600E+00        2.76147918172E+04
5.65200E+00        2.75653824213E+04
5.65800E+00        2.75126231823E+04
5.66400E+00        2.74667974638E+04
5.67000E+00        2.74175737674E+04
5.67600E+00        2.73663539070E+04
5.68200E+00        2.73175362289E+04
5.68800E+00        2.72710538139E+04
5.69400E+00        2.72166394059E+04
5.70000E+00        2.71730567413E+04
5.70600E+00        2.71255992380E+04
5.71200E+00        2.70772541961E+04
5.71800E+00        2.70291437393E+04
5.72400E+00        2.69812937013E+04
5.73000E+00        2.69333073052E+04
5.73600E+00        2.68840207705E+04
5.74200E+00        2.68381187162E+04
5.74800E+00        2.67905673558E+04
5.75400E+00        2.67428804940E+04
5.76000E+00        2.66960361441E+04
5.76600E+00        2.66489220600E+04
5.77200E+00        2.66006126245E+04
5.77800E+00        2.65550085944E+04
5.78400E+00        2.65083141795E+04
5.79000E+00        2.64616224246E+04
5.79600E+00        2.64149598654E+04
5.80200E+00        2.63688057997E+04
5.80800E+00        2.63224565591E+04
5.81400E+00        2.62632087030E+04
5.82000E+00        2.62303334709E+04
5.82600E+00        2.61844863610E+04
5.83200E+00        2.61386534950E+04
5.83800E+00        2.60929194868E+04
5.84400E+00        2.60474980443E+04
5.85000E+00        2.60020575935E+04
5.85600E+00        2.59563528962E+04
5.86200E+00        2.59115338225E+04
5.86800E+00        2.58663852814E+04
5.87400E+00        2.58111119243E+04
5.88000E+00        2.57766284705E+04
5.88600E+00        2.57318650019E+04
5.89200E+00        2.56872802481E+04
5.89800E+00        2.56426691724E+04
5.90400E+00        2.55880710434E+04
5.91000E+00        2.55540947578E+04
5.91600E+00        2.55095961148E+04
5.92200E+00        2.54658644056E+04
5.92800E+00        2.54219338186E+04
5.93400E+00        2.53780962379E+04
5.94000E+00        2.53343892320E+04
5.94600E+00        2.52907745532E+04
5.95200E+00        2.52472896422E+04
5.95800E+00        2.52038838487E+04
5.96400E+00        2.51604504534E+04
5.97000E+00        2.51174462961E+04
5.97600E+00        2.50744011850E+04
5.98200E+00        2.50314277017E+04
5.98800E+00        2.49886003300E+04
5.99400E+00        2.49456080108E+04
6.00000E+00        2.48985706925E+04
6.00600E+00        2.48607356347E+04
6.01200E+00        2.48183208257E+04
6.01800E+00        2.47760129530E+04
6.02400E+00        2.47338301366E+04
6.03000E+00        2.46917412087E+04
6.03600E+00        2.46497519925E+04
6.04200E+00        2.46078683103E+04
6.04800E+00        2.45660898152E+04
6.05400E+00        2.45244344776E+04
6.06000E+00        2.44828652899E+04
6.06600E+00        2.44414002565E+04
6.07200E+00        2.44000269002E+04
6.07800E+00        2.43588055572E+04
6.08400E+00        2.43176327403E+04
6.09000E+00        2.42765627812E+04
6.09600E+00        2.42356677445E+04
6.10200E+00        2.41948204409E+04
6.10800E+00        2.41529625250E+04
6.11400E+00        2.41134368944E+04
6.12000E+00        2.40728939625E+04
6.12600E+00        2.40324518306E+04
6.13200E+00        2.39921280886E+04
6.13800E+00        2.39518865433E+04
6.14400E+00        2.39117448176E+04
6.15000E+00        2.38714946057E+04
6.15600E+00        2.38317832728E+04
6.16200E+00        2.37901444138E+04
6.16800E+00        2.37521933086E+04
6.17400E+00        2.37125458028E+04
6.18000E+00        2.36729961904E+04
6.18600E+00        2.36335441547E+04
6.19200E+00        2.35942070009E+04
6.19800E+00        2.35549550208E+04
6.20400E+00        2.35157937890E+04
6.21000E+00        2.34767288799E+04
6.21600E+00        2.34377599832E+04
6.22200E+00        2.33988867897E+04
6.22800E+00        2.33601264371E+04
6.23400E+00        2.33214436983E+04
6.24000E+00        2.32828441633E+04
6.24600E+00        2.32443680643E+04
6.25200E+00        2.32059687531E+04
6.25800E+00        2.31676633153E+04
6.26400E+00        2.31294514503E+04
6.27000E+00        2.30913328584E+04
6.27600E+00        2.30533244573E+04
6.28200E+00        2.30153914891E+04
6.28800E+00        2.29775566346E+04
6.29400E+00        2.29398081248E+04
6.30000E+00        2.29021514077E+04
6.30600E+00        2.28645861906E+04
6.31200E+00        2.28271121820E+04
6.31800E+00        2.27897461107E+04
6.32400E+00        2.27524536213E+04
6.33000E+00        2.27152514727E+04
6.33600E+00        2.26781450355E+04
6.34200E+00        2.26409198033E+04
6.34800E+00        2.26041898469E+04
6.35400E+00        2.25673461939E+04
6.36000E+00        2.25305914579E+04
6.36600E+00        2.24939253574E+04
6.37200E+00        2.24573476122E+04
6.37800E+00        2.24208802795E+04
6.38400E+00        2.23844449394E+04
6.39000E+00        2.23481306065E+04
6.39600E+00        2.23119368419E+04
6.40200E+00        2.22757966690E+04
6.40800E+00        2.22397431919E+04
6.41400E+00        2.22037761375E+04
6.42000E+00        2.21678952342E+04
6.42600E+00        2.21321057323E+04
6.43200E+00        2.20963963108E+04
6.43800E+00        2.20607722312E+04
6.44400E+00        2.20252332259E+04
6.45000E+00        2.19897790281E+04
6.45600E+00        2.19544093722E+04
6.46200E+00        2.19191239938E+04
6.46800E+00        2.18839389711E+04
6.47400E+00        2.18488267817E+04
6.48000E+00        2.18137926231E+04
6.48600E+00        2.17788416937E+04
6.49200E+00        2.17439737340E+04
6.49800E+00        2.17091884854E+04
6.50400E+00        2.16744856903E+04
6.51000E+00        2.16398650921E+04
6.51600E+00        2.16053318248E+04
6.52200E+00        2.15708587381E+04
6.52800E+00        2.15364993003E+04
6.53400E+00        2.15022049349E+04
6.54000E+00        2.14679914981E+04
6.54600E+00        2.14338587391E+04
6.55200E+00        2.13998064081E+04
6.55800E+00        2.13658395859E+04
6.56400E+00        2.13319473566E+04
6.57000E+00        2.12981348116E+04
6.57600E+00        2.12644017046E+04
6.58200E+00        2.12307477907E+04
6.58800E+00        2.11971728255E+04
6.59400E+00        2.11636818451E+04
6.60000E+00        2.11302640403E+04
6.60600E+00        2.10969244571E+04
6.61200E+00        2.10636628552E+04
6.61800E+00        2.10304789949E+04
6.62400E+00        2.09973726375E+04
6.63000E+00        2.09643487745E+04
6.63600E+00        2.09313967020E+04
6.64200E+00        2.08985214216E+04
6.64800E+00        2.08657382789E+04
6.65400E+00        2.08330158537E+04
6.66000E+00        2.08003747064E+04
6.66600E+00        2.07678042193E+04
6.67200E+00        2.07353093575E+04
6.67800E+00        2.07028898902E+04
6.68400E+00        2.06705455875E+04
6.69000E+00        2.06382762204E+04
6.69600E+00        2.06060713140E+04
6.70200E+00        2.05739665129E+04
6.70800E+00        2.05419205788E+04
6.71400E+00        2.05099486726E+04
6.72000E+00        2.04780556777E+04
6.72600E+00        2.04462311460E+04
6.73200E+00        2.04144799704E+04
6.73800E+00        2.03828019287E+04
6.74400E+00        2.03511967993E+04
6.75000E+00        2.03196694301E+04
6.75600E+00        2.02882094566E+04
6.76200E+00        2.02568217360E+04
6.76800E+00        2.02255060501E+04
6.77400E+00        2.01942672188E+04
6.78000E+00        2.01630798879E+04
6.78600E+00        2.01319940530E+04
6.79200E+00        2.01009643327E+04
6.79800E+00        2.00699955885E+04
6.80400E+00        2.00391075821E+04
6.81000E+00        2.00083050453E+04
6.81600E+00        1.99775578639E+04
6.82200E+00        1.99468708711E+04
6.82800E+00        1.99162637090E+04
6.83400E+00        1.98857262342E+04
6.84000E+00        1.98552631906E+04
6.84600E+00        1.98248644576E+04
6.85200E+00        1.97945347883E+04
6.85800E+00        1.97642739761E+04
6.86400E+00        1.97340867377E+04
6.87000E+00        1.97039630162E+04
6.87600E+00        1.96739075372E+04
6.88200E+00        1.96439200974E+04
6.88800E+00        1.96140053863E+04
6.89400E+00        1.95841534100E+04
6.90000E+00        1.95543688673E+04
6.90600E+00        1.95246564274E+04
6.91200E+00        1.94950061435E+04
6.91800E+00        1.94654226940E+04
6.92400E+00        1.94359058807E+04
6.93000E+00        1.94064603463E+04
6.93600E+00        1.93770762060E+04
6.94200E+00        1.93477581114E+04
6.94800E+00        1.93185106856E+04
6.95400E+00        1.92893240899E+04
6.96000E+00        1.92602029559E+04
6.96600E+00        1.92311327317E+04
6.97200E+00        1.92021467533E+04
6.97800E+00        1.91732208624E+04
6.98400E+00        1.91443596645E+04
6.99000E+00        1.91155677370E+04
6.99600E+00        1.90868353472E+04
7.00200E+00        1.90581670812E+04
7.00800E+00        1.90295674967E+04
7.01400E+00        1.90010269065E+04
7.02000E+00        1.89725498768E+04
7.02600E+00        1.89441362214E+04
7.03200E+00        1.89157904723E+04
7.03800E+00        1.88875030019E+04
7.04400E+00        1.88592783507E+04
7.05000E+00        1.88311210317E+04
7.05600E+00        1.88030214614E+04
7.06200E+00        1.87749701435E+04
7.06800E+00        1.87469996285E+04
7.07400E+00        1.87190863381E+04
7.08000E+00        1.86912347746E+04
7.08600E+00        1.86634494132E+04
7.09200E+00        1.86357207580E+04
7.09800E+00        1.86080532924E+04
7.10400E+00        1.85804514728E+04
7.11000E+00        1.85529058467E+04
7.11600E+00        1.85254208786E+04
7.12200E+00        1.84980010062E+04
7.12800E+00        1.84706230298E+04
7.13400E+00        1.84433189963E+04
7.14000E+00        1.84160749208E+04
7.14600E+00        1.83888952163E+04
7.15200E+00        1.83617705304E+04
7.15800E+00        1.83347052841E+04
7.16400E+00        1.83077038718E+04
7.17000E+00        1.82807569838E+04
7.17600E+00        1.82538690224E+04
7.18200E+00        1.82270307556E+04
7.18800E+00        1.82002601522E+04
7.19400E+00        1.81735479679E+04
7.20000E+00        1.81468985607E+04
7.20600E+00        1.81203027047E+04
7.21200E+00        1.80937647658E+04
7.21800E+00        1.80672890837E+04
7.22400E+00        1.80408664743E+04
7.23000E+00        1.80144878358E+04
7.23600E+00        1.79881799221E+04
7.24200E+00        1.79619335800E+04
7.24800E+00        1.79357396804E+04
7.25400E+00        1.79096025467E+04
7.26000E+00        1.78835264769E+04
7.26600E+00        1.78575023828E+04
7.27200E+00        1.78315345700E+04
7.27800E+00        1.78056273188E+04
7.28400E+00        1.77797583075E+04
7.29000E+00        1.77539583912E+04
7.29600E+00        1.77282141178E+04
7.30200E+00        1.77025297442E+04
7.30800E+00        1.76768962764E+04
7.31400E+00        1.76513179787E+04
7.32000E+00        1.76257859315E+04
7.32600E+00        1.76003175176E+04
7.33200E+00        1.75749038058E+04
7.33800E+00        1.75495446413E+04
7.34400E+00        1.75242442402E+04
7.35000E+00        1.74989937013E+04
7.35600E+00        1.74737842031E+04
7.36200E+00        1.74486460536E+04
7.36800E+00        1.74235573270E+04
7.37400E+00        1.73985222297E+04
7.38000E+00        1.73735406104E+04
7.38600E+00        1.73486166450E+04
7.39200E+00        1.73237285911E+04
7.39800E+00        1.72989065166E+04
7.40400E+00        1.72741373207E+04
7.41000E+00        1.72494251567E+04
7.41600E+00        1.72247612668E+04
7.42200E+00        1.72001369707E+04
7.42800E+00        1.71755778213E+04
7.43400E+00        1.71510750901E+04
7.44000E+00        1.71266200706E+04
7.44600E+00        1.71022169006E+04
7.45200E+00        1.70778526859E+04
7.45800E+00        1.70535570516E+04
7.46400E+00        1.70293085744E+04
7.47000E+00        1.70051113698E+04
7.47600E+00        1.69809526179E+04
7.48200E+00        1.69568575480E+04
7.48800E+00        1.69328175458E+04
7.49400E+00        1.69088240183E+04
7.50000E+00        1.68848810534E+04
7.50600E+00        1.68609759231E+04
7.51200E+00        1.68371378786E+04
7.51800E+00        1.68133457714E+04
7.52400E+00        1.67896036674E+04
7.53000E+00        1.67658989116E+04
7.53600E+00        1.67422564160E+04
7.54200E+00        1.67186676782E+04
7.54800E+00        1.66951242167E+04
7.55400E+00        1.66716176240E+04
7.56000E+00        1.66481726728E+04
7.56600E+00        1.66247809100E+04
7.57200E+00        1.66014339026E+04
7.57800E+00        1.65781232916E+04
7.58400E+00        1.65548737115E+04
7.59000E+00        1.65316726352E+04
7.59600E+00        1.65085199292E+04
7.60200E+00        1.64854072648E+04
7.60800E+00        1.64623509120E+04
7.61400E+00        1.64393425315E+04
7.62000E+00        1.64163819916E+04
7.62600E+00        1.63934569233E+04
7.63200E+00        1.63705957708E+04
7.63800E+00        1.63477779783E+04
7.64400E+00        1.63250075040E+04
7.65000E+00        1.63022720487E+04
7.65600E+00        1.62795958396E+04
7.66200E+00        1.62569665615E+04
7.66800E+00        1.62343760156E+04
7.67400E+00        1.62118402263E+04
7.68000E+00        1.61893509847E+04
7.68600E+00        1.61669081639E+04
7.69200E+00        1.61444995855E+04
7.69800E+00        1.61221492437E+04
7.70400E+00        1.60998489593E+04
7.71000E+00        1.60775785700E+04
7.71600E+00        1.60553659917E+04
7.72200E+00        1.60331990815E+04
7.72800E+00        1.60110657634E+04
7.73400E+00        1.59889898346E+04
7.74000E+00        1.59669631848E+04
7.74600E+00        1.59449658201E+04
7.75200E+00        1.59230254269E+04
7.75800E+00        1.59011299644E+04
7.76400E+00        1.58792674574E+04
7.77000E+00        1.58574615082E+04
7.77600E+00        1.58357001264E+04
7.78200E+00        1.58139753304E+04
7.78800E+00        1.57923027336E+04
7.79400E+00        1.57706743445E+04
7.80000E+00        1.57490782878E+04
7.80600E+00        1.57275379734E+04
7.81200E+00        1.57060415107E+04
7.81800E+00        1.56845770737E+04
7.82400E+00        1.56631718828E+04
7.83000E+00        1.56418062798E+04
7.83600E+00        1.56204723992E+04
7.84200E+00        1.55991934608E+04
7.84800E+00        1.55779576724E+04
7.85400E+00        1.55567533061E+04
7.86000E+00        1.55356034875E+04
7.86600E+00        1.55145003422E+04
7.87200E+00        1.54934244478E+04
7.87800E+00        1.54724027105E+04
7.88400E+00        1.54514119019E+04
7.89000E+00        1.54304749918E+04
7.89600E+00        1.54095803179E+04
7.90200E+00        1.53887162807E+04
7.90800E+00        1.53679095896E+04
7.91400E+00        1.53471409608E+04
7.92000E+00        1.53264026800E+04
7.92600E+00        1.53057175321E+04
7.93200E+00        1.52850625412E+04
7.93800E+00        1.52644604313E+04
7.94400E+00        1.52438996674E+04
7.95000E+00        1.52233687767E+04
7.95600E+00        1.52028903918E+04
7.96200E+00        1.51824568111E+04
7.96800E+00        1.51620490316E+04
7.97400E+00        1.51416933865E+04
7.98000E+00        1.51213671480E+04
7.98600E+00        1.51010927980E+04
7.99200E+00        1.50808476702E+04
7.99800E+00        1.50606541866E+04
8.00400E+00        1.50405009689E+04
8.01000E+00        1.50203766993E+04
8.01600E+00        1.50003037103E+04
8.02200E+00        1.49802632236E+04
8.02800E+00        1.49602700367E+04
8.03400E+00        1.49403165887E+04
8.04000E+00        1.49203916381E+04
8.04600E+00        1.49005173697E+04
8.05200E+00        1.48806714208E+04
8.05800E+00        1.48608759172E+04
8.06400E+00        1.48411085562E+04
8.07000E+00        1.48213914053E+04
8.07600E+00        1.48017132696E+04
8.08200E+00        1.47820630135E+04
8.08800E+00        1.47624626171E+04
8.09400E+00        1.47428936026E+04
8.10000E+00        1.47233705351E+04
8.10600E+00        1.47038750007E+04
8.11200E+00        1.46844288641E+04
8.11800E+00        1.46650100891E+04
8.12400E+00        1.46456404829E+04
8.13000E+00        1.46263089854E+04
8.13600E+00        1.46070045947E+04
8.14200E+00        1.45877490319E+04
8.14800E+00        1.45685204075E+04
8.15400E+00        1.45493403855E+04
8.16000E+00        1.45301871345E+04
8.16600E+00        1.45110858801E+04
8.17200E+00        1.44920076075E+04
8.17800E+00        1.44729774906E+04
