exonoodle/wasp43b_ersspectra_bb_noLD/Noodles_2021-03-26/SED_05.dat
# %ECSV 0.9
# ---
# datatype:
# - {name: wavelength, unit: micron, datatype: float64}
# - {name: flux, unit: microJansky, datatype: float64}
# schema: astropy-2.0
#
#
#  - - File generated by ExoNoodle - -
#         V1.0.0 - MML (CEA-Saclay)
#       2021-03-25 15:37:33.308590
wavelength flux 
[from data line 1298]
1.07880E+01        8.74604087094E+03
1.07940E+01        8.73708069048E+03
1.08000E+01        8.72814074780E+03
1.08060E+01        8.71920797176E+03
1.08120E+01        8.71028885951E+03
1.08180E+01        8.70138338334E+03
1.08240E+01        8.69249151555E+03
1.08300E+01        8.68361322855E+03
1.08360E+01        8.67474849480E+03
1.08420E+01        8.66589728685E+03
1.08480E+01        8.65705957729E+03
1.08540E+01        8.64823533881E+03
1.08600E+01        8.63942454415E+03
1.08660E+01        8.63062716612E+03
1.08720E+01        8.62184317760E+03
1.08780E+01        8.61307255154E+03
1.08840E+01        8.60431526096E+03
1.08900E+01        8.59557127893E+03
1.08960E+01        8.58684057863E+03
1.09020E+01        8.57812313325E+03
1.09080E+01        8.56941891610E+03
1.09140E+01        8.56072790053E+03
1.09200E+01        8.55205005994E+03
1.09260E+01        8.54338536785E+03
1.09320E+01        8.53473379778E+03
1.09380E+01        8.52609532338E+03
1.09440E+01        8.51746991831E+03
1.09500E+01        8.50885755634E+03
1.09560E+01        8.50025821128E+03
1.09620E+01        8.49167185701E+03
1.09680E+01        8.48309846748E+03
1.09740E+01        8.47454645044E+03
1.09800E+01        8.46599680109E+03
1.09860E+01        8.45745582778E+03
1.09920E+01        8.44893403798E+03
1.09980E+01        8.44042508364E+03
1.10040E+01        8.43192893907E+03
1.10100E+01        8.42345186921E+03
1.10160E+01        8.41498126114E+03
1.10220E+01        8.40652338625E+03
1.10280E+01        8.39807821913E+03
1.10340E+01        8.38964573442E+03
1.10400E+01        8.38122590685E+03
1.10460E+01        8.37281871119E+03
1.10520E+01        8.36442412228E+03
1.10580E+01        8.35604211503E+03
1.10640E+01        8.34767266440E+03
1.10700E+01        8.33931574541E+03
1.10760E+01        8.33097133315E+03
1.10820E+01        8.32263940278E+03
1.10880E+01        8.31431992950E+03
1.10940E+01        8.30601288859E+03
1.11000E+01        8.29771825538E+03
1.11060E+01        8.28943600527E+03
1.11120E+01        8.28116611370E+03
1.11180E+01        8.27290855621E+03
1.11240E+01        8.26466330835E+03
1.11300E+01        8.25642418010E+03
1.11360E+01        8.24820348464E+03
1.11420E+01        8.23999502590E+03
1.11480E+01        8.23179877970E+03
1.11540E+01        8.22362086306E+03
1.11600E+01        8.21544282847E+03
1.11660E+01        8.20728307537E+03
1.11720E+01        8.19913543866E+03
1.11780E+01        8.19099989446E+03
1.11840E+01        8.18287641893E+03
1.11900E+01        8.17476498830E+03
1.11960E+01        8.16666557886E+03
1.12020E+01        8.15857816695E+03
1.12080E+01        8.15050272898E+03
1.12140E+01        8.14243924141E+03
1.12200E+01        8.13438768074E+03
1.12260E+01        8.12634802357E+03
1.12320E+01        8.11832024652E+03
1.12380E+01        8.11030231183E+03
1.12440E+01        8.10229822714E+03
1.12500E+01        8.09430595281E+03
1.12560E+01        8.08632546569E+03
1.12620E+01        8.07835674271E+03
1.12680E+01        8.07039976083E+03
1.12740E+01        8.06245449709E+03
1.12800E+01        8.05452092857E+03
1.12860E+01        8.04659903241E+03
1.12920E+01        8.03868878581E+03
1.12980E+01        8.03079016601E+03
1.13040E+01        8.02290315032E+03
1.13100E+01        8.01502771611E+03
1.13160E+01        8.00716384079E+03
1.13220E+01        7.99931150184E+03
1.13280E+01        7.99147067677E+03
1.13340E+01        7.98364134317E+03
1.13400E+01        7.97582347868E+03
1.13460E+01        7.96801706098E+03
1.13520E+01        7.96021414642E+03
1.13580E+01        7.95243056334E+03
1.13640E+01        7.94465836044E+03
1.13700E+01        7.93689751561E+03
1.13760E+01        7.92914800682E+03
1.13820E+01        7.92140981207E+03
1.13880E+01        7.91368290943E+03
1.13940E+01        7.90596727702E+03
1.14000E+01        7.89826289300E+03
1.14060E+01        7.89056973559E+03
1.14120E+01        7.88288778308E+03
1.14180E+01        7.87521701379E+03
1.14240E+01        7.86755740609E+03
1.14300E+01        7.85990698623E+03
1.14360E+01        7.85226963897E+03
1.14420E+01        7.84464338876E+03
1.14480E+01        7.83702821417E+03
1.14540E+01        7.82942409386E+03
1.14600E+01        7.82183100650E+03
1.14660E+01        7.81424309568E+03
1.14720E+01        7.80667201616E+03
1.14780E+01        7.79911190597E+03
1.14840E+01        7.79156274398E+03
1.14900E+01        7.78402450916E+03
1.14960E+01        7.77649718048E+03
1.15020E+01        7.76897880741E+03
1.15080E+01        7.76147323008E+03
1.15140E+01        7.75397849618E+03
1.15200E+01        7.74649458491E+03
1.15260E+01        7.73902147550E+03
1.15320E+01        7.73155914725E+03
1.15380E+01        7.72410757950E+03
1.15440E+01        7.71666098943E+03
1.15500E+01        7.70923088647E+03
1.15560E+01        7.70181148232E+03
1.15620E+01        7.69440275652E+03
1.15680E+01        7.68700277945E+03
1.15740E+01        7.67961535101E+03
1.15800E+01        7.67223853983E+03
1.15860E+01        7.66487232564E+03
1.15920E+01        7.65751668823E+03
1.15980E+01        7.65017160741E+03
1.16040E+01        7.64283706307E+03
1.16100E+01        7.63551303513E+03
1.16160E+01        7.62819380748E+03
1.16220E+01        7.62089075777E+03
1.16280E+01        7.61359816451E+03
1.16340E+01        7.60631411866E+03
1.16400E+01        7.59904238051E+03
1.16460E+01        7.59178103928E+03
1.16520E+01        7.58453007525E+03
1.16580E+01        7.57728946870E+03
1.16640E+01        7.57005919999E+03
1.16700E+01        7.56283924951E+03
1.16760E+01        7.55562959770E+03
1.16820E+01        7.54842271382E+03
1.16880E+01        7.54123360803E+03
1.16940E+01        7.53405474249E+03
1.17000E+01        7.52688609785E+03
1.17060E+01        7.51972765475E+03
1.17120E+01        7.51257939393E+03
1.17180E+01        7.50544129614E+03
1.17240E+01        7.49831334219E+03
1.17300E+01        7.49119551293E+03
1.17360E+01        7.48408034210E+03
1.17420E+01        7.47698271202E+03
1.17480E+01        7.46989514945E+03
1.17540E+01        7.46281763541E+03
1.17600E+01        7.45575015098E+03
1.17660E+01        7.44869267727E+03
1.17720E+01        7.44164519546E+03
1.17780E+01        7.43460768675E+03
1.17840E+01        7.42758013240E+03
1.17900E+01        7.42056067071E+03
1.17960E+01        7.41354743507E+03
1.18020E+01        7.40654963869E+03
1.18080E+01        7.39956172210E+03
1.18140E+01        7.39258366676E+03
1.18200E+01        7.38561545420E+03
1.18260E+01        7.37865706596E+03
1.18320E+01        7.37170848365E+03
1.18380E+01        7.36476785981E+03
1.18440E+01        7.35783883604E+03
1.18500E+01        7.35091407440E+03
1.18560E+01        7.34400453953E+03
1.18620E+01        7.33710471922E+03
1.18680E+01        7.33021459532E+03
1.18740E+01        7.32333414972E+03
1.18800E+01        7.31646154728E+03
1.18860E+01        7.30960040587E+03
1.18920E+01        7.30274888870E+03
1.18980E+01        7.29590153012E+03
1.19040E+01        7.28906921280E+03
1.19100E+01        7.28224646604E+03
1.19160E+01        7.27543327203E+03
1.19220E+01        7.26862780780E+03
1.19280E+01        7.26183366771E+03
1.19340E+01        7.25504902719E+03
1.19400E+01        7.24827386859E+03
1.19460E+01        7.24150276722E+03
1.19520E+01        7.23474652473E+03
1.19580E+01        7.22799971146E+03
1.19640E+01        7.22126230991E+03
1.19700E+01        7.21453251090E+03
1.19760E+01        7.20781388221E+03
1.19820E+01        7.20110461303E+03
1.19880E+01        7.19439931418E+03
1.19940E+01        7.18770871712E+03
1.20000E+01        7.18102742773E+03
1.20060E+01        7.17435542880E+03
1.20120E+01        7.16769092305E+03
1.20180E+01        7.16103745524E+03
1.20240E+01        7.15439322652E+03
1.20300E+01        7.14775288282E+03
1.20360E+01        7.14112708613E+03
1.20420E+01        7.13451047750E+03
1.20480E+01        7.12790126977E+03
1.20540E+01        7.12130298815E+03
1.20600E+01        7.11471384392E+03
1.20660E+01        7.10812851286E+03
1.20720E+01        7.10155759792E+03
1.20780E+01        7.09499577004E+03
1.20840E+01        7.08844301252E+03
1.20900E+01        7.08189754991E+03
1.20960E+01        7.07536288480E+03
1.21020E+01        7.06883724019E+03
1.21080E+01        7.06231532636E+03
1.21140E+01        7.05580767801E+03
1.21200E+01        7.04930900063E+03
1.21260E+01        7.04281752871E+03
1.21320E+01        7.03633674562E+03
1.21380E+01        7.02986488431E+03
1.21440E+01        7.02339668439E+03
1.21500E+01        7.01694262255E+03
1.21560E+01        7.01049743364E+03
1.21620E+01        7.00405936201E+03
1.21680E+01        6.99763187197E+03
1.21740E+01        6.99121320634E+03
1.21800E+01        6.98479813379E+03
1.21860E+01        6.97839707351E+03
1.21920E+01        6.97200478945E+03
1.21980E+01        6.96561953573E+03
1.22040E+01        6.95924475776E+03
1.22100E+01        6.95287870816E+03
1.22160E+01        6.94652137103E+03
1.22220E+01        6.94016754866E+03
1.22280E+01        6.93382587174E+03
1.22340E+01        6.92749458344E+03
1.22400E+01        6.92117194444E+03
1.22460E+01        6.91485793905E+03
1.22520E+01        6.90854739335E+03
1.22580E+01        6.90225061292E+03
1.22640E+01        6.89596070663E+03
1.22700E+01        6.88968108562E+03
1.22760E+01        6.88341002023E+03
1.22820E+01        6.87714749497E+03
1.22880E+01        6.87088836428E+03
1.22940E+01        6.86464117284E+03
1.23000E+01        6.85840418160E+03
1.23060E+01        6.85217566888E+03
1.23120E+01        6.84595561935E+03
1.23180E+01        6.83973891091E+03
1.23240E+01        6.83353574660E+03
1.23300E+01        6.82733930422E+03
1.23360E+01        6.82115296117E+03
1.23420E+01        6.81497500524E+03
1.23480E+01        6.80880542132E+03
1.23540E+01        6.80263911523E+03
1.23600E+01        6.79648454689E+03
1.23660E+01        6.79033999480E+03
1.23720E+01        6.78420375461E+03
1.23780E+01        6.77807581138E+03
1.23840E+01        6.77195109402E+03
1.23900E+01        6.76583802435E+03
1.23960E+01        6.75973488874E+03
1.24020E+01        6.75363999065E+03
1.24080E+01        6.74755331530E+03
1.24140E+01        6.74146981454E+03
1.24200E+01        6.73539787234E+03
1.24260E+01        6.72933578292E+03
1.24320E+01        6.72328185744E+03
1.24380E+01        6.71723608131E+03
1.24440E+01        6.71119342918E+03
1.24500E+01        6.70516224740E+03
1.24560E+01        6.69914083795E+03
1.24620E+01        6.69312751972E+03
1.24680E+01        6.68712227826E+03
1.24740E+01        6.68112011084E+03
1.24800E+01        6.67512932648E+03
1.24860E+01        6.66914823489E+03
1.24920E+01        6.66317516258E+03
1.24980E+01        6.65721009526E+03
1.25040E+01        6.65124805269E+03
1.25100E+01        6.64529730679E+03
1.25160E+01        6.63935617493E+03
1.25220E+01        6.63342299121E+03
1.25280E+01        6.62749279327E+03
1.25340E+01        6.62157546788E+03
1.25400E+01        6.61566440543E+03
1.25460E+01        6.60976287913E+03
1.25520E+01        6.60386923062E+03
1.25580E+01        6.59797851974E+03
1.25640E+01        6.59210058929E+03
1.25700E+01        6.58622885919E+03
1.25760E+01        6.58036658819E+03
1.25820E+01        6.57451212540E+03
1.25880E+01        6.56866055272E+03
1.25940E+01        6.56282003949E+03
1.26000E+01        6.55698892429E+03
1.26060E+01        6.55116556217E+03
1.26120E+01        6.54534505261E+03
1.26180E+01        6.53953715993E+03
1.26240E+01        6.53373535678E+03
1.26300E+01        6.52794287606E+03
1.26360E+01        6.52215808022E+03
1.26420E+01        6.51637609051E+03
1.26480E+01        6.51060662810E+03
1.26540E+01        6.50484319463E+03
1.26600E+01        6.49908900879E+03
1.26660E+01        6.49333759239E+03
1.26720E+01        6.48759863224E+03
1.26780E+01        6.48186565308E+03
1.26840E+01        6.47614186226E+03
1.26900E+01        6.47042563540E+03
1.26960E+01        6.46471213263E+03
1.27020E+01        6.45901099813E+03
1.27080E+01        6.45331578526E+03
1.27140E+01        6.44762968733E+03
1.27200E+01        6.44194627765E+03
1.27260E+01        6.43627516645E+03
1.27320E+01        6.43060992989E+03
1.27380E+01        6.42495375012E+03
1.27440E+01        6.41930022311E+03
1.27500E+01        6.41365892534E+03
1.27560E+01        6.40802345567E+03
1.27620E+01        6.40239698509E+03
1.27680E+01        6.39677790797E+03
1.27740E+01        6.39116143979E+03
1.27800E+01        6.38555711508E+03
1.27860E+01        6.37995856086E+03
1.27920E+01        6.37436893431E+03
1.27980E+01        6.36878188203E+03
1.28040E+01        6.36320690521E+03
1.28100E+01        6.35763765326E+03
1.28160E+01        6.35207727239E+03
1.28220E+01        6.34651943148E+03
1.28280E+01        6.34097359854E+03
1.28340E+01        6.33543344528E+03
1.28400E+01        6.32990210696E+03
1.28460E+01        6.32437327465E+03
1.28520E+01        6.31885638336E+03
1.28580E+01        6.31334512695E+03
1.28640E+01        6.30784262982E+03
1.28700E+01        6.30234260510E+03
1.28760E+01        6.29685445496E+03
1.28820E+01        6.29137189532E+03
1.28880E+01        6.28589803974E+03
1.28940E+01        6.28042662333E+03
1.29000E+01        6.27496701557E+03
1.29060E+01        6.26951295433E+03
1.29120E+01        6.26406754240E+03
1.29180E+01        6.25862453673E+03
1.29240E+01        6.25319327430E+03
1.29300E+01        6.24776751479E+03
1.29360E+01        6.24235035031E+03
1.29420E+01        6.23693555951E+03
1.29480E+01        6.23153244704E+03
1.29540E+01        6.22613634039E+03
1.29600E+01        6.22074568275E+03
1.29660E+01        6.21535891262E+03
1.29720E+01        6.20998375643E+03
1.29780E+01        6.20461401717E+03
1.29840E+01        6.19924813745E+03
1.29900E+01        6.19389382369E+03
1.29960E+01        6.18854643175E+03
1.30020E+01        6.18320441432E+03
1.30080E+01        6.17786621943E+03
1.30140E+01        6.17253952697E+03
1.30200E+01        6.16721970889E+03
1.30260E+01        6.16190522326E+03
1.30320E+01        6.15659452355E+03
1.30380E+01        6.15129526322E+03
1.30440E+01        6.14600283023E+03
1.30500E+01        6.14071110356E+03
1.30560E+01        6.13543229546E+03
1.30620E+01        6.13016027970E+03
1.30680E+01        6.12489504465E+03
1.30740E+01        6.11963049037E+03
1.30800E+01        6.11437878722E+03
1.30860E+01        6.10913383006E+03
1.30920E+01        6.10389560738E+03
1.30980E+01        6.09865804022E+03
1.31040E+01        6.09343325724E+03
1.31100E+01        6.08821517431E+03
1.31160E+01        6.08299772815E+03
1.31220E+01        6.07779301627E+03
1.31280E+01        6.07259497025E+03
1.31340E+01        6.06740357873E+03
1.31400E+01        6.06221279921E+03
1.31460E+01        6.05703468790E+03
1.31520E+01        6.05186319719E+03
1.31580E+01        6.04669831580E+03
1.31640E+01        6.04153402195E+03
1.31700E+01        6.03638233070E+03
1.31760E+01        6.03123721517E+03
1.31820E+01        6.02609266898E+03
1.31880E+01        6.02096067652E+03
1.31940E+01        6.01583522636E+03
1.32000E+01        6.01071630741E+03
1.32060E+01        6.00559793381E+03
1.32120E+01        6.00049204919E+03
1.32180E+01        5.99539266264E+03
1.32240E+01        5.99029529109E+03
1.32300E+01        5.98520738533E+03
1.32360E+01        5.98012743220E+03
1.32420E+01        5.97504947260E+03
1.32480E+01        5.96998093838E+03
1.32540E+01        5.96492032029E+03
1.32600E+01        5.95986612378E+03
1.32660E+01        5.95481389244E+03
1.32720E+01        5.94977103298E+03
1.32780E+01        5.94473604132E+03
1.32840E+01        5.93970299375E+03
1.32900E+01        5.93468075184E+03
1.32960E+01        5.92966339445E+03
1.33020E+01        5.92465385690E+03
1.33080E+01        5.91964623559E+03
1.33140E+01        5.91464789352E+03
1.33200E+01        5.90965733561E+03
1.33260E+01        5.90466867321E+03
1.33320E+01        5.89968925074E+03
1.33380E+01        5.89471757693E+03
1.33440E+01        5.88975217505E+03
1.33500E+01        5.88478864133E+03
1.33560E+01        5.87983429546E+03
1.33620E+01        5.87488765126E+03
1.33680E+01        5.86994285488E+03
