exonoodle/wasp43b_ersspectra_bb_noLD/Noodles_2021-03-26/SED_14.dat
# %ECSV 0.9
# ---
# datatype:
# - {name: wavelength, unit: micron, datatype: float64}
# - {name: flux, unit: microJansky, datatype: float64}
# schema: astropy-2.0
#
#
#  - - File generated by ExoNoodle - -
#         V1.0.0 - MML (CEA-Saclay)
#       2021-03-25 15:37:33.308590
wavelength flux 
[from data line 1730]
1.33800E+01        5.84613576283E+03
1.33860E+01        5.84122545393E+03
1.33920E+01        5.83632157061E+03
1.33980E+01        5.83141828668E+03
1.34040E+01        5.82652647322E+03
1.34100E+01        5.82164105379E+03
1.34160E+01        5.81675621692E+03
1.34220E+01        5.81188280635E+03
1.34280E+01        5.80701575847E+03
1.34340E+01        5.80215481239E+03
1.34400E+01        5.79729442664E+03
1.34460E+01        5.79244540868E+03
1.34520E+01        5.78760271192E+03
1.34580E+01        5.78276055896E+03
1.34640E+01        5.77792973020E+03
1.34700E+01        5.77310519174E+03
1.34760E+01        5.76828118070E+03
1.34820E+01        5.76346845050E+03
1.34880E+01        5.75866197988E+03
1.34940E+01        5.75386151028E+03
1.35000E+01        5.74906129872E+03
1.35060E+01        5.74427280607E+03
1.35120E+01        5.73949028460E+03
1.35180E+01        5.73470825285E+03
1.35240E+01        5.72993740169E+03
1.35300E+01        5.72517273920E+03
1.35360E+01        5.72040855051E+03
1.35420E+01        5.71565549981E+03
1.35480E+01        5.71090860771E+03
1.35540E+01        5.70616761790E+03
1.35600E+01        5.70142683514E+03
1.35660E+01        5.69669762537E+03
1.35720E+01        5.69197428867E+03
1.35780E+01        5.68725114401E+03
1.35840E+01        5.68253952908E+03
1.35900E+01        5.67783375817E+03
1.35960E+01        5.67312816441E+03
1.36020E+01        5.66843405734E+03
1.36080E+01        5.66374576544E+03
1.36140E+01        5.65905763592E+03
1.36200E+01        5.65438095029E+03
1.36260E+01        5.64971005113E+03
1.36320E+01        5.64504468566E+03
1.36380E+01        5.64037994963E+03
1.36440E+01        5.63572635750E+03
1.36500E+01        5.63107827120E+03
1.36560E+01        5.62643079867E+03
1.36620E+01        5.62179442837E+03
1.36680E+01        5.61716353622E+03
1.36740E+01        5.61253324230E+03
1.36800E+01        5.60791400915E+03
1.36860E+01        5.60330022665E+03
1.36920E+01        5.59868702695E+03
1.36980E+01        5.59408484680E+03
1.37040E+01        5.58948808997E+03
1.37100E+01        5.58489190063E+03
1.37160E+01        5.58030668983E+03
1.37220E+01        5.57572687518E+03
1.37280E+01        5.57114761286E+03
1.37340E+01        5.56657928829E+03
1.37400E+01        5.56201633286E+03
1.37460E+01        5.55745391471E+03
1.37520E+01        5.55290239374E+03
1.37580E+01        5.54835621509E+03
1.37640E+01        5.54381055877E+03
1.37700E+01        5.53927575928E+03
1.37760E+01        5.53474627543E+03
1.37820E+01        5.53021729912E+03
1.37880E+01        5.52569913949E+03
1.37940E+01        5.52118626900E+03
1.38000E+01        5.51667915471E+03
1.38060E+01        5.51217229046E+03
1.38120E+01        5.50767595236E+03
1.38180E+01        5.50318009253E+03
1.38240E+01        5.49869496974E+03
1.38300E+01        5.49421508356E+03
1.38360E+01        5.48974089883E+03
1.38420E+01        5.48526669999E+03
1.38480E+01        5.48080342213E+03
1.38540E+01        5.47634035737E+03
1.38600E+01        5.47188771504E+03
1.38660E+01        5.46744072905E+03
1.38720E+01        5.46299915461E+03
1.38780E+01        5.45855753988E+03
1.38840E+01        5.45412676673E+03
1.38900E+01        5.44969617951E+03
1.38960E+01        5.44527593789E+03
1.39020E+01        5.44086129905E+03
1.39080E+01        5.43645201947E+03
1.39140E+01        5.43204267387E+03
1.39200E+01        5.42764409128E+03
1.39260E+01        5.42324566788E+03
1.39320E+01        5.41885751407E+03
1.39380E+01        5.41447491012E+03
1.39440E+01        5.41009221904E+03
1.39500E+01        5.40572022610E+03
1.39560E+01        5.40135352367E+03
1.39620E+01        5.39698672159E+03
1.39680E+01        5.39263057901E+03
1.39740E+01        5.38827970144E+03
1.39800E+01        5.38392871181E+03
1.39860E+01        5.37958834322E+03
1.39920E+01        5.37525321431E+03
1.39980E+01        5.37091796102E+03
1.40040E+01        5.36659329054E+03
