exonoodle/wasp43b_ersspectra_bb_noLD/Noodles_2021-03-26/SED_14.dat
# %ECSV 0.9
# ---
# datatype:
# - {name: wavelength, unit: micron, datatype: float64}
# - {name: flux, unit: microJansky, datatype: float64}
# schema: astropy-2.0
#
#
#  - - File generated by ExoNoodle - -
#         V1.0.0 - MML (CEA-Saclay)
#       2021-03-25 15:37:33.308590
wavelength flux 
[from data line 865]
8.19000E+00        1.44015939780E+04
8.19600E+00        1.43827083750E+04
8.20200E+00        1.43638602742E+04
8.20800E+00        1.43450489593E+04
8.21400E+00        1.43262737174E+04
8.22000E+00        1.43075356906E+04
8.22600E+00        1.42888335496E+04
8.23200E+00        1.42701684337E+04
8.23800E+00        1.42515390174E+04
8.24400E+00        1.42329464376E+04
8.25000E+00        1.42144029460E+04
8.25600E+00        1.41958825122E+04
8.26200E+00        1.41773974095E+04
8.26800E+00        1.41589487694E+04
8.27400E+00        1.41405352778E+04
8.28000E+00        1.41221580637E+04
8.28600E+00        1.41038158167E+04
8.29200E+00        1.40855096632E+04
8.29800E+00        1.40672382966E+04
8.30400E+00        1.40490028406E+04
8.31000E+00        1.40308019925E+04
8.31600E+00        1.40126368733E+04
8.32200E+00        1.39945061840E+04
8.32800E+00        1.39764110431E+04
8.33400E+00        1.39583501552E+04
8.34000E+00        1.39403246364E+04
8.34600E+00        1.39223331948E+04
8.35200E+00        1.39043769441E+04
8.35800E+00        1.38864678560E+04
8.36400E+00        1.38685805045E+04
8.37000E+00        1.38507268821E+04
8.37600E+00        1.38329075008E+04
8.38200E+00        1.38151228695E+04
8.38800E+00        1.37973717091E+04
8.39400E+00        1.37796551244E+04
8.40000E+00        1.37619718398E+04
8.40600E+00        1.37443229576E+04
8.41200E+00        1.37267072058E+04
8.41800E+00        1.37091256841E+04
8.42400E+00        1.36915771243E+04
8.43000E+00        1.36740626233E+04
8.43600E+00        1.36565809166E+04
8.44200E+00        1.36391330987E+04
8.44800E+00        1.36217179085E+04
8.45400E+00        1.36043358513E+04
8.46000E+00        1.35869874298E+04
8.46600E+00        1.35696713881E+04
8.47200E+00        1.35523888146E+04
8.47800E+00        1.35351384570E+04
8.48400E+00        1.35179214011E+04
8.49000E+00        1.35007363982E+04
8.49600E+00        1.34835845316E+04
8.50200E+00        1.34664645560E+04
8.50800E+00        1.34493775524E+04
8.51400E+00        1.34323222789E+04
8.52000E+00        1.34152992355E+04
8.52600E+00        1.33983089194E+04
8.53200E+00        1.33813500938E+04
8.53800E+00        1.33644238338E+04
8.54400E+00        1.33475289059E+04
8.55000E+00        1.33306791115E+04
8.55600E+00        1.33138350340E+04
8.56200E+00        1.32970480534E+04
8.56800E+00        1.32802805253E+04
8.57400E+00        1.32635439375E+04
8.58000E+00        1.32468393566E+04
8.58600E+00        1.32301655610E+04
8.59200E+00        1.32135230449E+04
8.59800E+00        1.31969122999E+04
8.60400E+00        1.31803321095E+04
8.61000E+00        1.31637835341E+04
8.61600E+00        1.31472653607E+04
8.62200E+00        1.31307780810E+04
8.62800E+00        1.31143221841E+04
8.63400E+00        1.30978964620E+04
8.64000E+00        1.30815019692E+04
8.64600E+00        1.30651375007E+04
8.65200E+00        1.30488041089E+04
8.65800E+00        1.30325005921E+04
8.66400E+00        1.30162274387E+04
8.67000E+00        1.29999851346E+04
8.67600E+00        1.29837724832E+04
8.68200E+00        1.29675905307E+04
8.68800E+00        1.29514380837E+04
8.69400E+00        1.29353156284E+04
8.70000E+00        1.29192236481E+04
8.70600E+00        1.29031609543E+04
8.71200E+00        1.28871285876E+04
8.71800E+00        1.28711253625E+04
8.72400E+00        1.28551517628E+04
8.73000E+00        1.28392082695E+04
8.73600E+00        1.28232937023E+04
8.74200E+00        1.28074085434E+04
8.74800E+00        1.27915532725E+04
8.75400E+00        1.27757267139E+04
8.76000E+00        1.27599298987E+04
8.76600E+00        1.27441616545E+04
8.77200E+00        1.27284224611E+04
8.77800E+00        1.27127127960E+04
8.78400E+00        1.26970314913E+04
8.79000E+00        1.26813790256E+04
8.79600E+00        1.26657558750E+04
8.80200E+00        1.26501608761E+04
8.80800E+00        1.26345950512E+04
8.81400E+00        1.26190572402E+04
8.82000E+00        1.26035479192E+04
8.82600E+00        1.25880675621E+04
8.83200E+00        1.25726150134E+04
8.83800E+00        1.25571907480E+04
8.84400E+00        1.25417952382E+04
8.85000E+00        1.25264273332E+04
8.85600E+00        1.25110875066E+04
8.86200E+00        1.24957762293E+04
8.86800E+00        1.24804923550E+04
8.87400E+00        1.24652368936E+04
8.88000E+00        1.24500087018E+04
8.88600E+00        1.24348082508E+04
8.89200E+00        1.24196360092E+04
8.89800E+00        1.24044908386E+04
8.90400E+00        1.23893732087E+04
8.91000E+00        1.23742835868E+04
8.91600E+00        1.23592208388E+04
8.92200E+00        1.23441736471E+04
8.92800E+00        1.23291778361E+04
8.93400E+00        1.23141969176E+04
8.94000E+00        1.22992431450E+04
8.94600E+00        1.22843169829E+04
8.95200E+00        1.22694173061E+04
8.95800E+00        1.22545445804E+04
8.96400E+00        1.22396992690E+04
8.97000E+00        1.22248685790E+04
8.97600E+00        1.22100879914E+04
8.98200E+00        1.21953113075E+04
8.98800E+00        1.21805723854E+04
8.99400E+00        1.21658600298E+04
9.00000E+00        1.21511747014E+04
9.00600E+00        1.21365152883E+04
9.01200E+00        1.21218822522E+04
9.01800E+00        1.21072760523E+04
9.02400E+00        1.20926955811E+04
9.03000E+00        1.20781412988E+04
9.03600E+00        1.20636136634E+04
9.04200E+00        1.20491115717E+04
9.04800E+00        1.20346354826E+04
9.05400E+00        1.20201858528E+04
9.06000E+00        1.20057730462E+04
9.06600E+00        1.19913745809E+04
9.07200E+00        1.19770023890E+04
9.07800E+00        1.19626439541E+04
9.08400E+00        1.19483225894E+04
9.09000E+00        1.19340267989E+04
9.09600E+00        1.19197570363E+04
9.10200E+00        1.19055122125E+04
9.10800E+00        1.18913041354E+04
9.11400E+00        1.18771105369E+04
9.12000E+00        1.18629416992E+04
9.12600E+00        1.18487980756E+04
9.13200E+00        1.18346688176E+04
9.13800E+00        1.18205867427E+04
9.14400E+00        1.18065184047E+04
9.15000E+00        1.17924755526E+04
9.15600E+00        1.17784571100E+04
9.16200E+00        1.17644635275E+04
9.16800E+00        1.17504947466E+04
9.17400E+00        1.17365512154E+04
9.18000E+00        1.17226318628E+04
9.18600E+00        1.17087371377E+04
9.19200E+00        1.16948674867E+04
9.19800E+00        1.16810218431E+04
9.20400E+00        1.16672006544E+04
9.21000E+00        1.16534043658E+04
9.21600E+00        1.16396319148E+04
9.22200E+00        1.16258837474E+04
9.22800E+00        1.16121598071E+04
9.23400E+00        1.15984605374E+04
9.24000E+00        1.15847848810E+04
9.24600E+00        1.15711332825E+04
9.25200E+00        1.15575061841E+04
9.25800E+00        1.15439025326E+04
9.26400E+00        1.15303227713E+04
9.27000E+00        1.15167668445E+04
9.27600E+00        1.15032351930E+04
9.28200E+00        1.14897267686E+04
9.28800E+00        1.14762420131E+04
9.29400E+00        1.14627813657E+04
9.30000E+00        1.14493437824E+04
9.30600E+00        1.14359297036E+04
9.31200E+00        1.14225390748E+04
9.31800E+00        1.14091723336E+04
9.32400E+00        1.13958284414E+04
9.33000E+00        1.13825078366E+04
9.33600E+00        1.13692109558E+04
9.34200E+00        1.13559367641E+04
9.34800E+00        1.13426965281E+04
9.35400E+00        1.13294685232E+04
9.36000E+00        1.13162640262E+04
9.36600E+00        1.13030820074E+04
9.37200E+00        1.12899229025E+04
9.37800E+00        1.12767866586E+04
9.38400E+00        1.12636737088E+04
9.39000E+00        1.12505830288E+04
9.39600E+00        1.12375150524E+04
9.40200E+00        1.12244697275E+04
9.40800E+00        1.12114474855E+04
9.41400E+00        1.11984473071E+04
9.42000E+00        1.11854696245E+04
9.42600E+00        1.11725148679E+04
9.43200E+00        1.11595820219E+04
9.43800E+00        1.11466821592E+04
9.44400E+00        1.11337939328E+04
9.45000E+00        1.11209284253E+04
9.45600E+00        1.11080846263E+04
9.46200E+00        1.10952629652E+04
9.46800E+00        1.10824633914E+04
9.47400E+00        1.10696863318E+04
9.48000E+00        1.10569307808E+04
9.48600E+00        1.10441971664E+04
9.49200E+00        1.10314854384E+04
9.49800E+00        1.10187960223E+04
9.50400E+00        1.10061279173E+04
9.51000E+00        1.09934920451E+04
9.51600E+00        1.09808678268E+04
9.52200E+00        1.09682647731E+04
9.52800E+00        1.09556833089E+04
9.53400E+00        1.09431233851E+04
9.54000E+00        1.09305854243E+04
9.54600E+00        1.09180684344E+04
9.55200E+00        1.09055728388E+04
9.55800E+00        1.08930985890E+04
9.56400E+00        1.08806461059E+04
9.57000E+00        1.08682144023E+04
9.57600E+00        1.08558142638E+04
9.58200E+00        1.08434249028E+04
9.58800E+00        1.08310566474E+04
9.59400E+00        1.08187099164E+04
9.60000E+00        1.08063837287E+04
9.60600E+00        1.07940785040E+04
9.61200E+00        1.07817941949E+04
9.61800E+00        1.07695312189E+04
9.62400E+00        1.07572885995E+04
9.63000E+00        1.07450667549E+04
9.63600E+00        1.07328656383E+04
9.64200E+00        1.07206856654E+04
9.64800E+00        1.07085360878E+04
9.65400E+00        1.06963968641E+04
9.66000E+00        1.06842781828E+04
9.66600E+00        1.06721804580E+04
9.67200E+00        1.06601027230E+04
9.67800E+00        1.06480453925E+04
9.68400E+00        1.06360084209E+04
9.69000E+00        1.06239917625E+04
9.69600E+00        1.06119958297E+04
9.70200E+00        1.06000196613E+04
9.70800E+00        1.05880636703E+04
9.71400E+00        1.05761379082E+04
9.72000E+00        1.05642221254E+04
9.72600E+00        1.05523268403E+04
9.73200E+00        1.05404510974E+04
9.73800E+00        1.05285953079E+04
9.74400E+00        1.05167594272E+04
9.75000E+00        1.05049438641E+04
9.75600E+00        1.04931476678E+04
9.76200E+00        1.04813712478E+04
9.76800E+00        1.04696145601E+04
9.77400E+00        1.04578775609E+04
9.78000E+00        1.04461706293E+04
9.78600E+00        1.04344728644E+04
9.79200E+00        1.04227946572E+04
9.79800E+00        1.04111359643E+04
9.80400E+00        1.03994967426E+04
9.81000E+00        1.03878773969E+04
9.81600E+00        1.03762769877E+04
9.82200E+00        1.03646959207E+04
9.82800E+00        1.03531341531E+04
9.83400E+00        1.03416015148E+04
9.84000E+00        1.03300786527E+04
9.84600E+00        1.03185745164E+04
9.85200E+00        1.03070895097E+04
9.85800E+00        1.02956235903E+04
9.86400E+00        1.02841767163E+04
9.87000E+00        1.02727492886E+04
9.87600E+00        1.02613403790E+04
9.88200E+00        1.02499503892E+04
9.88800E+00        1.02385890517E+04
9.89400E+00        1.02272367660E+04
9.90000E+00        1.02159037162E+04
9.90600E+00        1.02045889796E+04
9.91200E+00        1.01932929558E+04
9.91800E+00        1.01820156040E+04
9.92400E+00        1.01707568832E+04
9.93000E+00        1.01595171907E+04
9.93600E+00        1.01482956091E+04
9.94200E+00        1.01371022135E+04
9.94800E+00        1.01259175985E+04
9.95400E+00        1.01147514115E+04
9.96000E+00        1.01036036124E+04
9.96600E+00        1.00924745960E+04
9.97200E+00        1.00813634516E+04
9.97800E+00        1.00702705749E+04
9.98400E+00        1.00591959259E+04
9.99000E+00        1.00481394651E+04
9.99600E+00        1.00371107344E+04
1.00020E+01        1.00260909528E+04
1.00080E+01        1.00150888081E+04
1.00140E+01        1.00041046937E+04
1.00200E+01        9.99313857038E+03
1.00260E+01        9.98219039915E+03
1.00320E+01        9.97126057095E+03
1.00380E+01        9.96034818653E+03
1.00440E+01        9.94946313537E+03
1.00500E+01        9.93858637280E+03
1.00560E+01        9.92772736846E+03
1.00620E+01        9.91688608392E+03
1.00680E+01        9.90606290795E+03
1.00740E+01        9.89525694758E+03
1.00800E+01        9.88446859227E+03
1.00860E+01        9.87369780397E+03
1.00920E+01        9.86295395990E+03
1.00980E+01        9.85221818166E+03
1.01040E+01        9.84150028128E+03
1.01100E+01        9.83079937199E+03
1.01160E+01        9.82011584105E+03
1.01220E+01        9.80944965103E+03
1.01280E+01        9.79880076461E+03
1.01340E+01        9.78816914454E+03
1.01400E+01        9.77756408724E+03
1.01460E+01        9.76696729958E+03
1.01520E+01        9.75638724561E+03
1.01580E+01        9.74582431008E+03
1.01640E+01        9.73527845624E+03
1.01700E+01        9.72474964747E+03
1.01760E+01        9.71423784720E+03
1.01820E+01        9.70374343741E+03
1.01880E+01        9.69326554448E+03
1.01940E+01        9.68281379404E+03
1.02000E+01        9.67236965392E+03
1.02060E+01        9.66194234108E+03
1.02120E+01        9.65153181955E+03
1.02180E+01        9.64113805346E+03
1.02240E+01        9.63076142228E+03
1.02300E+01        9.62040105941E+03
1.02360E+01        9.61005734495E+03
1.02420E+01        9.59973940704E+03
1.02480E+01        9.58942887317E+03
1.02540E+01        9.57913488156E+03
1.02600E+01        9.56885739697E+03
1.02660E+01        9.55859638431E+03
1.02720E+01        9.54835222024E+03
1.02780E+01        9.53812404601E+03
1.02840E+01        9.52791223892E+03
1.02900E+01        9.51771676421E+03
1.02960E+01        9.50754666278E+03
1.03020E+01        9.49738373928E+03
1.03080E+01        9.48723704450E+03
1.03140E+01        9.47710695268E+03
1.03200E+01        9.46699261186E+03
1.03260E+01        9.45689439689E+03
1.03320E+01        9.44681227367E+03
1.03380E+01        9.43674620818E+03
1.03440E+01        9.42669616648E+03
1.03500E+01        9.41666211474E+03
1.03560E+01        9.40665299832E+03
1.03620E+01        9.39665122090E+03
1.03680E+01        9.38666492689E+03
1.03740E+01        9.37669448838E+03
1.03800E+01        9.36673987196E+03
1.03860E+01        9.35680104432E+03
1.03920E+01        9.34687797224E+03
1.03980E+01        9.33697062257E+03
1.04040E+01        9.32707896228E+03
1.04100E+01        9.31721185204E+03
1.04160E+01        9.30735186354E+03
1.04220E+01        9.29750706407E+03
1.04280E+01        9.28767782264E+03
1.04340E+01        9.27786410662E+03
1.04400E+01        9.26806588349E+03
1.04460E+01        9.25828312078E+03
1.04520E+01        9.24851578613E+03
1.04580E+01        9.23876384726E+03
1.04640E+01        9.22902727196E+03
1.04700E+01        9.21930602812E+03
1.04760E+01        9.20960927162E+03
1.04820E+01        9.19991858501E+03
1.04880E+01        9.19024313403E+03
1.04940E+01        9.18058288689E+03
1.05000E+01        9.17093781189E+03
1.05060E+01        9.16130787742E+03
1.05120E+01        9.15169305193E+03
1.05180E+01        9.14209330397E+03
1.05240E+01        9.13250860217E+03
1.05300E+01        9.12293930856E+03
1.05360E+01        9.11338460486E+03
1.05420E+01        9.10384485368E+03
1.05480E+01        9.09432870466E+03
1.05540E+01        9.08481875636E+03
1.05600E+01        9.07532366768E+03
1.05660E+01        9.06584340781E+03
1.05720E+01        9.05637794603E+03
1.05780E+01        9.04692725167E+03
1.05840E+01        9.03749129416E+03
1.05900E+01        9.02807004301E+03
1.05960E+01        9.01866346780E+03
1.06020E+01        9.00927153819E+03
1.06080E+01        8.99989461194E+03
1.06140E+01        8.99053188244E+03
1.06200E+01        8.98119228057E+03
1.06260E+01        8.97185862223E+03
1.06320E+01        8.96253945898E+03
1.06380E+01        8.95323476094E+03
1.06440E+01        8.94394449832E+03
1.06500E+01        8.93466864141E+03
1.06560E+01        8.92540716054E+03
1.06620E+01        8.91616002616E+03
1.06680E+01        8.90692720877E+03
1.06740E+01        8.89770867895E+03
1.06800E+01        8.88850440736E+03
1.06860E+01        8.87931474754E+03
1.06920E+01        8.87013890429E+03
1.06980E+01        8.86097723168E+03
1.07040E+01        8.85182970068E+03
1.07100E+01        8.84269628231E+03
1.07160E+01        8.83357694767E+03
1.07220E+01        8.82447166795E+03
1.07280E+01        8.81538041440E+03
1.07340E+01        8.80631156383E+03
1.07400E+01        8.79724826798E+03
1.07460E+01        8.78819891250E+03
1.07520E+01        8.77916346893E+03
1.07580E+01        8.77014190888E+03
1.07640E+01        8.76113420404E+03
1.07700E+01        8.75214032615E+03
1.07760E+01        8.74316024706E+03
