exonoodle/wasp43b_ersspectra_bb_noLD/Noodles_2021-03-26/SED_15.dat
# %ECSV 0.9
# ---
# datatype:
# - {name: wavelength, unit: micron, datatype: float64}
# - {name: flux, unit: microJansky, datatype: float64}
# schema: astropy-2.0
#
#
#  - - File generated by ExoNoodle - -
#         V1.0.0 - MML (CEA-Saclay)
#       2021-03-25 15:37:33.308590
wavelength flux 
[from data line 865]
8.19000E+00        1.40748516257E+04
8.19600E+00        1.40563948237E+04
8.20200E+00        1.40379740666E+04
8.20800E+00        1.40195892616E+04
8.21400E+00        1.40012403158E+04
8.22000E+00        1.39829271367E+04
8.22600E+00        1.39646496323E+04
8.23200E+00        1.39464077107E+04
8.23800E+00        1.39282012802E+04
8.24400E+00        1.39100302497E+04
8.25000E+00        1.38919087145E+04
8.25600E+00        1.38738081926E+04
8.26200E+00        1.38557427984E+04
8.26800E+00        1.38377124420E+04
8.27400E+00        1.38197170334E+04
8.28000E+00        1.38017564831E+04
8.28600E+00        1.37838307019E+04
8.29200E+00        1.37659396007E+04
8.29800E+00        1.37480830908E+04
8.30400E+00        1.37302610838E+04
8.31000E+00        1.37124734916E+04
8.31600E+00        1.36947202262E+04
8.32200E+00        1.36770012002E+04
8.32800E+00        1.36593163261E+04
8.33400E+00        1.36416655170E+04
8.34000E+00        1.36240486861E+04
8.34600E+00        1.36064657469E+04
8.35200E+00        1.35889166131E+04
8.35800E+00        1.35714150578E+04
8.36400E+00        1.35539332596E+04
8.37000E+00        1.35364850099E+04
8.37600E+00        1.35190702234E+04
8.38200E+00        1.35016888155E+04
8.38800E+00        1.34843407015E+04
8.39400E+00        1.34670257970E+04
8.40000E+00        1.34497440179E+04
8.40600E+00        1.34324952805E+04
8.41200E+00        1.34152795012E+04
8.41800E+00        1.33980965967E+04
8.42400E+00        1.33809464840E+04
8.43000E+00        1.33638290804E+04
8.43600E+00        1.33467443032E+04
8.44200E+00        1.33296920704E+04
8.44800E+00        1.33126722998E+04
8.45400E+00        1.32956849098E+04
8.46000E+00        1.32787298188E+04
8.46600E+00        1.32618069457E+04
8.47200E+00        1.32449162094E+04
8.47800E+00        1.32280575292E+04
8.48400E+00        1.32112308247E+04
8.49000E+00        1.31944360157E+04
8.49600E+00        1.31776730221E+04
8.50200E+00        1.31609417643E+04
8.50800E+00        1.31442421628E+04
8.51400E+00        1.31275741383E+04
8.52000E+00        1.31109376118E+04
8.52600E+00        1.30943325047E+04
8.53200E+00        1.30777587383E+04
8.53800E+00        1.30612162346E+04
8.54400E+00        1.30447049154E+04
8.55000E+00        1.30282380068E+04
8.55600E+00        1.30117755198E+04
8.56200E+00        1.29953705589E+04
8.56800E+00        1.29789831859E+04
8.57400E+00        1.29626266110E+04
8.58000E+00        1.29463007576E+04
8.58600E+00        1.29300055495E+04
8.59200E+00        1.29137409105E+04
8.59800E+00        1.28975067647E+04
8.60400E+00        1.28813030365E+04
8.61000E+00        1.28651296505E+04
8.61600E+00        1.28489865315E+04
8.62200E+00        1.28328736045E+04
8.62800E+00        1.28167907949E+04
8.63400E+00        1.28007380282E+04
8.64000E+00        1.27847152301E+04
8.64600E+00        1.27687223266E+04
8.65200E+00        1.27527592438E+04
8.65800E+00        1.27368259082E+04
8.66400E+00        1.27209222465E+04
8.67000E+00        1.27050481855E+04
8.67600E+00        1.26892036523E+04
8.68200E+00        1.26733885743E+04
8.68800E+00        1.26576028789E+04
8.69400E+00        1.26418464939E+04
8.70000E+00        1.26261193473E+04
8.70600E+00        1.26104213674E+04
8.71200E+00        1.25947524825E+04
8.71800E+00        1.25791126212E+04
8.72400E+00        1.25635017124E+04
8.73000E+00        1.25479196852E+04
8.73600E+00        1.25323664689E+04
8.74200E+00        1.25168419929E+04
8.74800E+00        1.25013461870E+04
8.75400E+00        1.24858789812E+04
8.76000E+00        1.24704403054E+04
8.76600E+00        1.24550300901E+04
8.77200E+00        1.24396482659E+04
8.77800E+00        1.24242947635E+04
8.78400E+00        1.24089695139E+04
8.79000E+00        1.23936724482E+04
8.79600E+00        1.23784034980E+04
8.80200E+00        1.23631625947E+04
8.80800E+00        1.23479496702E+04
8.81400E+00        1.23327646565E+04
8.82000E+00        1.23176074858E+04
8.82600E+00        1.23024780905E+04
8.83200E+00        1.22873764033E+04
8.83800E+00        1.22723023571E+04
8.84400E+00        1.22572558847E+04
8.85000E+00        1.22422369195E+04
8.85600E+00        1.22272453949E+04
8.86200E+00        1.22122812445E+04
8.86800E+00        1.21973444021E+04
8.87400E+00        1.21824348019E+04
8.88000E+00        1.21676766203E+04
8.88600E+00        1.21528211552E+04
8.89200E+00        1.21379927358E+04
8.89800E+00        1.21231912968E+04
8.90400E+00        1.21084167733E+04
8.91000E+00        1.20936691004E+04
8.91600E+00        1.20789482136E+04
8.92200E+00        1.20642417298E+04
8.92800E+00        1.20495865406E+04
8.93400E+00        1.20349456262E+04
8.94000E+00        1.20203312413E+04
8.94600E+00        1.20057433224E+04
8.95200E+00        1.19911818059E+04
8.95800E+00        1.19766466286E+04
8.96400E+00        1.19621377274E+04
8.97000E+00        1.19476428401E+04
8.97600E+00        1.19331985020E+04
8.98200E+00        1.19187558826E+04
8.98800E+00        1.19043514734E+04
8.99400E+00        1.18899730278E+04
9.00000E+00        1.18756204836E+04
9.00600E+00        1.18612937791E+04
9.01200E+00        1.18469928528E+04
9.01800E+00        1.18327176431E+04
9.02400E+00        1.18184680889E+04
9.03000E+00        1.18042441291E+04
9.03600E+00        1.17900457029E+04
9.04200E+00        1.17758727495E+04
9.04800E+00        1.17617252084E+04
9.05400E+00        1.17476030192E+04
9.06000E+00        1.17335181025E+04
9.06600E+00        1.17194464226E+04
9.07200E+00        1.17053999148E+04
9.07800E+00        1.16913665819E+04
9.08400E+00        1.16773702538E+04
9.09000E+00        1.16633989193E+04
9.09600E+00        1.16494525194E+04
9.10200E+00        1.16355309950E+04
9.10800E+00        1.16216461538E+04
9.11400E+00        1.16077741904E+04
9.12000E+00        1.15939269268E+04
9.12600E+00        1.15801043049E+04
9.13200E+00        1.15662944568E+04
9.13800E+00        1.15525327538E+04
9.14400E+00        1.15387837089E+04
9.15000E+00        1.15250590744E+04
9.15600E+00        1.15113587927E+04
9.16200E+00        1.14976828068E+04
9.16800E+00        1.14840310595E+04
9.17400E+00        1.14704034939E+04
9.18000E+00        1.14568000533E+04
9.18600E+00        1.14432206811E+04
9.19200E+00        1.14296653210E+04
9.19800E+00        1.14161339165E+04
9.20400E+00        1.14026264118E+04
9.21000E+00        1.13891427509E+04
9.21600E+00        1.13756828780E+04
9.22200E+00        1.13622467375E+04
9.22800E+00        1.13488342740E+04
9.23400E+00        1.13354454322E+04
9.24000E+00        1.13220801571E+04
9.24600E+00        1.13087383936E+04
9.25200E+00        1.12954200870E+04
9.25800E+00        1.12821251827E+04
9.26400E+00        1.12688536261E+04
9.27000E+00        1.12556053630E+04
9.27600E+00        1.12423803392E+04
9.28200E+00        1.12291785007E+04
9.28800E+00        1.12159997936E+04
9.29400E+00        1.12029585468E+04
9.30000E+00        1.11898258075E+04
9.30600E+00        1.11767160393E+04
9.31200E+00        1.11636291888E+04
9.31800E+00        1.11505652032E+04
9.32400E+00        1.11375240293E+04
9.33000E+00        1.11245056145E+04
9.33600E+00        1.11115099062E+04
9.34200E+00        1.10985368517E+04
9.34800E+00        1.10855977173E+04
9.35400E+00        1.10726698008E+04
9.36000E+00        1.10597643817E+04
9.36600E+00        1.10468814083E+04
9.37200E+00        1.10340208287E+04
9.37800E+00        1.10211825914E+04
9.38400E+00        1.10083666450E+04
9.39000E+00        1.09955729381E+04
9.39600E+00        1.09828014198E+04
9.40200E+00        1.09700520388E+04
9.40800E+00        1.09573247445E+04
9.41400E+00        1.09446194861E+04
9.42000E+00        1.09319362131E+04
9.42600E+00        1.09192748750E+04
9.43200E+00        1.09066354216E+04
9.43800E+00        1.08940289253E+04
9.44400E+00        1.08814330781E+04
9.45000E+00        1.08688589657E+04
9.45600E+00        1.08563065384E+04
9.46200E+00        1.08437757466E+04
9.46800E+00        1.08312665408E+04
9.47400E+00        1.08187788719E+04
9.48000E+00        1.08063126906E+04
9.48600E+00        1.07938679480E+04
9.49200E+00        1.07814445952E+04
9.49800E+00        1.07690425835E+04
9.50400E+00        1.07566618644E+04
9.51000E+00        1.07443133588E+04
9.51600E+00        1.07319750668E+04
9.52200E+00        1.07196579225E+04
9.52800E+00        1.07073618777E+04
9.53400E+00        1.06950868845E+04
9.54000E+00        1.06828328953E+04
9.54600E+00        1.06705998623E+04
9.55200E+00        1.06583877381E+04
9.55800E+00        1.06461964753E+04
9.56400E+00        1.06341345951E+04
9.57000E+00        1.06219847894E+04
9.57600E+00        1.06098665360E+04
9.58200E+00        1.05977581118E+04
9.58800E+00        1.05856703143E+04
9.59400E+00        1.05736030971E+04
9.60000E+00        1.05615564136E+04
9.60600E+00        1.05495302176E+04
9.61200E+00        1.05375244630E+04
9.61800E+00        1.05255391035E+04
9.62400E+00        1.05135740934E+04
9.63000E+00        1.05016293868E+04
9.63600E+00        1.04897049381E+04
9.64200E+00        1.04778007017E+04
9.64800E+00        1.04659273171E+04
9.65400E+00        1.04540633571E+04
9.66000E+00        1.04422194736E+04
9.66600E+00        1.04303956215E+04
9.67200E+00        1.04185917559E+04
9.67800E+00        1.04068078321E+04
9.68400E+00        1.03950438054E+04
9.69000E+00        1.03832996313E+04
9.69600E+00        1.03715752653E+04
9.70200E+00        1.03598706631E+04
9.70800E+00        1.03481857807E+04
9.71400E+00        1.03365311266E+04
9.72000E+00        1.03248855396E+04
9.72600E+00        1.03132595406E+04
9.73200E+00        1.03016530859E+04
9.73800E+00        1.02900661319E+04
9.74400E+00        1.02784986352E+04
9.75000E+00        1.02669505524E+04
9.75600E+00        1.02554218404E+04
9.76200E+00        1.02439124561E+04
9.76800E+00        1.02324223566E+04
9.77400E+00        1.02209514990E+04
9.78000E+00        1.02095102634E+04
9.78600E+00        1.01980777498E+04
9.79200E+00        1.01867683459E+04
9.79800E+00        1.01753739018E+04
9.80400E+00        1.01639984874E+04
9.81000E+00        1.01526420605E+04
9.81600E+00        1.01413045791E+04
9.82200E+00        1.01299860014E+04
9.82800E+00        1.01186862855E+04
9.83400E+00        1.01074157082E+04
9.84000E+00        1.00961535795E+04
9.84600E+00        1.00849101881E+04
9.85200E+00        1.00736854924E+04
9.85800E+00        1.00624794514E+04
9.86400E+00        1.00512920239E+04
9.87000E+00        1.00401231690E+04
9.87600E+00        1.00289728456E+04
9.88200E+00        1.00178410132E+04
9.88800E+00        1.00067378465E+04
9.89400E+00        9.99564286260E+03
9.90000E+00        9.98456624792E+03
9.90600E+00        9.97350796216E+03
9.91200E+00        9.96246796510E+03
9.91800E+00        9.95144621663E+03
9.92400E+00        9.94044267676E+03
9.93000E+00        9.92945730560E+03
9.93600E+00        9.91849006336E+03
9.94200E+00        9.90755102459E+03
9.94800E+00        9.89661991012E+03
9.95400E+00        9.88570680591E+03
9.96000E+00        9.87481167259E+03
9.96600E+00        9.86393447094E+03
9.97200E+00        9.85307516180E+03
9.97800E+00        9.84223370615E+03
9.98400E+00        9.83141006507E+03
9.99000E+00        9.82060419974E+03
9.99600E+00        9.80982608579E+03
1.00020E+01        9.79915567834E+03
1.00080E+01        9.78840278752E+03
1.00140E+01        9.77766751841E+03
1.00200E+01        9.76694983272E+03
1.00260E+01        9.75624969225E+03
1.00320E+01        9.74556705892E+03
1.00380E+01        9.73490189473E+03
1.00440E+01        9.72426408860E+03
1.00500E+01        9.71363373828E+03
1.00560E+01        9.70302074376E+03
1.00620E+01        9.69242506747E+03
1.00680E+01        9.68184667193E+03
1.00740E+01        9.67128551976E+03
1.00800E+01        9.66074157367E+03
1.00860E+01        9.65021479650E+03
1.00920E+01        9.63971499158E+03
1.00980E+01        9.62922243037E+03
1.01040E+01        9.61874692716E+03
1.01100E+01        9.60828844516E+03
1.01160E+01        9.59784694769E+03
1.01220E+01        9.58742239816E+03
1.01280E+01        9.57701476009E+03
1.01340E+01        9.56662399709E+03
1.01400E+01        9.55625982800E+03
1.01460E+01        9.54590269578E+03
1.01520E+01        9.53556233006E+03
1.01580E+01        9.52523869484E+03
1.01640E+01        9.51493175421E+03
1.01700E+01        9.50464147238E+03
1.01760E+01        9.49436781361E+03
1.01820E+01        9.48411074230E+03
1.01880E+01        9.47387022291E+03
1.01940E+01        9.46375248551E+03
1.02000E+01        9.45354484906E+03
1.02060E+01        9.44335365871E+03
1.02120E+01        9.43317887933E+03
1.02180E+01        9.42302047585E+03
1.02240E+01        9.41287841331E+03
1.02300E+01        9.40275265684E+03
1.02360E+01        9.39264317167E+03
1.02420E+01        9.38255950064E+03
1.02480E+01        9.37248244380E+03
1.02540E+01        9.36242155450E+03
1.02600E+01        9.35237679832E+03
1.02660E+01        9.34234814095E+03
1.02720E+01        9.33233554815E+03
1.02780E+01        9.32233898580E+03
1.02840E+01        9.31235841984E+03
1.02900E+01        9.30239381631E+03
1.02960E+01        9.29245462681E+03
1.03020E+01        9.28252183650E+03
1.03080E+01        9.27260490729E+03
1.03140E+01        9.26270380561E+03
1.03200E+01        9.25281849793E+03
1.03260E+01        9.24294895082E+03
1.03320E+01        9.23309513096E+03
1.03380E+01        9.22325700509E+03
1.03440E+01        9.21343454005E+03
1.03500E+01        9.20362770278E+03
1.03560E+01        9.19384584496E+03
1.03620E+01        9.18407015433E+03
1.03680E+01        9.17430999278E+03
1.03740E+01        9.16464952055E+03
1.03800E+01        9.15492957441E+03
1.03860E+01        9.14521570479E+03
1.03920E+01        9.13551723400E+03
1.03980E+01        9.12583412965E+03
1.04040E+01        9.11616635944E+03
1.04100E+01        9.10652318652E+03
1.04160E+01        9.09688597816E+03
1.04220E+01        9.08726400756E+03
1.04280E+01        9.07765724274E+03
1.04340E+01        9.06806565182E+03
1.04400E+01        9.05848920299E+03
1.04460E+01        9.04892786455E+03
1.04520E+01        9.03938160486E+03
1.04580E+01        9.02985039236E+03
1.04640E+01        9.02033419558E+03
1.04700E+01        9.01083298314E+03
1.04760E+01        9.00135591164E+03
1.04820E+01        8.99188456435E+03
1.04880E+01        8.98242810773E+03
1.04940E+01        8.97298651073E+03
1.05000E+01        8.96355974234E+03
1.05060E+01        8.95414777169E+03
1.05120E+01        8.94475056792E+03
1.05180E+01        8.93536810032E+03
1.05240E+01        8.92600033821E+03
1.05300E+01        8.91664725100E+03
1.05360E+01        8.90730880820E+03
1.05420E+01        8.89798497938E+03
1.05480E+01        8.88868480696E+03
1.05540E+01        8.87939010563E+03
1.05600E+01        8.87020046550E+03
1.05660E+01        8.86093468575E+03
1.05720E+01        8.85168336918E+03
1.05780E+01        8.84244648583E+03
1.05840E+01        8.83322400582E+03
1.05900E+01        8.82401589935E+03
1.05960E+01        8.81482213669E+03
1.06020E+01        8.80564268818E+03
1.06080E+01        8.79647752425E+03
1.06140E+01        8.78732661541E+03
1.06200E+01        8.77819889202E+03
1.06260E+01        8.76907639582E+03
1.06320E+01        8.75996806667E+03
1.06380E+01        8.75087387538E+03
1.06440E+01        8.74179379282E+03
1.06500E+01        8.73272778993E+03
1.06560E+01        8.72367583776E+03
1.06620E+01        8.71463790740E+03
1.06680E+01        8.70561397001E+03
1.06740E+01        8.69660399686E+03
1.06800E+01        8.68760795926E+03
1.06860E+01        8.67862582860E+03
1.06920E+01        8.66965757635E+03
1.06980E+01        8.66070317406E+03
1.07040E+01        8.65176259334E+03
1.07100E+01        8.64283580586E+03
1.07160E+01        8.63392278339E+03
1.07220E+01        8.62502349776E+03
1.07280E+01        8.61613792087E+03
1.07340E+01        8.60727480984E+03
1.07400E+01        8.59850431843E+03
1.07460E+01        8.58965960047E+03
1.07520E+01        8.58082847971E+03
1.07580E+01        8.57201092842E+03
1.07640E+01        8.56320691892E+03
1.07700E+01        8.55441642360E+03
1.07760E+01        8.54563941494E+03
