exonoodle/wasp43b_ersspectra_bb_noLD/Noodles_2021-03-26/SED_12.dat
# %ECSV 0.9
# ---
# datatype:
# - {name: wavelength, unit: micron, datatype: float64}
# - {name: flux, unit: microJansky, datatype: float64}
# schema: astropy-2.0
#
#
#  - - File generated by ExoNoodle - -
#         V1.0.0 - MML (CEA-Saclay)
#       2021-03-25 15:37:33.308590
wavelength flux 
[from data line 1730]
1.33800E+01        5.85209159778E+03
1.33860E+01        5.84717452120E+03
1.33920E+01        5.84226563753E+03
1.33980E+01        5.83735911614E+03
1.34040E+01        5.83246055830E+03
1.34100E+01        5.82757015735E+03
1.34160E+01        5.82268209739E+03
1.34220E+01        5.81780196563E+03
1.34280E+01        5.81292995497E+03
1.34340E+01        5.80806405233E+03
1.34400E+01        5.80320046255E+03
1.34460E+01        5.79834475414E+03
1.34520E+01        5.79349711943E+03
1.34580E+01        5.78865177664E+03
1.34640E+01        5.78381428036E+03
1.34700E+01        5.77898482246E+03
1.34760E+01        5.77415763571E+03
1.34820E+01        5.76933826081E+03
1.34880E+01        5.76452688919E+03
1.34940E+01        5.75972152471E+03
1.35000E+01        5.75491642438E+03
1.35060E+01        5.75012304905E+03
1.35120E+01        5.74533565101E+03
1.35180E+01        5.74055047621E+03
1.35240E+01        5.73577303317E+03
1.35300E+01        5.73100351232E+03
1.35360E+01        5.72623619445E+03
1.35420E+01        5.72147657434E+03
1.35480E+01        5.71672484199E+03
1.35540E+01        5.71197901796E+03
1.35600E+01        5.70723340699E+03
1.35660E+01        5.70249937501E+03
1.35720E+01        5.69777122209E+03
1.35780E+01        5.69304326720E+03
1.35840E+01        5.68832684799E+03
1.35900E+01        5.68361627878E+03
1.35960E+01        5.67890589267E+03
1.36020E+01        5.67420699919E+03
1.36080E+01        5.66951392680E+03
1.36140E+01        5.66482102272E+03
1.36200E+01        5.66013956844E+03
1.36260E+01        5.65546390654E+03
1.36320E+01        5.65079208380E+03
1.36380E+01        5.64612429722E+03
1.36440E+01        5.64146596000E+03
1.36500E+01        5.63681143827E+03
1.36560E+01        5.63216092857E+03
1.36620E+01        5.62751983073E+03
1.36680E+01        5.62288252488E+03
1.36740E+01        5.61824920709E+03
1.36800E+01        5.61362526389E+03
1.36860E+01        5.60900508932E+03
1.36920E+01        5.60438887899E+03
1.36980E+01        5.59978200618E+03
1.37040E+01        5.59517887879E+03
1.37100E+01        5.59057969200E+03
1.37160E+01        5.58598980585E+03
1.37220E+01        5.58140364207E+03
1.37280E+01        5.57682139539E+03
1.37340E+01        5.57224841269E+03
1.37400E+01        5.56767912946E+03
1.37460E+01        5.56311373999E+03
1.37520E+01        5.55855757802E+03
1.37580E+01        5.55400509279E+03
1.37640E+01        5.54945647811E+03
1.37700E+01        5.54491705468E+03
1.37760E+01        5.54038128538E+03
1.37820E+01        5.53584936360E+03
1.37880E+01        5.53132659700E+03
1.37940E+01        5.52680746209E+03
1.38000E+01        5.52229575344E+03
1.38060E+01        5.51778596081E+03
1.38120E+01        5.51328337923E+03
1.38180E+01        5.50878459952E+03
1.38240E+01        5.50429490344E+03
1.38300E+01        5.49980879461E+03
1.38360E+01        5.49533004911E+03
1.38420E+01        5.49085129504E+03
1.38480E+01        5.48638346752E+03
1.38540E+01        5.48191750820E+03
1.38600E+01        5.47745867773E+03
1.38660E+01        5.47300715868E+03
1.38720E+01        5.46856105671E+03
1.38780E+01        5.46411491995E+03
1.38840E+01        5.45967963028E+03
1.38900E+01        5.45524617355E+03
1.38960E+01        5.45081978485E+03
1.39020E+01        5.44640064593E+03
1.39080E+01        5.44198687174E+03
1.39140E+01        5.43757303699E+03
1.39200E+01        5.43316997069E+03
1.39260E+01        5.42876870258E+03
1.39320E+01        5.42437444237E+03
1.39380E+01        5.41998737100E+03
1.39440E+01        5.41560021792E+03
1.39500E+01        5.41122376838E+03
1.39560E+01        5.40685261474E+03
1.39620E+01        5.40248136685E+03
1.39680E+01        5.39812078382E+03
1.39740E+01        5.39376547118E+03
1.39800E+01        5.38941005183E+03
1.39860E+01        5.38506525889E+03
1.39920E+01        5.38072571096E+03
1.39980E+01        5.37638604399E+03
1.40040E+01        5.37205696515E+03
