exonoodle/wasp43b_ersspectra_bb_noLD/Noodles_2021-03-26/SED_03.dat
# %ECSV 0.9
# ---
# datatype:
# - {name: wavelength, unit: micron, datatype: float64}
# - {name: flux, unit: microJansky, datatype: float64}
# schema: astropy-2.0
#
#
#  - - File generated by ExoNoodle - -
#         V1.0.0 - MML (CEA-Saclay)
#       2021-03-25 15:37:33.308590
wavelength flux 
[from data line 1730]
1.33800E+01        5.85209968993E+03
1.33860E+01        5.84718260415E+03
1.33920E+01        5.84227371369E+03
1.33980E+01        5.83736718790E+03
1.34040E+01        5.83246862089E+03
1.34100E+01        5.82757821318E+03
1.34160E+01        5.82269014884E+03
1.34220E+01        5.81781000795E+03
1.34280E+01        5.81293799054E+03
1.34340E+01        5.80807208117E+03
1.34400E+01        5.80320848703E+03
1.34460E+01        5.79835276953E+03
1.34520E+01        5.79350512812E+03
1.34580E+01        5.78865978099E+03
1.34640E+01        5.78382227565E+03
1.34700E+01        5.77899281107E+03
1.34760E+01        5.77416562001E+03
1.34820E+01        5.76934623607E+03
1.34880E+01        5.76453485780E+03
1.34940E+01        5.75972948667E+03
1.35000E+01        5.75492437969E+03
1.35060E+01        5.75013099773E+03
1.35120E+01        5.74534359306E+03
1.35180E+01        5.74055841399E+03
1.35240E+01        5.73578096200E+03
1.35300E+01        5.73101143455E+03
1.35360E+01        5.72624411242E+03
1.35420E+01        5.72148448339E+03
1.35480E+01        5.71673274447E+03
1.35540E+01        5.71198691386E+03
1.35600E+01        5.70724129633E+03
1.35660E+01        5.70250725780E+03
1.35720E+01        5.69777909834E+03
1.35780E+01        5.69305113691E+03
1.35840E+01        5.68833471118E+03
1.35900E+01        5.68362413545E+03
1.35960E+01        5.67891374282E+03
1.36020E+01        5.67421484284E+03
1.36080E+01        5.66952176395E+03
1.36140E+01        5.66482885339E+03
1.36200E+01        5.66014739263E+03
1.36260E+01        5.65547172426E+03
1.36320E+01        5.65079989275E+03
1.36380E+01        5.64613210202E+03
1.36440E+01        5.64147375835E+03
1.36500E+01        5.63681922787E+03
1.36560E+01        5.63216871405E+03
1.36620E+01        5.62752760979E+03
1.36680E+01        5.62289029523E+03
1.36740E+01        5.61825697333E+03
1.36800E+01        5.61363302373E+03
1.36860E+01        5.60901284047E+03
1.36920E+01        5.60439662605E+03
1.36980E+01        5.59978974686E+03
1.37040E+01        5.59518661082E+03
1.37100E+01        5.59058741996E+03
1.37160E+01        5.58599752745E+03
1.37220E+01        5.58141135505E+03
1.37280E+01        5.57682910432E+03
1.37340E+01        5.57225611528E+03
1.37400E+01        5.56768682346E+03
1.37460E+01        5.56312142995E+03
1.37520E+01        5.55856526167E+03
1.37580E+01        5.55401276787E+03
1.37640E+01        5.54946414918E+03
1.37700E+01        5.54492471946E+03
1.37760E+01        5.54038894163E+03
1.37820E+01        5.53585701584E+03
1.37880E+01        5.53133424298E+03
1.37940E+01        5.52681509956E+03
1.38000E+01        5.52230338467E+03
1.38060E+01        5.51779358806E+03
1.38120E+01        5.51329099799E+03
1.38180E+01        5.50879221432E+03
1.38240E+01        5.50430251203E+03
1.38300E+01        5.49981639474E+03
1.38360E+01        5.49533764304E+03
1.38420E+01        5.49085888279E+03
1.38480E+01        5.48639104908E+03
1.38540E+01        5.48192508583E+03
1.38600E+01        5.47746624695E+03
1.38660E+01        5.47301472174E+03
1.38720E+01        5.46856861362E+03
1.38780E+01        5.46412247072E+03
1.38840E+01        5.45968717491E+03
1.38900E+01        5.45525371428E+03
1.38960E+01        5.45082731723E+03
1.39020E+01        5.44640817220E+03
1.39080E+01        5.44199439190E+03
1.39140E+01        5.43758055105E+03
1.39200E+01        5.43317747865E+03
1.39260E+01        5.42877620668E+03
1.39320E+01        5.42438193817E+03
1.39380E+01        5.41999486074E+03
1.39440E+01        5.41560770159E+03
1.39500E+01        5.41123124600E+03
1.39560E+01        5.40686008632E+03
1.39620E+01        5.40248883238E+03
1.39680E+01        5.39812824332E+03
1.39740E+01        5.39377292465E+03
1.39800E+01        5.38941749929E+03
1.39860E+01        5.38507270033E+03
1.39920E+01        5.38073314640E+03
1.39980E+01        5.37639347343E+03
1.40040E+01        5.37206438860E+03
