exonoodle/wasp43b_ersspectra_bb_noLD/Noodles_2021-03-26/SED_15.dat
# %ECSV 0.9
# ---
# datatype:
# - {name: wavelength, unit: micron, datatype: float64}
# - {name: flux, unit: microJansky, datatype: float64}
# schema: astropy-2.0
#
#
#  - - File generated by ExoNoodle - -
#         V1.0.0 - MML (CEA-Saclay)
#       2021-03-25 15:37:33.308590
wavelength flux 
[from data line 1730]
1.33800E+01        5.71475211928E+03
1.33860E+01        5.70995253963E+03
1.33920E+01        5.70515899464E+03
1.33980E+01        5.70036565900E+03
1.34040E+01        5.69558415796E+03
1.34100E+01        5.69080866136E+03
1.34160E+01        5.68603335861E+03
1.34220E+01        5.68126984571E+03
1.34280E+01        5.67651230725E+03
1.34340E+01        5.67176073324E+03
1.34400E+01        5.66706714418E+03
1.34460E+01        5.66232742572E+03
1.34520E+01        5.65759364201E+03
1.34580E+01        5.65286001652E+03
1.34640E+01        5.64813807751E+03
1.34700E+01        5.64342204366E+03
1.34760E+01        5.63870615294E+03
1.34820E+01        5.63400190478E+03
1.34880E+01        5.62930353238E+03
1.34940E+01        5.62461102597E+03
1.35000E+01        5.61991864281E+03
1.35060E+01        5.61523784398E+03
1.35120E+01        5.61056288199E+03
1.35180E+01        5.60588802847E+03
1.35240E+01        5.60122471590E+03
1.35300E+01        5.59656721119E+03
1.35360E+01        5.59190980029E+03
1.35420E+01        5.58726388720E+03
1.35480E+01        5.58262375316E+03
1.35540E+01        5.57798938861E+03
1.35600E+01        5.57335509854E+03
1.35660E+01        5.56873224911E+03
1.35720E+01        5.56411514060E+03
1.35780E+01        5.55949809222E+03
1.35840E+01        5.55489244185E+03
1.35900E+01        5.55029250403E+03
1.35960E+01        5.54569261208E+03
1.36020E+01        5.54110407578E+03
1.36080E+01        5.53652122380E+03
1.36140E+01        5.53193840358E+03
1.36200E+01        5.52736689685E+03
1.36260E+01        5.52280104640E+03
1.36320E+01        5.51824084293E+03
1.36380E+01        5.51368065260E+03
1.36440E+01        5.50913171989E+03
1.36500E+01        5.50458840634E+03
1.36560E+01        5.50004509210E+03
1.36620E+01        5.49551299385E+03
1.36680E+01        5.49098648712E+03
1.36740E+01        5.48645996598E+03
1.36800E+01        5.48194461941E+03
1.36860E+01        5.47743483690E+03
1.36920E+01        5.47292502638E+03
1.36980E+01        5.46842634923E+03
1.37040E+01        5.46393320883E+03
1.37100E+01        5.45944002695E+03
1.37160E+01        5.45501358344E+03
1.37220E+01        5.45053695785E+03
1.37280E+01        5.44606027746E+03
1.37340E+01        5.44159464877E+03
1.37400E+01        5.43713450278E+03
1.37460E+01        5.43267428874E+03
1.37520E+01        5.42822508585E+03
1.37580E+01        5.42378133886E+03
1.37640E+01        5.41933751068E+03
1.37700E+01        5.41490465333E+03
1.37760E+01        5.41047722522E+03
1.37820E+01        5.40604970290E+03
1.37880E+01        5.40163311129E+03
1.37940E+01        5.39722192245E+03
1.38000E+01        5.39281612758E+03
1.38060E+01        5.38841022132E+03
1.38120E+01        5.38401519259E+03
1.38180E+01        5.37962004396E+03
1.38240E+01        5.37523574641E+03
1.38300E+01        5.37085679916E+03
1.38360E+01        5.36648319350E+03
1.38420E+01        5.36210945103E+03
1.38480E+01        5.35774650706E+03
1.38540E+01        5.35338341789E+03
1.38600E+01        5.34903110105E+03
1.38660E+01        5.34468408265E+03
1.38720E+01        5.34034235411E+03
1.38780E+01        5.33600046377E+03
1.38840E+01        5.33166929370E+03
1.38900E+01        5.32733795360E+03
1.38960E+01        5.32301730788E+03
1.39020E+01        5.31870190937E+03
1.39080E+01        5.31439174961E+03
1.39140E+01        5.31008140349E+03
1.39200E+01        5.30578170023E+03
1.39260E+01        5.30148180253E+03
1.39320E+01        5.29719252207E+03
1.39380E+01        5.29290843821E+03
1.39440E+01        5.28862414787E+03
1.39500E+01        5.28435043649E+03
1.39560E+01        5.28008189664E+03
1.39620E+01        5.27581313836E+03
1.39680E+01        5.27155492098E+03
1.39740E+01        5.26730185020E+03
1.39800E+01        5.26304854914E+03
1.39860E+01        5.25880575111E+03
1.39920E+01        5.25456807491E+03
1.39980E+01        5.25033015669E+03
1.40040E+01        5.24615621697E+03
