exonoodle/wasp43b_ersspectra_bb_noLD/Noodles_2021-03-26/SED_05.dat
# %ECSV 0.9
# ---
# datatype:
# - {name: wavelength, unit: micron, datatype: float64}
# - {name: flux, unit: microJansky, datatype: float64}
# schema: astropy-2.0
#
#
#  - - File generated by ExoNoodle - -
#         V1.0.0 - MML (CEA-Saclay)
#       2021-03-25 15:37:33.308590
wavelength flux 
[from data line 865]
8.19000E+00        1.44350564589E+04
8.19600E+00        1.44161269414E+04
8.20200E+00        1.43972451500E+04
8.20800E+00        1.43784002034E+04
8.21400E+00        1.43595812772E+04
8.22000E+00        1.43408097495E+04
8.22600E+00        1.43220640810E+04
8.23200E+00        1.43033655944E+04
8.23800E+00        1.42846928068E+04
8.24400E+00        1.42660669857E+04
8.25000E+00        1.42474702456E+04
8.25600E+00        1.42289167124E+04
8.26200E+00        1.42103885614E+04
8.26800E+00        1.41919069499E+04
8.27400E+00        1.41734505639E+04
8.28000E+00        1.41550405058E+04
8.28600E+00        1.41366555174E+04
8.29200E+00        1.41183166468E+04
8.29800E+00        1.41000026911E+04
8.30400E+00        1.40817346441E+04
8.31000E+00        1.40634913584E+04
8.31600E+00        1.40452937736E+04
8.32200E+00        1.40271207976E+04
8.32800E+00        1.40089933160E+04
8.33400E+00        1.39908902915E+04
8.34000E+00        1.39728325562E+04
8.34600E+00        1.39547991274E+04
8.35200E+00        1.39368107837E+04
8.35800E+00        1.39188500561E+04
8.36400E+00        1.39009307472E+04
8.37000E+00        1.38830354467E+04
8.37600E+00        1.38651744672E+04
8.38200E+00        1.38473580680E+04
8.38800E+00        1.38295654563E+04
8.39400E+00        1.38118172250E+04
8.40000E+00        1.37940926351E+04
8.40600E+00        1.37764122270E+04
8.41200E+00        1.37587553153E+04
8.41800E+00        1.37411423878E+04
8.42400E+00        1.37235528126E+04
8.43000E+00        1.37060070255E+04
8.43600E+00        1.36884844473E+04
8.44200E+00        1.36710054621E+04
8.44800E+00        1.36535495438E+04
8.45400E+00        1.36361268360E+04
8.46000E+00        1.36187474305E+04
8.46600E+00        1.36013908804E+04
8.47200E+00        1.35840774403E+04
8.47800E+00        1.35667867158E+04
8.48400E+00        1.35495389102E+04
8.49000E+00        1.35323136811E+04
8.49600E+00        1.35151311810E+04
8.50200E+00        1.34979711195E+04
8.50800E+00        1.34808535981E+04
8.51400E+00        1.34637583781E+04
8.52000E+00        1.34466954638E+04
8.52600E+00        1.34296748082E+04
8.53200E+00        1.34126762502E+04
8.53800E+00        1.33957197648E+04
8.54400E+00        1.33787852423E+04
8.55000E+00        1.33618959279E+04
8.55600E+00        1.33450218013E+04
8.56200E+00        1.33281860529E+04
8.56800E+00        1.33113886002E+04
8.57400E+00        1.32946127772E+04
8.58000E+00        1.32778783839E+04
8.58600E+00        1.32611654885E+04
8.59200E+00        1.32444839461E+04
8.59800E+00        1.32278435617E+04
8.60400E+00        1.32112244793E+04
8.61000E+00        1.31946463754E+04
8.61600E+00        1.31780894439E+04
8.62200E+00        1.31615634786E+04
8.62800E+00        1.31450782241E+04
8.63400E+00        1.31286139493E+04
8.64000E+00        1.31121902081E+04
8.64600E+00        1.30957873192E+04
8.65200E+00        1.30794247878E+04
8.65800E+00        1.30630829822E+04
8.66400E+00        1.30467716114E+04
8.67000E+00        1.30305003357E+04
8.67600E+00        1.30142495975E+04
8.68200E+00        1.29980387809E+04
8.68800E+00        1.29818483772E+04
8.69400E+00        1.29656880356E+04
8.70000E+00        1.29495673571E+04
8.70600E+00        1.29334669063E+04
8.71200E+00        1.29174059475E+04
8.71800E+00        1.29013650938E+04
8.72400E+00        1.28853539352E+04
8.73000E+00        1.28693820137E+04
8.73600E+00        1.28534300152E+04
8.74200E+00        1.28375074942E+04
8.74800E+00        1.28216239577E+04
8.75400E+00        1.28057601637E+04
8.76000E+00        1.27899351870E+04
8.76600E+00        1.27741298335E+04
8.77200E+00        1.27583535991E+04
8.77800E+00        1.27426159332E+04
8.78400E+00        1.27268977128E+04
8.79000E+00        1.27112083992E+04
8.79600E+00        1.26955574071E+04
8.80200E+00        1.26799256848E+04
8.80800E+00        1.26643321205E+04
8.81400E+00        1.26487577096E+04
8.82000E+00        1.26332118560E+04
8.82600E+00        1.26177039170E+04
8.83200E+00        1.26022149585E+04
8.83800E+00        1.25867543499E+04
8.84400E+00        1.25713314146E+04
8.85000E+00        1.25559272885E+04
8.85600E+00        1.25405513069E+04
8.86200E+00        1.25252127593E+04
8.86800E+00        1.25098928512E+04
8.87400E+00        1.24946102187E+04
8.88000E+00        1.24793461136E+04
8.88600E+00        1.24641098148E+04
8.89200E+00        1.24489105555E+04
8.89800E+00        1.24337296568E+04
8.90400E+00        1.24185763637E+04
8.91000E+00        1.24034598763E+04
8.91600E+00        1.23883615840E+04
8.92200E+00        1.23732876241E+04
8.92800E+00        1.23582563871E+04
8.93400E+00        1.23432401070E+04
8.94000E+00        1.23282510368E+04
8.94600E+00        1.23132983102E+04
8.95200E+00        1.22983634531E+04
8.95800E+00        1.22834556106E+04
8.96400E+00        1.22685838836E+04
8.97000E+00        1.22537268206E+04
8.97600E+00        1.22389026685E+04
8.98200E+00        1.22241083234E+04
8.98800E+00        1.22093345692E+04
8.99400E+00        1.21945874445E+04
9.00000E+00        1.21798759848E+04
9.00600E+00        1.21651819173E+04
9.01200E+00        1.21505142892E+04
9.01800E+00        1.21358821037E+04
9.02400E+00        1.21212671544E+04
9.03000E+00        1.21066784560E+04
9.03600E+00        1.20921249798E+04
9.04200E+00        1.20775885852E+04
9.04800E+00        1.20630782548E+04
9.05400E+00        1.20486029278E+04
9.06000E+00        1.20341475197E+04
9.06600E+00        1.20197149968E+04
9.07200E+00        1.20053172603E+04
9.07800E+00        1.19909333214E+04
9.08400E+00        1.19765780612E+04
9.09000E+00        1.19622484358E+04
9.09600E+00        1.19479533104E+04
9.10200E+00        1.19336747623E+04
9.10800E+00        1.19194246293E+04
9.11400E+00        1.19052058183E+04
9.12000E+00        1.18910034363E+04
9.12600E+00        1.18768263280E+04
9.13200E+00        1.18626803483E+04
9.13800E+00        1.18485565461E+04
9.14400E+00        1.18344548918E+04
9.15000E+00        1.18203871044E+04
9.15600E+00        1.18063354538E+04
9.16200E+00        1.17923087222E+04
9.16800E+00        1.17783068510E+04
9.17400E+00        1.17643385704E+04
9.18000E+00        1.17503862348E+04
9.18600E+00        1.17364585851E+04
9.19200E+00        1.17225643206E+04
9.19800E+00        1.17086858589E+04
9.20400E+00        1.16948319101E+04
9.21000E+00        1.16810111429E+04
9.21600E+00        1.16672060375E+04
9.22200E+00        1.16534252735E+04
9.22800E+00        1.16396687939E+04
9.23400E+00        1.16259452272E+04
9.24000E+00        1.16122371364E+04
9.24600E+00        1.15985531605E+04
9.25200E+00        1.15849018977E+04
9.25800E+00        1.15712659731E+04
9.26400E+00        1.15576539953E+04
9.27000E+00        1.15440659086E+04
9.27600E+00        1.15305102711E+04
9.28200E+00        1.15169697901E+04
9.28800E+00        1.15034530340E+04
9.29400E+00        1.14899685311E+04
9.30000E+00        1.14764990498E+04
9.30600E+00        1.14630531288E+04
9.31200E+00        1.14496307134E+04
9.31800E+00        1.14362402923E+04
9.32400E+00        1.14228647151E+04
9.33000E+00        1.14095124806E+04
9.33600E+00        1.13961920482E+04
9.34200E+00        1.13828863277E+04
9.34800E+00        1.13696066136E+04
9.35400E+00        1.13563471990E+04
9.36000E+00        1.13431193325E+04
9.36600E+00        1.13299060039E+04
9.37200E+00        1.13167156435E+04
9.37800E+00        1.13035481986E+04
9.38400E+00        1.12904120504E+04
9.39000E+00        1.12772902683E+04
9.39600E+00        1.12641912438E+04
9.40200E+00        1.12511149247E+04
9.40800E+00        1.12380696536E+04
9.41400E+00        1.12250385790E+04
9.42000E+00        1.12120300538E+04
9.42600E+00        1.11990523919E+04
9.43200E+00        1.11860888007E+04
9.43800E+00        1.11731503802E+04
9.44400E+00        1.11602315238E+04
9.45000E+00        1.11473432868E+04
9.45600E+00        1.11344689544E+04
9.46200E+00        1.11216168125E+04
9.46800E+00        1.11087868104E+04
9.47400E+00        1.10959871863E+04
9.48000E+00        1.10832013028E+04
9.48600E+00        1.10704374080E+04
9.49200E+00        1.10576954517E+04
9.49800E+00        1.10449836345E+04
9.50400E+00        1.10322853960E+04
9.51000E+00        1.10196116845E+04
9.51600E+00        1.10069651936E+04
9.52200E+00        1.09943321612E+04
9.52800E+00        1.09817207696E+04
9.53400E+00        1.09691309698E+04
9.54000E+00        1.09565708971E+04
9.54600E+00        1.09440241245E+04
9.55200E+00        1.09314987971E+04
9.55800E+00        1.09189948663E+04
9.56400E+00        1.09065204306E+04
9.57000E+00        1.08940591384E+04
9.57600E+00        1.08816218016E+04
9.58200E+00        1.08692029617E+04
9.58800E+00        1.08568052776E+04
9.59400E+00        1.08444368020E+04
9.60000E+00        1.08320812770E+04
9.60600E+00        1.08197467649E+04
9.61200E+00        1.08074332182E+04
9.61800E+00        1.07951486536E+04
9.62400E+00        1.07828768873E+04
9.63000E+00        1.07706259451E+04
9.63600E+00        1.07583957804E+04
9.64200E+00        1.07461943734E+04
9.64800E+00        1.07340082812E+04
9.65400E+00        1.07218401568E+04
9.66000E+00        1.07096926237E+04
9.66600E+00        1.06975736265E+04
9.67200E+00        1.06854671286E+04
9.67800E+00        1.06733810839E+04
9.68400E+00        1.06613154465E+04
9.69000E+00        1.06492701709E+04
9.69600E+00        1.06372531571E+04
9.70200E+00        1.06252484594E+04
9.70800E+00        1.06132639871E+04
9.71400E+00        1.06013023290E+04
9.72000E+00        1.05893581692E+04
9.72600E+00        1.05774420007E+04
9.73200E+00        1.05655379679E+04
9.73800E+00        1.05536539359E+04
9.74400E+00        1.05417898603E+04
9.75000E+00        1.05299535619E+04
9.75600E+00        1.05181292569E+04
9.76200E+00        1.05063247752E+04
9.76800E+00        1.04945400729E+04
9.77400E+00        1.04827751060E+04
9.78000E+00        1.04710402536E+04
9.78600E+00        1.04593146145E+04
9.79200E+00        1.04476085798E+04
9.79800E+00        1.04359221059E+04
9.80400E+00        1.04242551496E+04
9.81000E+00        1.04126154454E+04
9.81600E+00        1.04009873860E+04
9.82200E+00        1.03893787148E+04
9.82800E+00        1.03777893891E+04
9.83400E+00        1.03662219415E+04
9.84000E+00        1.03546789100E+04
9.84600E+00        1.03431473530E+04
9.85200E+00        1.03316349712E+04
9.85800E+00        1.03201417223E+04
9.86400E+00        1.03086675641E+04
9.87000E+00        1.02972201460E+04
9.87600E+00        1.02857840347E+04
9.88200E+00        1.02743668883E+04
9.88800E+00        1.02629712149E+04
9.89400E+00        1.02515918706E+04
9.90000E+00        1.02402390154E+04
9.90600E+00        1.02288973016E+04
9.91200E+00        1.02175743454E+04
9.91800E+00        1.02062701057E+04
9.92400E+00        1.01949845414E+04
9.93000E+00        1.01837252182E+04
9.93600E+00        1.01724768738E+04
9.94200E+00        1.01612496068E+04
9.94800E+00        1.01500383251E+04
9.95400E+00        1.01388455154E+04
9.96000E+00        1.01276711373E+04
9.96600E+00        1.01165227070E+04
9.97200E+00        1.01053850632E+04
9.97800E+00        1.00942657307E+04
9.98400E+00        1.00831646695E+04
9.99000E+00        1.00720818398E+04
9.99600E+00        1.00610197014E+04
1.00020E+01        1.00499807195E+04
1.00080E+01        1.00389523355E+04
1.00140E+01        1.00279420248E+04
1.00200E+01        1.00169497482E+04
1.00260E+01        1.00059754665E+04
1.00320E+01        9.99502660600E+03
1.00380E+01        9.98408818875E+03
1.00440E+01        9.97317012717E+03
1.00500E+01        9.96226742446E+03
1.00560E+01        9.95138252236E+03
1.00620E+01        9.94051538232E+03
1.00680E+01        9.92967338252E+03
1.00740E+01        9.91884164330E+03
1.00800E+01        9.90802755114E+03
1.00860E+01        9.89723106793E+03
1.00920E+01        9.88645461173E+03
1.00980E+01        9.87569322972E+03
1.01040E+01        9.86495671109E+03
1.01100E+01        9.85423027366E+03
1.01160E+01        9.84352125605E+03
1.01220E+01        9.83282962075E+03
1.01280E+01        9.82215533032E+03
1.01340E+01        9.81149834746E+03
1.01400E+01        9.80086106977E+03
1.01460E+01        9.79024590018E+03
1.01520E+01        9.77964060650E+03
1.01580E+01        9.76905247210E+03
1.01640E+01        9.75848146017E+03
1.01700E+01        9.74792753397E+03
1.01760E+01        9.73739065687E+03
1.01820E+01        9.72687805732E+03
1.01880E+01        9.71637516108E+03
1.01940E+01        9.70589161585E+03
1.02000E+01        9.69542256039E+03
1.02060E+01        9.68497037235E+03
1.02120E+01        9.67453501569E+03
1.02180E+01        9.66411645446E+03
1.02240E+01        9.65372186308E+03
1.02300E+01        9.64333677746E+03
1.02360E+01        9.63296838000E+03
1.02420E+01        9.62261902560E+03
1.02480E+01        9.61228389524E+03
1.02540E+01        9.60196534660E+03
1.02600E+01        9.59166334439E+03
1.02660E+01        9.58137785340E+03
1.02720E+01        9.57111598706E+03
1.02780E+01        9.56086340565E+03
1.02840E+01        9.55062723044E+03
1.02900E+01        9.54040742661E+03
1.02960E+01        9.53020632693E+03
1.03020E+01        9.52001915920E+03
1.03080E+01        9.50984825892E+03
1.03140E+01        9.49970068676E+03
1.03200E+01        9.48956221050E+03
1.03260E+01        9.47943989859E+03
1.03320E+01        9.46933371684E+03
1.03380E+01        9.45924363114E+03
1.03440E+01        9.44916960748E+03
1.03500E+01        9.43911161196E+03
1.03560E+01        9.42907195308E+03
1.03620E+01        9.41905294473E+03
1.03680E+01        9.40904282096E+03
1.03740E+01        9.39904859053E+03
1.03800E+01        9.38907021995E+03
1.03860E+01        9.37910767585E+03
1.03920E+01        9.36916092492E+03
1.03980E+01        9.35922993393E+03
1.04040E+01        9.34931466976E+03
1.04100E+01        9.33941741944E+03
1.04160E+01        9.32954047531E+03
1.04220E+01        9.31967218385E+03
1.04280E+01        9.30981948756E+03
1.04340E+01        9.29998235375E+03
1.04400E+01        9.29016074980E+03
1.04460E+01        9.28035464318E+03
1.04520E+01        9.27056400144E+03
1.04580E+01        9.26078879223E+03
1.04640E+01        9.25102898327E+03
1.04700E+01        9.24128454237E+03
1.04760E+01        9.23156462532E+03
1.04820E+01        9.22185081461E+03
1.04880E+01        9.21215227589E+03
1.04940E+01        9.20246897730E+03
1.05000E+01        9.19280088708E+03
1.05060E+01        9.18314797351E+03
1.05120E+01        9.17351020500E+03
1.05180E+01        9.16388755001E+03
1.05240E+01        9.15427997708E+03
1.05300E+01        9.14469428458E+03
1.05360E+01        9.13511677461E+03
1.05420E+01        9.12555425287E+03
1.05480E+01        9.11600895275E+03
1.05540E+01        9.10647631178E+03
1.05600E+01        9.09695856591E+03
1.05660E+01        9.08745568425E+03
1.05720E+01        9.07796763599E+03
1.05780E+01        9.06849439040E+03
1.05840E+01        9.05903591685E+03
1.05900E+01        9.04959218475E+03
1.05960E+01        9.04016316363E+03
1.06020E+01        9.03074882307E+03
1.06080E+01        9.02135587023E+03
1.06140E+01        9.01197079286E+03
1.06200E+01        9.00260254161E+03
1.06260E+01        8.99324661142E+03
1.06320E+01        8.98390521093E+03
1.06380E+01        8.97457831018E+03
1.06440E+01        8.96526587930E+03
1.06500E+01        8.95596788851E+03
1.06560E+01        8.94668430809E+03
1.06620E+01        8.93741510840E+03
1.06680E+01        8.92816025987E+03
1.06740E+01        8.91891973302E+03
1.06800E+01        8.90969349842E+03
1.06860E+01        8.90048817390E+03
1.06920E+01        8.89129042902E+03
1.06980E+01        8.88210688862E+03
1.07040E+01        8.87293752359E+03
1.07100E+01        8.86378230490E+03
1.07160E+01        8.85464120357E+03
1.07220E+01        8.84551419071E+03
1.07280E+01        8.83640123750E+03
1.07340E+01        8.82730450793E+03
1.07400E+01        8.81821958561E+03
1.07460E+01        8.80914863692E+03
1.07520E+01        8.80009163336E+03
1.07580E+01        8.79104854645E+03
1.07640E+01        8.78201934782E+03
1.07700E+01        8.77300400915E+03
1.07760E+01        8.76400250222E+03
