exonoodle/wasp43b_ersspectra_bb_noLD/Noodles_2021-03-26/SED_13.dat
# %ECSV 0.9
# ---
# datatype:
# - {name: wavelength, unit: micron, datatype: float64}
# - {name: flux, unit: microJansky, datatype: float64}
# schema: astropy-2.0
#
#
#  - - File generated by ExoNoodle - -
#         V1.0.0 - MML (CEA-Saclay)
#       2021-03-25 15:37:33.308590
wavelength flux 
[from data line 433]
5.59800E+00        2.79673200230E+04
5.60400E+00        2.79146563652E+04
5.61000E+00        2.78667344506E+04
5.61600E+00        2.78163253025E+04
5.62200E+00        2.77644181895E+04
5.62800E+00        2.77164207573E+04
5.63400E+00        2.76664022034E+04
5.64000E+00        2.76126560097E+04
5.64600E+00        2.75672362861E+04
5.65200E+00        2.75177999374E+04
5.65800E+00        2.74677051596E+04
5.66400E+00        2.74193055201E+04
5.67000E+00        2.73702147616E+04
5.67600E+00        2.73207845122E+04
5.68200E+00        2.72719846852E+04
5.68800E+00        2.72238213530E+04
5.69400E+00        2.71739445677E+04
5.70000E+00        2.71266412744E+04
5.70600E+00        2.70785400566E+04
5.71200E+00        2.70303418473E+04
5.71800E+00        2.69823148371E+04
5.72400E+00        2.69344223663E+04
5.73000E+00        2.68865976014E+04
5.73600E+00        2.68385834823E+04
5.74200E+00        2.67914339306E+04
5.74800E+00        2.67439964552E+04
5.75400E+00        2.66966255467E+04
5.76000E+00        2.66495366229E+04
5.76600E+00        2.66025046952E+04
5.77200E+00        2.65552838207E+04
5.77800E+00        2.65087549012E+04
5.78400E+00        2.64620802755E+04
5.79000E+00        2.64155007434E+04
5.79600E+00        2.63690423528E+04
5.80200E+00        2.63227694508E+04
5.80800E+00        2.62765470433E+04
5.81400E+00        2.62275520717E+04
5.82000E+00        2.61845085415E+04
5.82600E+00        2.61386959916E+04
5.83200E+00        2.60929585042E+04
5.83800E+00        2.60473348041E+04
5.84400E+00        2.60018717244E+04
5.85000E+00        2.59564958124E+04
5.85600E+00        2.59111728197E+04
5.86200E+00        2.58661157461E+04
5.86800E+00        2.58210764350E+04
5.87400E+00        2.57738937622E+04
5.88000E+00        2.57313871063E+04
5.88600E+00        2.56867022485E+04
5.89200E+00        2.56421659972E+04
5.89800E+00        2.55976928912E+04
5.90400E+00        2.55510854337E+04
5.91000E+00        2.55091551842E+04
5.91600E+00        2.54649719052E+04
5.92200E+00        2.54210653374E+04
5.92800E+00        2.53771825462E+04
5.93400E+00        2.53334074393E+04
5.94000E+00        2.52897480138E+04
5.94600E+00        2.52461955429E+04
5.95200E+00        2.52027579979E+04
5.95800E+00        2.51594434914E+04
5.96400E+00        2.51161890164E+04
5.97000E+00        2.50731146722E+04
5.97600E+00        2.50301164525E+04
5.98200E+00        2.49872189101E+04
5.98800E+00        2.49444381948E+04
5.99400E+00        2.49017247800E+04
6.00000E+00        2.48581836832E+04
6.00600E+00        2.48167563323E+04
6.01200E+00        2.47744021858E+04
6.01800E+00        2.47321548356E+04
6.02400E+00        2.46900180042E+04
6.03000E+00        2.46480037174E+04
6.03600E+00        2.46060746058E+04
6.04200E+00        2.45642508900E+04
6.04800E+00        2.45225322232E+04
6.05400E+00        2.44809223007E+04
6.06000E+00        2.44394126909E+04
6.06600E+00        2.43980070987E+04
6.07200E+00        2.43567214536E+04
6.07800E+00        2.43155308732E+04
6.08400E+00        2.42744312450E+04
6.09000E+00        2.42334342918E+04
6.09600E+00        2.41925556491E+04
6.10200E+00        2.41517669991E+04
6.10800E+00        2.41108533714E+04
6.11400E+00        2.40705143946E+04
6.12000E+00        2.40300296923E+04
6.12600E+00        2.39896456574E+04
6.13200E+00        2.39493659148E+04
6.13800E+00        2.39091822262E+04
6.14400E+00        2.38690982257E+04
6.15000E+00        2.38290862466E+04
6.15600E+00        2.37892517388E+04
6.16200E+00        2.37490689399E+04
6.16800E+00        2.37097763119E+04
6.17400E+00        2.36701858805E+04
6.18000E+00        2.36306932135E+04
6.18600E+00        2.35912979946E+04
6.19200E+00        2.35520037958E+04
6.19800E+00        2.35128221102E+04
6.20400E+00        2.34737173117E+04
6.21000E+00        2.34347087091E+04
6.21600E+00        2.33957959922E+04
6.22200E+00        2.33569788522E+04
6.22800E+00        2.33182608301E+04
6.23400E+00        2.32796339162E+04
6.24000E+00        2.32411171850E+04
6.24600E+00        2.32026830863E+04
6.25200E+00        2.31643392032E+04
6.25800E+00        2.31260890696E+04
6.26400E+00        2.30879323852E+04
6.27000E+00        2.30498688507E+04
6.27600E+00        2.30119019659E+04
6.28200E+00        2.29740238319E+04
6.28800E+00        2.29362570637E+04
6.29400E+00        2.28985631222E+04
6.30000E+00        2.28609608521E+04
6.30600E+00        2.28234499611E+04
6.31200E+00        2.27860301579E+04
6.31800E+00        2.27487049070E+04
6.32400E+00        2.27114664046E+04
6.33000E+00        2.26743181235E+04
6.33600E+00        2.26372786343E+04
6.34200E+00        2.26002651480E+04
6.34800E+00        2.25634305429E+04
6.35400E+00        2.25266402612E+04
6.36000E+00        2.24899387787E+04
6.36600E+00        2.24533258144E+04
6.37200E+00        2.24168010884E+04
6.37800E+00        2.23803866581E+04
6.38400E+00        2.23440301614E+04
6.39000E+00        2.23077684563E+04
6.39600E+00        2.22716012314E+04
6.40200E+00        2.22355134978E+04
6.40800E+00        2.21995123449E+04
6.41400E+00        2.21635975003E+04
6.42000E+00        2.21277686924E+04
6.42600E+00        2.20920440535E+04
6.43200E+00        2.20563864792E+04
6.43800E+00        2.20208141336E+04
6.44400E+00        2.19853267494E+04
6.45000E+00        2.19499240601E+04
6.45600E+00        2.19146058007E+04
6.46200E+00        2.18793717068E+04
6.46800E+00        2.18442251201E+04
6.47400E+00        2.18091767296E+04
6.48000E+00        2.17741935220E+04
6.48600E+00        2.17392934330E+04
6.49200E+00        2.17044762035E+04
6.49800E+00        2.16697415753E+04
6.50400E+00        2.16350892910E+04
6.51000E+00        2.16005190944E+04
6.51600E+00        2.15660486944E+04
6.52200E+00        2.15316383262E+04
6.52800E+00        2.14973163896E+04
6.53400E+00        2.14630719721E+04
6.54000E+00        2.14289083756E+04
6.54600E+00        2.13948253496E+04
6.55200E+00        2.13608226446E+04
6.55800E+00        2.13269177769E+04
6.56400E+00        2.12930749410E+04
6.57000E+00        2.12593116833E+04
6.57600E+00        2.12256277580E+04
6.58200E+00        2.11920229204E+04
6.58800E+00        2.11584969265E+04
6.59400E+00        2.11250671300E+04
6.60000E+00        2.10916980678E+04
6.60600E+00        2.10584071232E+04
6.61200E+00        2.10251940561E+04
6.61800E+00        2.09920586271E+04
6.62400E+00        2.09590005978E+04
6.63000E+00        2.09260371612E+04
6.63600E+00        2.08931331922E+04
6.64200E+00        2.08603059130E+04
6.64800E+00        2.08275585259E+04
6.65400E+00        2.07948839174E+04
6.66000E+00        2.07623025910E+04
6.66600E+00        2.07297796992E+04
6.67200E+00        2.06973323319E+04
6.67800E+00        2.06649602586E+04
6.68400E+00        2.06326632498E+04
6.69000E+00        2.06004410766E+04
6.69600E+00        2.05683072493E+04
6.70200E+00        2.05362374321E+04
6.70800E+00        2.05042383753E+04
6.71400E+00        2.04723132478E+04
6.72000E+00        2.04404788508E+04
6.72600E+00        2.04087008827E+04
6.73200E+00        2.03769961728E+04
6.73800E+00        2.03453644992E+04
6.74400E+00        2.03138056408E+04
6.75000E+00        2.02823362711E+04
6.75600E+00        2.02509223564E+04
6.76200E+00        2.02195805984E+04
6.76800E+00        2.01883107790E+04
6.77400E+00        2.01571294707E+04
6.78000E+00        2.01259995310E+04
6.78600E+00        2.00949475235E+04
6.79200E+00        2.00639632699E+04
6.79800E+00        2.00330632579E+04
6.80400E+00        2.00022204930E+04
6.81000E+00        1.99714514596E+04
6.81600E+00        1.99407493498E+04
6.82200E+00        1.99101305517E+04
6.82800E+00        1.98795682386E+04
6.83400E+00        1.98490755199E+04
6.84000E+00        1.98186686946E+04
6.84600E+00        1.97883145149E+04
6.85200E+00        1.97580293066E+04
6.85800E+00        1.97278128636E+04
6.86400E+00        1.96976813871E+04
6.87000E+00        1.96676018343E+04
6.87600E+00        1.96375904329E+04
6.88200E+00        1.96076469799E+04
6.88800E+00        1.95777875794E+04
6.89400E+00        1.95479793917E+04
6.90000E+00        1.95182385475E+04
6.90600E+00        1.94885810787E+04
6.91200E+00        1.94589742969E+04
6.91800E+00        1.94294342602E+04
6.92400E+00        1.93999607707E+04
6.93000E+00        1.93705697649E+04
6.93600E+00        1.93412287541E+04
6.94200E+00        1.93119537009E+04
6.94800E+00        1.92827604709E+04
6.95400E+00        1.92536167239E+04
6.96000E+00        1.92245383513E+04
6.96600E+00        1.91955219926E+04
6.97200E+00        1.91665897591E+04
6.97800E+00        1.91377063352E+04
6.98400E+00        1.91088875179E+04
6.99000E+00        1.90801490088E+04
6.99600E+00        1.90514588109E+04
7.00200E+00        1.90228326511E+04
7.00800E+00        1.89942861615E+04
7.01400E+00        1.89657874904E+04
7.02000E+00        1.89373522951E+04
7.02600E+00        1.89089803894E+04
7.03200E+00        1.88806873133E+04
7.03800E+00        1.88524414076E+04
7.04400E+00        1.88242582372E+04
7.05000E+00        1.87961532737E+04
7.05600E+00        1.87680950009E+04
7.06200E+00        1.87400958228E+04
7.06800E+00        1.87121773321E+04
7.07400E+00        1.86843050578E+04
7.08000E+00        1.86564944281E+04
7.08600E+00        1.86287607789E+04
7.09200E+00        1.86010728773E+04
7.09800E+00        1.85734460836E+04
7.10400E+00        1.85458956666E+04
7.11000E+00        1.85183905336E+04
7.11600E+00        1.84909459777E+04
7.12200E+00        1.84635772009E+04
7.12800E+00        1.84362502078E+04
7.13400E+00        1.84089863131E+04
7.14000E+00        1.83817822964E+04
7.14600E+00        1.83546532714E+04
7.15200E+00        1.83275684692E+04
7.15800E+00        1.83005430272E+04
7.16400E+00        1.82735919934E+04
7.17000E+00        1.82466847360E+04
7.17600E+00        1.82198363266E+04
7.18200E+00        1.81930587459E+04
7.18800E+00        1.81663275066E+04
7.19400E+00        1.81396546086E+04
7.20000E+00        1.81130549695E+04
7.20600E+00        1.80864982290E+04
7.21200E+00        1.80599993283E+04
7.21800E+00        1.80335731207E+04
7.22400E+00        1.80071893802E+04
7.23000E+00        1.79808600164E+04
7.23600E+00        1.79545908033E+04
7.24200E+00        1.79283935376E+04
7.24800E+00        1.79022381711E+04
7.25400E+00        1.78761394949E+04
7.26000E+00        1.78501122133E+04
7.26600E+00        1.78241264108E+04
7.27200E+00        1.77981968144E+04
7.27800E+00        1.77723380656E+04
7.28400E+00        1.77465174519E+04
7.29000E+00        1.77207554980E+04
7.29600E+00        1.76950491128E+04
7.30200E+00        1.76694128541E+04
7.30800E+00        1.76438171118E+04
7.31400E+00        1.76182764659E+04
7.32000E+00        1.75928025093E+04
7.32600E+00        1.75673715711E+04
7.33200E+00        1.75419952620E+04
7.33800E+00        1.75166734276E+04
7.34400E+00        1.74914204807E+04
7.35000E+00        1.74662071123E+04
7.35600E+00        1.74410448799E+04
7.36200E+00        1.74159538950E+04
7.36800E+00        1.73909020939E+04
7.37400E+00        1.73659038505E+04
7.38000E+00        1.73409590138E+04
7.38600E+00        1.73160818546E+04
7.39200E+00        1.72912405070E+04
7.39800E+00        1.72664549735E+04
7.40400E+00        1.72417222482E+04
7.41000E+00        1.72170565212E+04
7.41600E+00        1.71924289471E+04
7.42200E+00        1.71678509051E+04
7.42800E+00        1.71433279176E+04
7.43400E+00        1.71188712584E+04
7.44000E+00        1.70944522478E+04
7.44600E+00        1.70700850176E+04
7.45200E+00        1.70457666107E+04
7.45800E+00        1.70215166872E+04
7.46400E+00        1.69973039154E+04
7.47000E+00        1.69731423479E+04
7.47600E+00        1.69490290454E+04
7.48200E+00        1.69249694625E+04
7.48800E+00        1.69009747320E+04
7.49400E+00        1.68770165423E+04
7.50000E+00        1.68531088478E+04
7.50600E+00        1.68292487313E+04
7.51200E+00        1.68054556058E+04
7.51800E+00        1.67816985404E+04
7.52400E+00        1.67579914115E+04
7.53000E+00        1.67343313196E+04
7.53600E+00        1.67107236527E+04
7.54200E+00        1.66871794052E+04
7.54800E+00        1.66636706268E+04
7.55400E+00        1.66402083518E+04
7.56000E+00        1.66167979389E+04
7.56600E+00        1.65934503220E+04
7.57200E+00        1.65701377089E+04
7.57800E+00        1.65468710730E+04
7.58400E+00        1.65236557441E+04
7.59000E+00        1.65004888543E+04
7.59600E+00        1.64773702704E+04
7.60200E+00        1.64543108474E+04
7.60800E+00        1.64312884615E+04
7.61400E+00        1.64083139842E+04
7.62000E+00        1.63853872838E+04
7.62600E+00        1.63625055296E+04
7.63200E+00        1.63396876013E+04
7.63800E+00        1.63169034317E+04
7.64400E+00        1.62941665173E+04
7.65000E+00        1.62714740442E+04
7.65600E+00        1.62488312564E+04
7.66200E+00        1.62262353371E+04
7.66800E+00        1.62036969788E+04
7.67400E+00        1.61811943978E+04
7.68000E+00        1.61587383024E+04
7.68600E+00        1.61363285660E+04
7.69200E+00        1.61139624037E+04
7.69800E+00        1.60916450104E+04
7.70400E+00        1.60693869804E+04
7.71000E+00        1.60471587585E+04
7.71600E+00        1.60249789194E+04
7.72200E+00        1.60028446878E+04
7.72800E+00        1.59807533032E+04
7.73400E+00        1.59587099191E+04
7.74000E+00        1.59367250436E+04
7.74600E+00        1.59147693674E+04
7.75200E+00        1.58928613132E+04
7.75800E+00        1.58709981298E+04
7.76400E+00        1.58491770811E+04
7.77000E+00        1.58274032795E+04
7.77600E+00        1.58056739859E+04
7.78200E+00        1.57839996204E+04
7.78800E+00        1.57623589686E+04
7.79400E+00        1.57407624657E+04
7.80000E+00        1.57192073995E+04
7.80600E+00        1.56976988418E+04
7.81200E+00        1.56762340774E+04
7.81800E+00        1.56548104060E+04
7.82400E+00        1.56334458977E+04
7.83000E+00        1.56121117943E+04
7.83600E+00        1.55908184436E+04
7.84200E+00        1.55695708772E+04
7.84800E+00        1.55483664036E+04
7.85400E+00        1.55272023457E+04
7.86000E+00        1.55060837153E+04
7.86600E+00        1.54850207275E+04
7.87200E+00        1.54639849095E+04
7.87800E+00        1.54429941658E+04
7.88400E+00        1.54220432838E+04
7.89000E+00        1.54011372425E+04
7.89600E+00        1.53802733813E+04
7.90200E+00        1.53594490538E+04
7.90800E+00        1.53386819924E+04
7.91400E+00        1.53179439848E+04
7.92000E+00        1.52972451862E+04
7.92600E+00        1.52765905366E+04
7.93200E+00        1.52559748814E+04
7.93800E+00        1.52354031476E+04
7.94400E+00        1.52148727050E+04
7.95000E+00        1.51943809374E+04
7.95600E+00        1.51739327525E+04
7.96200E+00        1.51535381501E+04
7.96800E+00        1.51331692710E+04
7.97400E+00        1.51128436392E+04
7.98000E+00        1.50925561573E+04
7.98600E+00        1.50723117011E+04
7.99200E+00        1.50521051870E+04
7.99800E+00        1.50319414782E+04
8.00400E+00        1.50118179818E+04
8.01000E+00        1.49917321187E+04
8.01600E+00        1.49716887330E+04
8.02200E+00        1.49516952267E+04
8.02800E+00        1.49317315139E+04
8.03400E+00        1.49118074873E+04
8.04000E+00        1.48919205859E+04
8.04600E+00        1.48720756225E+04
8.05200E+00        1.48522675833E+04
8.05800E+00        1.48325012688E+04
8.06400E+00        1.48127716788E+04
8.07000E+00        1.47930836016E+04
8.07600E+00        1.47734344879E+04
8.08200E+00        1.47538218019E+04
8.08800E+00        1.47342503131E+04
8.09400E+00        1.47147273085E+04
8.10000E+00        1.46952330234E+04
8.10600E+00        1.46757747745E+04
8.11200E+00        1.46563573070E+04
8.11800E+00        1.46369756820E+04
8.12400E+00        1.46176346323E+04
8.13000E+00        1.45983316409E+04
8.13600E+00        1.45790642036E+04
8.14200E+00        1.45598370352E+04
8.14800E+00        1.45406452302E+04
8.15400E+00        1.45214934915E+04
8.16000E+00        1.45023769267E+04
8.16600E+00        1.44833122867E+04
8.17200E+00        1.44642705567E+04
8.17800E+00        1.44452684913E+04
